Wood-Saxon orbitals: potentials
        r                vc              vls              vem 
 0.16666667E+00  -0.72624397E+02  -0.55863946E+02   0.00000000E+00
 0.33333333E+00  -0.71466342E+02  -0.34867484E+02   0.00000000E+00
 0.50000000E+00  -0.70020122E+02  -0.28730385E+02   0.00000000E+00
 0.66666667E+00  -0.68231646E+02  -0.26308414E+02   0.00000000E+00
 0.83333333E+00  -0.66046527E+02  -0.25315437E+02   0.00000000E+00
 0.10000000E+01  -0.63415942E+02  -0.24923163E+02   0.00000000E+00
 0.11666667E+01  -0.60304806E+02  -0.24708463E+02   0.00000000E+00
 0.13333333E+01  -0.56701666E+02  -0.24400568E+02   0.00000000E+00
 0.15000000E+01  -0.52628651E+02  -0.23811728E+02   0.00000000E+00
 0.16666667E+01  -0.48148735E+02  -0.22824887E+02   0.00000000E+00
 0.18333333E+01  -0.43367138E+02  -0.21397991E+02   0.00000000E+00
 0.20000000E+01  -0.38424477E+02  -0.19565417E+02   0.00000000E+00
 0.21666667E+01  -0.33481688E+02  -0.17426710E+02   0.00000000E+00
 0.23333333E+01  -0.28699722E+02  -0.15121840E+02   0.00000000E+00
 0.25000000E+01  -0.24219243E+02  -0.12799871E+02   0.00000000E+00
 0.26666667E+01  -0.20145532E+02  -0.10590933E+02   0.00000000E+00
 0.28333333E+01  -0.16541633E+02  -0.85888258E+01   0.00000000E+00
 0.30000000E+01  -0.13429731E+02  -0.68461327E+01   0.00000000E+00
 0.31666667E+01  -0.10798418E+02  -0.53790167E+01   0.00000000E+00
 0.33333333E+01  -0.86126402E+01  -0.41769606E+01   0.00000000E+00
 0.35000000E+01  -0.68235867E+01  -0.32132759E+01   0.00000000E+00
 0.36666667E+01  -0.53768758E+01  -0.24538820E+01   0.00000000E+00
 0.38333333E+01  -0.42184115E+01  -0.18634662E+01   0.00000000E+00
 0.40000000E+01  -0.32980233E+01  -0.14091639E+01   0.00000000E+00
 0.41666667E+01  -0.25713385E+01  -0.10623429E+01   0.00000000E+00
 0.43333333E+01  -0.20004158E+01  -0.79913571E+00   0.00000000E+00
 0.45000000E+01  -0.15536052E+01  -0.60025228E+00   0.00000000E+00
 0.46666667E+01  -0.12049869E+01  -0.45044356E+00   0.00000000E+00
 0.48333333E+01  -0.93362609E+00  -0.33784751E+00   0.00000000E+00
 0.50000000E+01  -0.72279123E+00  -0.25334443E+00   0.00000000E+00
 0.51666667E+01  -0.55921711E+00  -0.18998284E+00   0.00000000E+00
 0.53333333E+01  -0.43245097E+00  -0.14249676E+00   0.00000000E+00
 0.55000000E+01  -0.33429488E+00  -0.10691475E+00   0.00000000E+00
 0.56666667E+01  -0.25834257E+00  -0.80251072E-01   0.00000000E+00
 0.58333333E+01  -0.19960171E+00  -0.60265809E-01   0.00000000E+00
 0.60000000E+01  -0.15419022E+00  -0.45280918E-01   0.00000000E+00
 0.61666667E+01  -0.11909426E+00  -0.34040330E-01   0.00000000E+00
 0.63333333E+01  -0.91977080E-01  -0.25604228E-01   0.00000000E+00
 0.65000000E+01  -0.71028632E-01  -0.19269490E-01   0.00000000E+00
 0.66666667E+01  -0.54847935E-01  -0.14510015E-01   0.00000000E+00
 0.68333333E+01  -0.42351253E-01  -0.10932037E-01   0.00000000E+00
 0.70000000E+01  -0.32700631E-01  -0.82407167E-02   0.00000000E+00
 0.71666667E+01  -0.25248384E-01  -0.62151803E-02   0.00000000E+00
 0.73333333E+01  -0.19494021E-01  -0.46898707E-02   0.00000000E+00
 0.75000000E+01  -0.15050878E-01  -0.35406224E-02   0.00000000E+00
 0.76666667E+01  -0.11620279E-01  -0.26742563E-02   0.00000000E+00
 0.78333333E+01  -0.89715364E-02  -0.20208036E-02   0.00000000E+00
 0.80000000E+01  -0.69264976E-02  -0.15276925E-02   0.00000000E+00
 0.81666667E+01  -0.53475878E-02  -0.11553985E-02   0.00000000E+00
 0.83333333E+01  -0.41285744E-02  -0.87418840E-03   0.00000000E+00
 0.85000000E+01  -0.31874307E-02  -0.66168203E-03   0.00000000E+00
 0.86666667E+01  -0.24608218E-02  -0.50102403E-03   0.00000000E+00
 0.88333333E+01  -0.18998470E-02  -0.37951313E-03   0.00000000E+00
 0.90000000E+01  -0.14667510E-02  -0.28757322E-03   0.00000000E+00
 0.91666667E+01  -0.11323837E-02  -0.21798071E-03   0.00000000E+00
 0.93333333E+01  -0.87423936E-03  -0.16528390E-03   0.00000000E+00
 0.95000000E+01  -0.67494252E-03  -0.12536635E-03   0.00000000E+00
 0.96666667E+01  -0.52107828E-03  -0.95118423E-04   0.00000000E+00
 0.98333333E+01  -0.40228973E-03  -0.72190007E-04   0.00000000E+00
 0.10000000E+02  -0.31058092E-03  -0.54804226E-04   0.00000000E+00
 0.10166667E+02  -0.23977863E-03  -0.41617066E-04   0.00000000E+00
 0.10333333E+02  -0.18511691E-03  -0.31611525E-04   0.00000000E+00
 0.10500000E+02  -0.14291626E-03  -0.24017749E-04   0.00000000E+00
 0.10666667E+02  -0.11033597E-03  -0.18252758E-04   0.00000000E+00
 0.10833333E+02  -0.85182931E-04  -0.13874926E-04   0.00000000E+00
 0.11000000E+02  -0.65763966E-04  -0.10549590E-04   0.00000000E+00
 0.11166667E+02  -0.50771897E-04  -0.80230625E-05   0.00000000E+00
 0.11333333E+02  -0.39197535E-04  -0.61029735E-05   0.00000000E+00
 0.11500000E+02  -0.30261756E-04  -0.46434065E-05   0.00000000E+00
 0.11666667E+02  -0.23363046E-04  -0.35336467E-05   0.00000000E+00
 0.11833333E+02  -0.18037021E-04  -0.26896649E-05   0.00000000E+00
 0.12000000E+02  -0.13925158E-04  -0.20476672E-05   0.00000000E+00
 0.12166667E+02  -0.10750668E-04  -0.15592091E-05   0.00000000E+00
 0.12333333E+02  -0.82998602E-05  -0.11874924E-05   0.00000000E+00
 0.12500000E+02  -0.64077579E-05  -0.90455838E-06   0.00000000E+00
 0.12666667E+02  -0.49469943E-05  -0.68915926E-06   0.00000000E+00
 0.12833333E+02  -0.38192380E-05  -0.52514324E-06   0.00000000E+00
 0.13000000E+02  -0.29485740E-05  -0.40022961E-06   0.00000000E+00
 0.13166667E+02  -0.22763936E-05  -0.30507881E-06   0.00000000E+00
 0.13333333E+02  -0.17574487E-05  -0.23258648E-06   0.00000000E+00
 0.13500000E+02  -0.13568067E-05  -0.17734736E-06   0.00000000E+00
 0.13666667E+02  -0.10474982E-05  -0.13524811E-06   0.00000000E+00
 0.13833333E+02  -0.80870213E-06  -0.10315785E-06   0.00000000E+00
 0.14000000E+02  -0.62434393E-06  -0.78693054E-07   0.00000000E+00
 0.14166667E+02  -0.48201350E-06  -0.60038809E-07   0.00000000E+00
 0.14333333E+02  -0.37212985E-06  -0.45812907E-07   0.00000000E+00
 0.14500000E+02  -0.28729616E-06  -0.34962490E-07   0.00000000E+00
 0.14666667E+02  -0.22180183E-06  -0.26685433E-07   0.00000000E+00
 0.14833333E+02  -0.17123811E-06  -0.20370525E-07   0.00000000E+00
 0.15000000E+02  -0.13220130E-06  -0.15551956E-07   0.00000000E+00
 0.15166667E+02  -0.10206364E-06  -0.11874667E-07   0.00000000E+00
 0.15333333E+02  -0.78796396E-07  -0.90679752E-08   0.00000000E+00
 0.15500000E+02  -0.60833340E-07  -0.69254900E-08   0.00000000E+00
 0.15666667E+02  -0.46965286E-07  -0.52898202E-08   0.00000000E+00
 0.15833333E+02  -0.36258704E-07  -0.40409220E-08   0.00000000E+00
 0.16000000E+02  -0.27992880E-07  -0.30872240E-08   0.00000000E+00
 0.16166667E+02  -0.21611399E-07  -0.23588643E-08   0.00000000E+00
 0.16333333E+02  -0.16684692E-07  -0.18025359E-08   0.00000000E+00
 0.16500000E+02  -0.12881116E-07  -0.13775587E-08   0.00000000E+00
 0.16666667E+02  -0.99446342E-08  -0.10528842E-08   0.00000000E+00
 0.16833333E+02  -0.76775759E-08  -0.80481218E-09   0.00000000E+00
 0.17000000E+02  -0.59273344E-08  -0.61524919E-09   0.00000000E+00
 0.17166667E+02  -0.45760919E-08  -0.47038049E-09   0.00000000E+00
 0.17333333E+02  -0.35328894E-08  -0.35965698E-09   0.00000000E+00
 0.17500000E+02  -0.27275037E-08  -0.27502226E-09   0.00000000E+00
 0.17666667E+02  -0.21057202E-08  -0.21032291E-09   0.00000000E+00
 0.17833333E+02  -0.16256834E-08  -0.16085849E-09   0.00000000E+00
 0.18000000E+02  -0.12550796E-08  -0.12303801E-09   0.00000000E+00
 0.18166667E+02  -0.96896162E-09  -0.94117823E-10   0.00000000E+00
 0.18333333E+02  -0.74806939E-09  -0.72001409E-10   0.00000000E+00
 0.18500000E+02  -0.57753351E-09  -0.55086605E-10   0.00000000E+00
 0.18666667E+02  -0.44587436E-09  -0.42148903E-10   0.00000000E+00
 0.18833333E+02  -0.34422928E-09  -0.32252335E-10   0.00000000E+00
 0.19000000E+02  -0.26575602E-09  -0.24681415E-10   0.00000000E+00
 0.19166667E+02  -0.20517215E-09  -0.18889148E-10   0.00000000E+00
 0.19333333E+02  -0.15839947E-09  -0.14457311E-10   0.00000000E+00
 0.19500000E+02  -0.12228946E-09  -0.11066110E-10   0.00000000E+00
 0.19666667E+02  -0.94411379E-10  -0.84709892E-11   0.00000000E+00
 0.19833333E+02  -0.72888607E-10  -0.64849179E-11   0.00000000E+00
 0.20000000E+02  -0.56272337E-10  -0.49648428E-11   0.00000000E+00
 0.20166667E+02  -0.43444046E-10  -0.38013398E-11   0.00000000E+00
 0.20333333E+02  -0.33540194E-10  -0.29107006E-11   0.00000000E+00
 0.20500000E+02  -0.25894103E-10  -0.22288845E-11   0.00000000E+00
 0.20666667E+02  -0.19991077E-10  -0.17068930E-11   0.00000000E+00
 0.20833333E+02  -0.15433751E-10  -0.13072338E-11   0.00000000E+00
 0.21000000E+02  -0.11915350E-10  -0.10012166E-11   0.00000000E+00
 0.21166667E+02  -0.91990315E-11  -0.76688489E-12   0.00000000E+00
 0.21333333E+02  -0.71019468E-11  -0.58743421E-12   0.00000000E+00
 0.21500000E+02  -0.54829302E-11  -0.45000237E-12   0.00000000E+00
 0.21666667E+02  -0.42329976E-11  -0.34474380E-12   0.00000000E+00
 0.21833333E+02  -0.32680097E-11  -0.26412155E-12   0.00000000E+00
 0.22000000E+02  -0.25230081E-11  -0.20236551E-12   0.00000000E+00
 0.22166667E+02  -0.19478430E-11  -0.15505797E-12   0.00000000E+00
 0.22333333E+02  -0.15037971E-11  -0.11881636E-12   0.00000000E+00
 0.22500000E+02  -0.11609795E-11  -0.91050553E-13   0.00000000E+00
 0.22666667E+02  -0.89631336E-12  -0.69777074E-13   0.00000000E+00
 0.22833333E+02  -0.69198260E-12  -0.53476922E-13   0.00000000E+00
 0.23000000E+02  -0.53423272E-12  -0.40986723E-13   0.00000000E+00
 0.23166667E+02  -0.41244476E-12  -0.31415414E-13   0.00000000E+00
 0.23333333E+02  -0.31842056E-12  -0.24080464E-13   0.00000000E+00
 0.23500000E+02  -0.24583086E-12  -0.18459039E-13   0.00000000E+00
 0.23666667E+02  -0.18978930E-12  -0.14150610E-13   0.00000000E+00
 0.23833333E+02  -0.14652341E-12  -0.10848327E-13   0.00000000E+00
 0.24000000E+02  -0.11312076E-12  -0.83170944E-14   0.00000000E+00
 0.24166667E+02  -0.87332850E-13  -0.63767799E-14   0.00000000E+00
 0.24333333E+02  -0.67423756E-13  -0.48893585E-14   0.00000000E+00
 0.24500000E+02  -0.52053298E-13  -0.37490627E-14   0.00000000E+00
 0.24666667E+02  -0.40186812E-13  -0.28748397E-14   0.00000000E+00
 0.24833333E+02  -0.31025505E-13  -0.22045725E-14   0.00000000E+00
 0.25000000E+02  -0.23952683E-13  -0.16906539E-14   0.00000000E+00
 0.25166667E+02  -0.18492238E-13  -0.12965949E-14   0.00000000E+00
 0.25333333E+02  -0.14276600E-13  -0.99442719E-15   0.00000000E+00
 0.25500000E+02  -0.11021992E-13  -0.76271178E-15   0.00000000E+00
 0.25666667E+02  -0.85093306E-14  -0.58501429E-15   0.00000000E+00
 0.25833333E+02  -0.65694756E-14  -0.44873589E-15   0.00000000E+00
 0.26000000E+02  -0.50718455E-14  -0.34421771E-15   0.00000000E+00
 0.26166667E+02  -0.39156270E-14  -0.26405443E-15   0.00000000E+00
 0.26333333E+02  -0.30229894E-14  -0.20256823E-15   0.00000000E+00
 0.26500000E+02  -0.23338446E-14  -0.15540558E-15   0.00000000E+00
 0.26666667E+02  -0.18018027E-14  -0.11922822E-15   0.00000000E+00
 0.26833333E+02  -0.13910494E-14  -0.91476274E-16   0.00000000E+00
 0.27000000E+02  -0.10739347E-14  -0.70186670E-16   0.00000000E+00
 0.27166667E+02  -0.82911193E-15  -0.53853924E-16   0.00000000E+00
 0.27333333E+02  -0.64010095E-15  -0.41323435E-16   0.00000000E+00
 0.27500000E+02  -0.49417842E-15  -0.31709663E-16   0.00000000E+00
 0.27666667E+02  -0.38152156E-15  -0.24333400E-16   0.00000000E+00
 0.27833333E+02  -0.29454686E-15  -0.18673672E-16   0.00000000E+00
 0.28000000E+02  -0.22739960E-15  -0.14330859E-16   0.00000000E+00
 0.28166667E+02  -0.17555977E-15  -0.10998415E-16   0.00000000E+00
 0.28333333E+02  -0.13553776E-15  -0.84411805E-17   0.00000000E+00
 0.28500000E+02  -0.10463949E-15  -0.64787512E-17   0.00000000E+00
 0.28666667E+02  -0.80785037E-16  -0.49727231E-17   0.00000000E+00
 0.28833333E+02  -0.62368634E-16  -0.38169101E-17   0.00000000E+00
 0.29000000E+02  -0.48150582E-16  -0.29298412E-17   0.00000000E+00
 0.29166667E+02  -0.37173791E-16  -0.22490059E-17   0.00000000E+00
 0.29333333E+02  -0.28699356E-16  -0.17264392E-17   0.00000000E+00
 0.29500000E+02  -0.22156822E-16  -0.13253360E-17   0.00000000E+00
 0.29666667E+02  -0.17105776E-16  -0.10174535E-17   0.00000000E+00
 0.29833333E+02  -0.13206206E-16  -0.78111835E-18   0.00000000E+00
 0.30000000E+02  -0.10195614E-16  -0.59969810E-18   0.00000000E+00
 0.30166667E+02  -0.78713404E-17  -0.46042820E-18   0.00000000E+00
 0.30333333E+02  -0.60769267E-17  -0.35351220E-18   0.00000000E+00
 0.30500000E+02  -0.46915819E-17  -0.27143135E-18   0.00000000E+00
 0.30666667E+02  -0.36220514E-17  -0.20841481E-18   0.00000000E+00
 0.30833333E+02  -0.27963396E-17  -0.16003316E-18   0.00000000E+00
 0.31000000E+02  -0.21588637E-17  -0.12288647E-18   0.00000000E+00
 0.31166667E+02  -0.16667119E-17  -0.94364952E-19   0.00000000E+00
 0.31333333E+02  -0.12867549E-17  -0.72465249E-19   0.00000000E+00
 0.31500000E+02  -0.99341600E-18  -0.55649484E-19   0.00000000E+00
 0.31666667E+02  -0.76694895E-18  -0.42737061E-19   0.00000000E+00
 0.31833333E+02  -0.59210914E-18  -0.32821633E-19   0.00000000E+00
 0.32000000E+02  -0.45712721E-18  -0.25207376E-19   0.00000000E+00
 0.32166667E+02  -0.35291684E-18  -0.19360067E-19   0.00000000E+00
 0.32333333E+02  -0.27246309E-18  -0.14869547E-19   0.00000000E+00
 0.32500000E+02  -0.21035023E-18  -0.11420896E-19   0.00000000E+00
 0.32666667E+02  -0.16239711E-18  -0.87723111E-20   0.00000000E+00
 0.32833333E+02  -0.12537577E-18  -0.67381267E-20   0.00000000E+00
 0.33000000E+02  -0.96794106E-19  -0.51757765E-20   0.00000000E+00
 0.33166667E+02  -0.74728148E-19  -0.39757854E-20   0.00000000E+00
 0.33333333E+02  -0.57692522E-19  -0.30540865E-20   0.00000000E+00
 0.33500000E+02  -0.44540474E-19  -0.23461219E-20   0.00000000E+00
 0.33666667E+02  -0.34386672E-19  -0.18023145E-20   0.00000000E+00
 0.33833333E+02  -0.26547611E-19  -0.13845901E-20   0.00000000E+00
 0.34000000E+02  -0.20495606E-19  -0.10637079E-20   0.00000000E+00
 0.34166667E+02  -0.15823264E-19  -0.81721061E-21   0.00000000E+00
 0.34333333E+02  -0.12216066E-19  -0.62785007E-21   0.00000000E+00
 0.34500000E+02  -0.94311940E-20  -0.48237871E-21   0.00000000E+00
 0.34666667E+02  -0.72811836E-20  -0.37062136E-21   0.00000000E+00
 0.34833333E+02  -0.56213068E-20  -0.28476250E-21   0.00000000E+00
 0.35000000E+02  -0.43398288E-20  -0.21879888E-21   0.00000000E+00
 0.35166667E+02  -0.33504868E-20  -0.16811917E-21   0.00000000E+00
 0.35333333E+02  -0.25866830E-20  -0.12918115E-21   0.00000000E+00
 0.35500000E+02  -0.19970021E-20  -0.99263758E-22   0.00000000E+00
 0.35666667E+02  -0.15417495E-20  -0.76276692E-22   0.00000000E+00
 0.35833333E+02  -0.11902800E-20  -0.58614150E-22   0.00000000E+00
 0.36000000E+02  -0.91893426E-21  -0.45042500E-22   0.00000000E+00
 0.36166667E+02  -0.70944666E-21  -0.34614002E-22   0.00000000E+00
 0.36333333E+02  -0.54771553E-21  -0.26600534E-22   0.00000000E+00
 0.36500000E+02  -0.42285392E-21  -0.20442690E-22   0.00000000E+00
 0.36666667E+02  -0.32645676E-21  -0.15710673E-22   0.00000000E+00
 0.36833333E+02  -0.25203507E-21  -0.12074259E-22   0.00000000E+00
 0.37000000E+02  -0.19457914E-21  -0.92797250E-23   0.00000000E+00
 0.37166667E+02  -0.15022133E-21  -0.71321181E-23   0.00000000E+00
 0.37333333E+02  -0.11597567E-21  -0.54816421E-23   0.00000000E+00
 0.37500000E+02  -0.89536931E-22  -0.42131943E-23   0.00000000E+00
 0.37666667E+02  -0.69125377E-22  -0.32383283E-23   0.00000000E+00
 0.37833333E+02  -0.53367004E-22  -0.24890794E-23   0.00000000E+00
 0.38000000E+02  -0.41201035E-22  -0.19132207E-23   0.00000000E+00
 0.38166667E+02  -0.31808518E-22  -0.14706176E-23   0.00000000E+00
 0.38333333E+02  -0.24557194E-22  -0.11304275E-23   0.00000000E+00
 0.38500000E+02  -0.18958940E-22  -0.86894815E-24   0.00000000E+00
 0.38666667E+02  -0.14636908E-22  -0.66796417E-24   0.00000000E+00
 0.38833333E+02  -0.11300162E-22  -0.51347646E-24   0.00000000E+00
 0.39000000E+02  -0.87240867E-23  -0.39472616E-24   0.00000000E+00
 0.39166667E+02  -0.67352742E-23  -0.30344446E-24   0.00000000E+00
 0.39333333E+02  -0.51998472E-23  -0.23327617E-24   0.00000000E+00
 0.39500000E+02  -0.40144485E-23  -0.17933677E-24   0.00000000E+00
 0.39666667E+02  -0.30992828E-23  -0.13787199E-24   0.00000000E+00
 0.39833333E+02  -0.23927455E-23  -0.10599623E-24   0.00000000E+00
 0.40000000E+02  -0.18472761E-23  -0.81491510E-25   0.00000000E+00

Wood-Saxon orbitals: potentials
        r                vc              vls              vem 
 0.16666667E+00  -0.72624397E+02  -0.55863946E+02   0.00000000E+00
 0.33333333E+00  -0.71466342E+02  -0.34867484E+02   0.00000000E+00
 0.50000000E+00  -0.70020122E+02  -0.28730385E+02   0.00000000E+00
 0.66666667E+00  -0.68231646E+02  -0.26308414E+02   0.00000000E+00
 0.83333333E+00  -0.66046527E+02  -0.25315437E+02   0.00000000E+00
 0.10000000E+01  -0.63415942E+02  -0.24923163E+02   0.00000000E+00
 0.11666667E+01  -0.60304806E+02  -0.24708463E+02   0.00000000E+00
 0.13333333E+01  -0.56701666E+02  -0.24400568E+02   0.00000000E+00
 0.15000000E+01  -0.52628651E+02  -0.23811728E+02   0.00000000E+00
 0.16666667E+01  -0.48148735E+02  -0.22824887E+02   0.00000000E+00
 0.18333333E+01  -0.43367138E+02  -0.21397991E+02   0.00000000E+00
 0.20000000E+01  -0.38424477E+02  -0.19565417E+02   0.00000000E+00
 0.21666667E+01  -0.33481688E+02  -0.17426710E+02   0.00000000E+00
 0.23333333E+01  -0.28699722E+02  -0.15121840E+02   0.00000000E+00
 0.25000000E+01  -0.24219243E+02  -0.12799871E+02   0.00000000E+00
 0.26666667E+01  -0.20145532E+02  -0.10590933E+02   0.00000000E+00
 0.28333333E+01  -0.16541633E+02  -0.85888258E+01   0.00000000E+00
 0.30000000E+01  -0.13429731E+02  -0.68461327E+01   0.00000000E+00
 0.31666667E+01  -0.10798418E+02  -0.53790167E+01   0.00000000E+00
 0.33333333E+01  -0.86126402E+01  -0.41769606E+01   0.00000000E+00
 0.35000000E+01  -0.68235867E+01  -0.32132759E+01   0.00000000E+00
 0.36666667E+01  -0.53768758E+01  -0.24538820E+01   0.00000000E+00
 0.38333333E+01  -0.42184115E+01  -0.18634662E+01   0.00000000E+00
 0.40000000E+01  -0.32980233E+01  -0.14091639E+01   0.00000000E+00
 0.41666667E+01  -0.25713385E+01  -0.10623429E+01   0.00000000E+00
 0.43333333E+01  -0.20004158E+01  -0.79913571E+00   0.00000000E+00
 0.45000000E+01  -0.15536052E+01  -0.60025228E+00   0.00000000E+00
 0.46666667E+01  -0.12049869E+01  -0.45044356E+00   0.00000000E+00
 0.48333333E+01  -0.93362609E+00  -0.33784751E+00   0.00000000E+00
 0.50000000E+01  -0.72279123E+00  -0.25334443E+00   0.00000000E+00
 0.51666667E+01  -0.55921711E+00  -0.18998284E+00   0.00000000E+00
 0.53333333E+01  -0.43245097E+00  -0.14249676E+00   0.00000000E+00
 0.55000000E+01  -0.33429488E+00  -0.10691475E+00   0.00000000E+00
 0.56666667E+01  -0.25834257E+00  -0.80251072E-01   0.00000000E+00
 0.58333333E+01  -0.19960171E+00  -0.60265809E-01   0.00000000E+00
 0.60000000E+01  -0.15419022E+00  -0.45280918E-01   0.00000000E+00
 0.61666667E+01  -0.11909426E+00  -0.34040330E-01   0.00000000E+00
 0.63333333E+01  -0.91977080E-01  -0.25604228E-01   0.00000000E+00
 0.65000000E+01  -0.71028632E-01  -0.19269490E-01   0.00000000E+00
 0.66666667E+01  -0.54847935E-01  -0.14510015E-01   0.00000000E+00
 0.68333333E+01  -0.42351253E-01  -0.10932037E-01   0.00000000E+00
 0.70000000E+01  -0.32700631E-01  -0.82407167E-02   0.00000000E+00
 0.71666667E+01  -0.25248384E-01  -0.62151803E-02   0.00000000E+00
 0.73333333E+01  -0.19494021E-01  -0.46898707E-02   0.00000000E+00
 0.75000000E+01  -0.15050878E-01  -0.35406224E-02   0.00000000E+00
 0.76666667E+01  -0.11620279E-01  -0.26742563E-02   0.00000000E+00
 0.78333333E+01  -0.89715364E-02  -0.20208036E-02   0.00000000E+00
 0.80000000E+01  -0.69264976E-02  -0.15276925E-02   0.00000000E+00
 0.81666667E+01  -0.53475878E-02  -0.11553985E-02   0.00000000E+00
 0.83333333E+01  -0.41285744E-02  -0.87418840E-03   0.00000000E+00
 0.85000000E+01  -0.31874307E-02  -0.66168203E-03   0.00000000E+00
 0.86666667E+01  -0.24608218E-02  -0.50102403E-03   0.00000000E+00
 0.88333333E+01  -0.18998470E-02  -0.37951313E-03   0.00000000E+00
 0.90000000E+01  -0.14667510E-02  -0.28757322E-03   0.00000000E+00
 0.91666667E+01  -0.11323837E-02  -0.21798071E-03   0.00000000E+00
 0.93333333E+01  -0.87423936E-03  -0.16528390E-03   0.00000000E+00
 0.95000000E+01  -0.67494252E-03  -0.12536635E-03   0.00000000E+00
 0.96666667E+01  -0.52107828E-03  -0.95118423E-04   0.00000000E+00
 0.98333333E+01  -0.40228973E-03  -0.72190007E-04   0.00000000E+00
 0.10000000E+02  -0.31058092E-03  -0.54804226E-04   0.00000000E+00
 0.10166667E+02  -0.23977863E-03  -0.41617066E-04   0.00000000E+00
 0.10333333E+02  -0.18511691E-03  -0.31611525E-04   0.00000000E+00
 0.10500000E+02  -0.14291626E-03  -0.24017749E-04   0.00000000E+00
 0.10666667E+02  -0.11033597E-03  -0.18252758E-04   0.00000000E+00
 0.10833333E+02  -0.85182931E-04  -0.13874926E-04   0.00000000E+00
 0.11000000E+02  -0.65763966E-04  -0.10549590E-04   0.00000000E+00
 0.11166667E+02  -0.50771897E-04  -0.80230625E-05   0.00000000E+00
 0.11333333E+02  -0.39197535E-04  -0.61029735E-05   0.00000000E+00
 0.11500000E+02  -0.30261756E-04  -0.46434065E-05   0.00000000E+00
 0.11666667E+02  -0.23363046E-04  -0.35336467E-05   0.00000000E+00
 0.11833333E+02  -0.18037021E-04  -0.26896649E-05   0.00000000E+00
 0.12000000E+02  -0.13925158E-04  -0.20476672E-05   0.00000000E+00
 0.12166667E+02  -0.10750668E-04  -0.15592091E-05   0.00000000E+00
 0.12333333E+02  -0.82998602E-05  -0.11874924E-05   0.00000000E+00
 0.12500000E+02  -0.64077579E-05  -0.90455838E-06   0.00000000E+00
 0.12666667E+02  -0.49469943E-05  -0.68915926E-06   0.00000000E+00
 0.12833333E+02  -0.38192380E-05  -0.52514324E-06   0.00000000E+00
 0.13000000E+02  -0.29485740E-05  -0.40022961E-06   0.00000000E+00
 0.13166667E+02  -0.22763936E-05  -0.30507881E-06   0.00000000E+00
 0.13333333E+02  -0.17574487E-05  -0.23258648E-06   0.00000000E+00
 0.13500000E+02  -0.13568067E-05  -0.17734736E-06   0.00000000E+00
 0.13666667E+02  -0.10474982E-05  -0.13524811E-06   0.00000000E+00
 0.13833333E+02  -0.80870213E-06  -0.10315785E-06   0.00000000E+00
 0.14000000E+02  -0.62434393E-06  -0.78693054E-07   0.00000000E+00
 0.14166667E+02  -0.48201350E-06  -0.60038809E-07   0.00000000E+00
 0.14333333E+02  -0.37212985E-06  -0.45812907E-07   0.00000000E+00
 0.14500000E+02  -0.28729616E-06  -0.34962490E-07   0.00000000E+00
 0.14666667E+02  -0.22180183E-06  -0.26685433E-07   0.00000000E+00
 0.14833333E+02  -0.17123811E-06  -0.20370525E-07   0.00000000E+00
 0.15000000E+02  -0.13220130E-06  -0.15551956E-07   0.00000000E+00
 0.15166667E+02  -0.10206364E-06  -0.11874667E-07   0.00000000E+00
 0.15333333E+02  -0.78796396E-07  -0.90679752E-08   0.00000000E+00
 0.15500000E+02  -0.60833340E-07  -0.69254900E-08   0.00000000E+00
 0.15666667E+02  -0.46965286E-07  -0.52898202E-08   0.00000000E+00
 0.15833333E+02  -0.36258704E-07  -0.40409220E-08   0.00000000E+00
 0.16000000E+02  -0.27992880E-07  -0.30872240E-08   0.00000000E+00
 0.16166667E+02  -0.21611399E-07  -0.23588643E-08   0.00000000E+00
 0.16333333E+02  -0.16684692E-07  -0.18025359E-08   0.00000000E+00
 0.16500000E+02  -0.12881116E-07  -0.13775587E-08   0.00000000E+00
 0.16666667E+02  -0.99446342E-08  -0.10528842E-08   0.00000000E+00
 0.16833333E+02  -0.76775759E-08  -0.80481218E-09   0.00000000E+00
 0.17000000E+02  -0.59273344E-08  -0.61524919E-09   0.00000000E+00
 0.17166667E+02  -0.45760919E-08  -0.47038049E-09   0.00000000E+00
 0.17333333E+02  -0.35328894E-08  -0.35965698E-09   0.00000000E+00
 0.17500000E+02  -0.27275037E-08  -0.27502226E-09   0.00000000E+00
 0.17666667E+02  -0.21057202E-08  -0.21032291E-09   0.00000000E+00
 0.17833333E+02  -0.16256834E-08  -0.16085849E-09   0.00000000E+00
 0.18000000E+02  -0.12550796E-08  -0.12303801E-09   0.00000000E+00
 0.18166667E+02  -0.96896162E-09  -0.94117823E-10   0.00000000E+00
 0.18333333E+02  -0.74806939E-09  -0.72001409E-10   0.00000000E+00
 0.18500000E+02  -0.57753351E-09  -0.55086605E-10   0.00000000E+00
 0.18666667E+02  -0.44587436E-09  -0.42148903E-10   0.00000000E+00
 0.18833333E+02  -0.34422928E-09  -0.32252335E-10   0.00000000E+00
 0.19000000E+02  -0.26575602E-09  -0.24681415E-10   0.00000000E+00
 0.19166667E+02  -0.20517215E-09  -0.18889148E-10   0.00000000E+00
 0.19333333E+02  -0.15839947E-09  -0.14457311E-10   0.00000000E+00
 0.19500000E+02  -0.12228946E-09  -0.11066110E-10   0.00000000E+00
 0.19666667E+02  -0.94411379E-10  -0.84709892E-11   0.00000000E+00
 0.19833333E+02  -0.72888607E-10  -0.64849179E-11   0.00000000E+00
 0.20000000E+02  -0.56272337E-10  -0.49648428E-11   0.00000000E+00
 0.20166667E+02  -0.43444046E-10  -0.38013398E-11   0.00000000E+00
 0.20333333E+02  -0.33540194E-10  -0.29107006E-11   0.00000000E+00
 0.20500000E+02  -0.25894103E-10  -0.22288845E-11   0.00000000E+00
 0.20666667E+02  -0.19991077E-10  -0.17068930E-11   0.00000000E+00
 0.20833333E+02  -0.15433751E-10  -0.13072338E-11   0.00000000E+00
 0.21000000E+02  -0.11915350E-10  -0.10012166E-11   0.00000000E+00
 0.21166667E+02  -0.91990315E-11  -0.76688489E-12   0.00000000E+00
 0.21333333E+02  -0.71019468E-11  -0.58743421E-12   0.00000000E+00
 0.21500000E+02  -0.54829302E-11  -0.45000237E-12   0.00000000E+00
 0.21666667E+02  -0.42329976E-11  -0.34474380E-12   0.00000000E+00
 0.21833333E+02  -0.32680097E-11  -0.26412155E-12   0.00000000E+00
 0.22000000E+02  -0.25230081E-11  -0.20236551E-12   0.00000000E+00
 0.22166667E+02  -0.19478430E-11  -0.15505797E-12   0.00000000E+00
 0.22333333E+02  -0.15037971E-11  -0.11881636E-12   0.00000000E+00
 0.22500000E+02  -0.11609795E-11  -0.91050553E-13   0.00000000E+00
 0.22666667E+02  -0.89631336E-12  -0.69777074E-13   0.00000000E+00
 0.22833333E+02  -0.69198260E-12  -0.53476922E-13   0.00000000E+00
 0.23000000E+02  -0.53423272E-12  -0.40986723E-13   0.00000000E+00
 0.23166667E+02  -0.41244476E-12  -0.31415414E-13   0.00000000E+00
 0.23333333E+02  -0.31842056E-12  -0.24080464E-13   0.00000000E+00
 0.23500000E+02  -0.24583086E-12  -0.18459039E-13   0.00000000E+00
 0.23666667E+02  -0.18978930E-12  -0.14150610E-13   0.00000000E+00
 0.23833333E+02  -0.14652341E-12  -0.10848327E-13   0.00000000E+00
 0.24000000E+02  -0.11312076E-12  -0.83170944E-14   0.00000000E+00
 0.24166667E+02  -0.87332850E-13  -0.63767799E-14   0.00000000E+00
 0.24333333E+02  -0.67423756E-13  -0.48893585E-14   0.00000000E+00
 0.24500000E+02  -0.52053298E-13  -0.37490627E-14   0.00000000E+00
 0.24666667E+02  -0.40186812E-13  -0.28748397E-14   0.00000000E+00
 0.24833333E+02  -0.31025505E-13  -0.22045725E-14   0.00000000E+00
 0.25000000E+02  -0.23952683E-13  -0.16906539E-14   0.00000000E+00
 0.25166667E+02  -0.18492238E-13  -0.12965949E-14   0.00000000E+00
 0.25333333E+02  -0.14276600E-13  -0.99442719E-15   0.00000000E+00
 0.25500000E+02  -0.11021992E-13  -0.76271178E-15   0.00000000E+00
 0.25666667E+02  -0.85093306E-14  -0.58501429E-15   0.00000000E+00
 0.25833333E+02  -0.65694756E-14  -0.44873589E-15   0.00000000E+00
 0.26000000E+02  -0.50718455E-14  -0.34421771E-15   0.00000000E+00
 0.26166667E+02  -0.39156270E-14  -0.26405443E-15   0.00000000E+00
 0.26333333E+02  -0.30229894E-14  -0.20256823E-15   0.00000000E+00
 0.26500000E+02  -0.23338446E-14  -0.15540558E-15   0.00000000E+00
 0.26666667E+02  -0.18018027E-14  -0.11922822E-15   0.00000000E+00
 0.26833333E+02  -0.13910494E-14  -0.91476274E-16   0.00000000E+00
 0.27000000E+02  -0.10739347E-14  -0.70186670E-16   0.00000000E+00
 0.27166667E+02  -0.82911193E-15  -0.53853924E-16   0.00000000E+00
 0.27333333E+02  -0.64010095E-15  -0.41323435E-16   0.00000000E+00
 0.27500000E+02  -0.49417842E-15  -0.31709663E-16   0.00000000E+00
 0.27666667E+02  -0.38152156E-15  -0.24333400E-16   0.00000000E+00
 0.27833333E+02  -0.29454686E-15  -0.18673672E-16   0.00000000E+00
 0.28000000E+02  -0.22739960E-15  -0.14330859E-16   0.00000000E+00
 0.28166667E+02  -0.17555977E-15  -0.10998415E-16   0.00000000E+00
 0.28333333E+02  -0.13553776E-15  -0.84411805E-17   0.00000000E+00
 0.28500000E+02  -0.10463949E-15  -0.64787512E-17   0.00000000E+00
 0.28666667E+02  -0.80785037E-16  -0.49727231E-17   0.00000000E+00
 0.28833333E+02  -0.62368634E-16  -0.38169101E-17   0.00000000E+00
 0.29000000E+02  -0.48150582E-16  -0.29298412E-17   0.00000000E+00
 0.29166667E+02  -0.37173791E-16  -0.22490059E-17   0.00000000E+00
 0.29333333E+02  -0.28699356E-16  -0.17264392E-17   0.00000000E+00
 0.29500000E+02  -0.22156822E-16  -0.13253360E-17   0.00000000E+00
 0.29666667E+02  -0.17105776E-16  -0.10174535E-17   0.00000000E+00
 0.29833333E+02  -0.13206206E-16  -0.78111835E-18   0.00000000E+00
 0.30000000E+02  -0.10195614E-16  -0.59969810E-18   0.00000000E+00
 0.30166667E+02  -0.78713404E-17  -0.46042820E-18   0.00000000E+00
 0.30333333E+02  -0.60769267E-17  -0.35351220E-18   0.00000000E+00
 0.30500000E+02  -0.46915819E-17  -0.27143135E-18   0.00000000E+00
 0.30666667E+02  -0.36220514E-17  -0.20841481E-18   0.00000000E+00
 0.30833333E+02  -0.27963396E-17  -0.16003316E-18   0.00000000E+00
 0.31000000E+02  -0.21588637E-17  -0.12288647E-18   0.00000000E+00
 0.31166667E+02  -0.16667119E-17  -0.94364952E-19   0.00000000E+00
 0.31333333E+02  -0.12867549E-17  -0.72465249E-19   0.00000000E+00
 0.31500000E+02  -0.99341600E-18  -0.55649484E-19   0.00000000E+00
 0.31666667E+02  -0.76694895E-18  -0.42737061E-19   0.00000000E+00
 0.31833333E+02  -0.59210914E-18  -0.32821633E-19   0.00000000E+00
 0.32000000E+02  -0.45712721E-18  -0.25207376E-19   0.00000000E+00
 0.32166667E+02  -0.35291684E-18  -0.19360067E-19   0.00000000E+00
 0.32333333E+02  -0.27246309E-18  -0.14869547E-19   0.00000000E+00
 0.32500000E+02  -0.21035023E-18  -0.11420896E-19   0.00000000E+00
 0.32666667E+02  -0.16239711E-18  -0.87723111E-20   0.00000000E+00
 0.32833333E+02  -0.12537577E-18  -0.67381267E-20   0.00000000E+00
 0.33000000E+02  -0.96794106E-19  -0.51757765E-20   0.00000000E+00
 0.33166667E+02  -0.74728148E-19  -0.39757854E-20   0.00000000E+00
 0.33333333E+02  -0.57692522E-19  -0.30540865E-20   0.00000000E+00
 0.33500000E+02  -0.44540474E-19  -0.23461219E-20   0.00000000E+00
 0.33666667E+02  -0.34386672E-19  -0.18023145E-20   0.00000000E+00
 0.33833333E+02  -0.26547611E-19  -0.13845901E-20   0.00000000E+00
 0.34000000E+02  -0.20495606E-19  -0.10637079E-20   0.00000000E+00
 0.34166667E+02  -0.15823264E-19  -0.81721061E-21   0.00000000E+00
 0.34333333E+02  -0.12216066E-19  -0.62785007E-21   0.00000000E+00
 0.34500000E+02  -0.94311940E-20  -0.48237871E-21   0.00000000E+00
 0.34666667E+02  -0.72811836E-20  -0.37062136E-21   0.00000000E+00
 0.34833333E+02  -0.56213068E-20  -0.28476250E-21   0.00000000E+00
 0.35000000E+02  -0.43398288E-20  -0.21879888E-21   0.00000000E+00
 0.35166667E+02  -0.33504868E-20  -0.16811917E-21   0.00000000E+00
 0.35333333E+02  -0.25866830E-20  -0.12918115E-21   0.00000000E+00
 0.35500000E+02  -0.19970021E-20  -0.99263758E-22   0.00000000E+00
 0.35666667E+02  -0.15417495E-20  -0.76276692E-22   0.00000000E+00
 0.35833333E+02  -0.11902800E-20  -0.58614150E-22   0.00000000E+00
 0.36000000E+02  -0.91893426E-21  -0.45042500E-22   0.00000000E+00
 0.36166667E+02  -0.70944666E-21  -0.34614002E-22   0.00000000E+00
 0.36333333E+02  -0.54771553E-21  -0.26600534E-22   0.00000000E+00
 0.36500000E+02  -0.42285392E-21  -0.20442690E-22   0.00000000E+00
 0.36666667E+02  -0.32645676E-21  -0.15710673E-22   0.00000000E+00
 0.36833333E+02  -0.25203507E-21  -0.12074259E-22   0.00000000E+00
 0.37000000E+02  -0.19457914E-21  -0.92797250E-23   0.00000000E+00
 0.37166667E+02  -0.15022133E-21  -0.71321181E-23   0.00000000E+00
 0.37333333E+02  -0.11597567E-21  -0.54816421E-23   0.00000000E+00
 0.37500000E+02  -0.89536931E-22  -0.42131943E-23   0.00000000E+00
 0.37666667E+02  -0.69125377E-22  -0.32383283E-23   0.00000000E+00
 0.37833333E+02  -0.53367004E-22  -0.24890794E-23   0.00000000E+00
 0.38000000E+02  -0.41201035E-22  -0.19132207E-23   0.00000000E+00
 0.38166667E+02  -0.31808518E-22  -0.14706176E-23   0.00000000E+00
 0.38333333E+02  -0.24557194E-22  -0.11304275E-23   0.00000000E+00
 0.38500000E+02  -0.18958940E-22  -0.86894815E-24   0.00000000E+00
 0.38666667E+02  -0.14636908E-22  -0.66796417E-24   0.00000000E+00
 0.38833333E+02  -0.11300162E-22  -0.51347646E-24   0.00000000E+00
 0.39000000E+02  -0.87240867E-23  -0.39472616E-24   0.00000000E+00
 0.39166667E+02  -0.67352742E-23  -0.30344446E-24   0.00000000E+00
 0.39333333E+02  -0.51998472E-23  -0.23327617E-24   0.00000000E+00
 0.39500000E+02  -0.40144485E-23  -0.17933677E-24   0.00000000E+00
 0.39666667E+02  -0.30992828E-23  -0.13787199E-24   0.00000000E+00
 0.39833333E+02  -0.23927455E-23  -0.10599623E-24   0.00000000E+00
 0.40000000E+02  -0.18472761E-23  -0.81491510E-25   0.00000000E+00

