# E' [MeV], f_L (IA) [fm], f_L (FSI) [fm]
# 
1.000000000000000000e+01 6.805508344366893780e+00 4.837117824139925304e+00
1.106060606060606055e+01 6.716214603081544610e+00 4.921530845726423742e+00
1.212121212121212110e+01 6.609475577316818118e+00 4.970505134129543201e+00
1.318181818181818166e+01 6.478327933544329120e+00 4.971471387267930808e+00
1.424242424242424221e+01 6.329333109018798531e+00 4.941851537203876710e+00
1.530303030303030276e+01 6.166762464758856588e+00 4.892168185418846349e+00
1.636363636363636331e+01 5.994118880628976243e+00 4.826122567153781517e+00
1.742424242424242209e+01 5.814857535798028998e+00 4.740365682768926447e+00
1.848484848484848442e+01 5.630633185417678988e+00 4.637264603495696136e+00
1.954545454545454675e+01 5.443730055392657974e+00 4.527330690594480345e+00
2.060606060606060552e+01 5.255568834885151475e+00 4.409893046389256277e+00
2.166666666666666430e+01 5.073578356871840889e+00 4.291797772499869268e+00
2.272727272727272663e+01 4.917847969032764333e+00 4.190293780343890440e+00
2.378787878787878896e+01 4.762175416955955143e+00 4.085026357422420595e+00
2.484848484848484773e+01 4.607385982205343566e+00 3.976835634767904359e+00
2.590909090909090651e+01 4.453991292092066345e+00 3.866255741602850460e+00
2.696969696969696884e+01 4.302372718610095070e+00 3.754254493203112109e+00
2.803030303030303116e+01 4.152988363383171233e+00 3.641562249665653894e+00
2.909090909090908994e+01 4.005952371796913880e+00 3.527119530460151697e+00
3.015151515151514872e+01 3.861719632009438463e+00 3.413094149098469643e+00
3.121212121212121104e+01 3.720420656147497507e+00 3.299541948352250120e+00
3.227272727272727337e+01 3.582106268808460392e+00 3.188506392530799705e+00
3.333333333333332860e+01 3.447025634724341092e+00 3.078097255717558323e+00
3.439393939393939092e+01 3.315151902139001461e+00 2.968112908636545644e+00
3.545454545454545325e+01 3.186662276045445275e+00 2.859925719285468126e+00
3.651515151515151558e+01 3.077195923813312195e+00 2.767819435907859837e+00
3.757575757575757791e+01 2.979193064514832123e+00 2.685680357115856509e+00
3.863636363636363313e+01 2.883350605786701770e+00 2.604974152637882678e+00
3.969696969696969546e+01 2.789619069903168658e+00 2.526369748209295274e+00
4.075757575757575779e+01 2.698083750459671748e+00 2.449169288749963425e+00
4.181818181818181301e+01 2.608696395256488998e+00 2.373583316533705023e+00
4.287878787878787534e+01 2.521463132205726154e+00 2.298731722402292288e+00
4.393939393939393767e+01 2.436440030196130202e+00 2.224761074809365358e+00
4.500000000000000000e+01 2.353541212701581564e+00 2.151389274556836817e+00
4.606060606060606233e+01 2.272818150551083161e+00 2.078200475801303071e+00
4.712121212121211755e+01 2.194197314157120271e+00 2.008638212260749345e+00
4.818181818181817988e+01 2.117679040204980101e+00 1.940497315904976539e+00
4.924242424242424221e+01 2.043268396747190074e+00 1.873982601543584536e+00
5.030303030303029743e+01 1.970877574397872811e+00 1.809051777733615474e+00
5.136363636363635976e+01 1.900526653266953137e+00 1.745773919443662114e+00
5.242424242424242209e+01 1.832138295765817215e+00 1.683982660542047816e+00
5.348484848484848442e+01 1.765696986980278327e+00 1.624071727145959043e+00
5.454545454545454675e+01 1.701177210135156770e+00 1.565759065344250356e+00
5.560606060606060197e+01 1.641187766782421953e+00 1.510411860092212066e+00
5.666666666666666430e+01 1.593080554462881659e+00 1.467428698169612744e+00
5.772727272727272663e+01 1.546127537328133794e+00 1.425368447120769488e+00
5.878787878787878185e+01 1.500321532169897942e+00 1.384187998711525758e+00
5.984848484848484418e+01 1.455650195738115160e+00 1.343522775333339414e+00
6.090909090909090651e+01 1.412089113267350093e+00 1.303658174747224008e+00
6.196969696969696884e+01 1.369641429348602779e+00 1.264739221554523674e+00
6.303030303030303116e+01 1.328258218584756234e+00 1.226725939972288293e+00
6.409090909090909349e+01 1.287938236692406146e+00 1.189702929989167712e+00
6.515151515151515582e+01 1.248653583358576125e+00 1.153512065489637139e+00
6.621212121212121815e+01 1.210384357572409364e+00 1.117459947242462226e+00
6.727272727272726627e+01 1.173115594317830634e+00 1.083371998599950592e+00
6.833333333333332860e+01 1.136813394302624181e+00 1.049947426683884411e+00
6.939393939393939092e+01 1.101467712758877893e+00 1.017287073232152395e+00
7.045454545454545325e+01 1.067051396855838608e+00 9.854456610367126057e-01
7.151515151515151558e+01 1.033550964193833188e+00 9.543817643187768596e-01
7.257575757575756370e+01 1.000943957545245899e+00 9.241256852490022933e-01
7.363636363636362603e+01 9.692078479673126301e-01 8.946436538449088482e-01
7.469696969696968836e+01 9.383377583171278458e-01 8.659429110676459818e-01
7.575757575757575069e+01 9.082987648524547541e-01 8.379389883366218372e-01
7.681818181818181301e+01 8.790746337751200734e-01 8.107092026182036726e-01
7.787878787878787534e+01 8.506458853672818066e-01 7.837692879517442757e-01
7.893939393939393767e+01 8.229972943035515076e-01 7.580341146525002571e-01
8.000000000000000000e+01 7.961177574743149021e-01 7.329873199883566448e-01
8.106060606060606233e+01 7.699786118913763966e-01 7.086019183113035913e-01
8.212121212121212466e+01 7.496075430339457224e-01 6.897044965855055887e-01
8.318181818181817277e+01 7.299562602549547474e-01 6.714814805619272464e-01
8.424242424242423510e+01 7.107650517545066604e-01 6.536721600676063115e-01
8.530303030303029743e+01 6.920246259055629068e-01 6.362183725081526076e-01
8.636363636363635976e+01 6.737258035701951808e-01 6.191464952292722312e-01
8.742424242424242209e+01 6.558649654225435777e-01 6.024427031260488619e-01
8.848484848484848442e+01 6.384274824255632419e-01 5.861351650654565981e-01
8.954545454545454675e+01 6.214048942692043109e-01 5.702029515799639237e-01
9.060606060606059486e+01 6.047877757966205747e-01 5.543344252667208316e-01
9.166666666666665719e+01 5.885687006390147857e-01 5.392972835501361750e-01
9.272727272727271952e+01 5.727417277642907756e-01 5.246159576323310425e-01
9.378787878787878185e+01 5.572944402687373122e-01 5.102786431609113160e-01
9.484848484848484418e+01 5.422192062837284388e-01 4.962915319605250564e-01
9.590909090909090651e+01 5.275075831911549828e-01 4.826502222167255995e-01
9.696969696969696884e+01 5.131536514035743846e-01 4.693437575749768165e-01
9.803030303030303116e+01 4.991498057984878889e-01 4.563256557945755132e-01
9.909090909090909349e+01 4.854854994079775277e-01 4.435880531765277746e-01
1.001515151515151416e+02 4.721498947663578805e-01 4.311704316739957688e-01
1.012121212121212039e+02 4.591397660589137120e-01 4.189847256750799387e-01
1.022727272727272663e+02 4.464504944257872698e-01 4.071291620724362126e-01
1.033333333333333286e+02 4.340732108767504926e-01 3.951753591279954514e-01
1.043939393939393909e+02 4.219996703024825324e-01 3.839211526664597085e-01
1.054545454545454533e+02 4.102230647179851419e-01 3.729449230018114236e-01
1.065151515151515156e+02 3.987367657036037238e-01 3.622440933491141157e-01
1.075757575757575637e+02 3.875343755822232561e-01 3.517953902016716095e-01
1.086363636363636260e+02 3.766092944520749164e-01 3.416047628490201382e-01
1.096969696969696884e+02 3.659553153438286910e-01 3.316686883205090530e-01
1.107575757575757507e+02 3.555662627138511667e-01 3.219853270980781446e-01
1.118181818181818130e+02 3.454360435764239901e-01 3.125408079233498171e-01
1.128787878787878753e+02 3.355587425836714099e-01 3.033276792568948554e-01
1.139393939393939377e+02 3.259458314147986036e-01 2.943675778541559596e-01
1.150000000000000000e+02 3.184300440928025111e-01 2.873934694999346617e-01
