# q, q weight, overlap
# 
7.898767725640354342e-04 2.026811968874553827e-03 8.723385763583110242e-01
4.159474881161862037e-03 4.712729926954788671e-03 8.723150772309762324e-01
1.021210477777834136e-02 7.389931163347146330e-03 8.721925244887650530e-01
1.893279824740179418e-02 1.004755718228764021e-02 8.718345760057627514e-01
3.029821123494724766e-02 1.267816647681607387e-02 8.710472920355287751e-01
4.427774416000385127e-02 1.527461859678459592e-02 8.695830498419828691e-01
6.083372388357677352e-02 1.782990101420800499e-02 8.671465719657722726e-01
7.992152382237249775e-02 2.033712072945731419e-02 8.634036429364292387e-01
1.014896891899540465e-01 2.278951694399772993e-02 8.579930267313736758e-01
1.254800773531017377e-01 2.518047762152112595e-02 8.505418981844692361e-01
1.518280152140702999e-01 2.750355674992454452e-02 8.406847474362768580e-01
1.804624738378541871e-01 2.975249150078879135e-02 8.280852142584975706e-01
2.113062600677360070e-01 3.192121901929622502e-02 8.124597038248959624e-01
2.442762246934143677e-01 3.400389272494652726e-02 7.936010181102383099e-01
2.792834866442696073e-01 3.599489805108439106e-02 7.713997387534489159e-01
3.162336726186445457e-01 3.788886756924329108e-02 7.458608659792467233e-01
3.550271715105229875e-01 3.968069545238078061e-02 7.171133785647938463e-01
3.955594029514896137e-01 4.136555123558455921e-02 6.854109856547553337e-01
4.377210992460554007e-01 4.293889283593546602e-02 6.511233396302701371e-01
4.813985999414301942e-01 4.439647879578687700e-02 6.147182052723910717e-01
5.264741582382929108e-01 4.573437971611435393e-02 5.767362916010581042e-01
5.728262584169215854e-01 4.694898884891196555e-02 5.377613957627271901e-01
6.203299434232020237e-01 4.803703181997100863e-02 4.983889942399770123e-01
6.688571517315518022e-01 4.899557545575666112e-02 4.591963743909564521e-01
7.182770625767382899e-01 4.982203569054995812e-02 4.207168875072929137e-01
7.684564486239706671e-01 5.051418453250917928e-02 3.834200804987811795e-01
8.192600351265746372e-01 5.107015606985539080e-02 3.476985260274676470e-01
8.705508646030549746e-01 5.148845150098073364e-02 3.138613028994653442e-01
9.221906660504634035e-01 5.176794317491002079e-02 2.821334056759070008e-01
9.740402276987522034e-01 5.190787763122046289e-02 2.526599403130306842e-01
1.025959772301247908e+00 5.190787763122046289e-02 2.255137850559452706e-01
1.077809333949536486e+00 5.176794317491002079e-02 2.007054161598301467e-01
1.129449135396944914e+00 5.148845150098073364e-02 1.781937523904612020e-01
1.180739964873425363e+00 5.107015606985539080e-02 1.578970978426860461e-01
1.231543551376029333e+00 5.051418453250917928e-02 1.397035085376639452e-01
1.281722937423261710e+00 4.982203569054995812e-02 1.234801395536853363e-01
1.331142848268448198e+00 4.899557545575666112e-02 1.090813262673211576e-01
1.379670056576797865e+00 4.803703181997100863e-02 9.635530769952772856e-02
1.427173741583078304e+00 4.694898884891196555e-02 8.514961211316431078e-02
1.473525841761706978e+00 4.573437971611435393e-02 7.531519967531094539e-02
1.518601400058569695e+00 4.439647879578687700e-02 6.670950102383027547e-02
1.562278900753944599e+00 4.293889283593546602e-02 5.919851117372443988e-02
1.604440597048510497e+00 4.136555123558455921e-02 5.265810197660229092e-02
1.644972828489477124e+00 3.968069545238078061e-02 4.697470887192148337e-02
1.683766327381355454e+00 3.788886756924329108e-02 4.204553334456969521e-02
1.720716513355730282e+00 3.599489805108439106e-02 3.777838463556069948e-02
1.755723775306585743e+00 3.400389272494652726e-02 3.409126520120128040e-02
1.788693739932263993e+00 3.192121901929622502e-02 3.091178577322348242e-02
1.819537526162145813e+00 2.975249150078879135e-02 2.817647863469329578e-02
1.848171984785929700e+00 2.750355674992454452e-02 2.583006244679093497e-02
1.874519922646898262e+00 2.518047762152112595e-02 2.382469887494105890e-02
1.898510310810046064e+00 2.278951694399772993e-02 2.211927038741981488e-02
1.920078476177627502e+00 2.033712072945731419e-02 2.067869981426636444e-02
1.939166276116423226e+00 1.782990101420800499e-02 1.947332535622115640e-02
1.955722255839996038e+00 1.527461859678459592e-02 1.847833947848899136e-02
1.969701788765052752e+00 1.267816647681607387e-02 1.767329625039798860e-02
1.981067201752598095e+00 1.004755718228764021e-02 1.704168890956518981e-02
1.989787895222221659e+00 7.389931163347146330e-03 1.657059724791892785e-02
1.995840525118838027e+00 4.712729926954788671e-03 1.625040043736537820e-02
1.999210123227435965e+00 2.026811968874553827e-03 1.607450851177167142e-02
2.003159507090256142e+00 8.107247875498215309e-03 1.587048326456182504e-02
2.016637899524647448e+00 1.885091970781915469e-02 1.519121522542532868e-02
2.040848419111113365e+00 2.955972465338858532e-02 1.403498638592176780e-02
2.075731192989607177e+00 4.019022872915056083e-02 1.250499296106458158e-02
2.121192844939788991e+00 5.071266590726429546e-02 1.073155712545356862e-02
2.177110976640015405e+00 6.109847438713838369e-02 8.854910278386590380e-03
2.243334895534307094e+00 7.131960405683201998e-02 7.008062286849841421e-03
2.319686095289489991e+00 8.134848291782925678e-02 5.302308998906024237e-03
2.405958756759816186e+00 9.115806777599091970e-02 3.817450881561451452e-03
2.501920309412406951e+00 1.007219104860845038e-01 2.597772569651553287e-03
2.607312060856281200e+00 1.100142269996981781e-01 1.653659524833824002e-03
2.721849895351416748e+00 1.190099660031551654e-01 9.676927220917033029e-04
2.845225040270944028e+00 1.276848760771849001e-01 5.033975489082035499e-04
2.977104898773657471e+00 1.360155708997861090e-01 2.146446398310882854e-04
3.117133946577078429e+00 1.439795922043375642e-01 5.398195055824844368e-05
3.264934690474578183e+00 1.515554702769731643e-01 -2.122643729138147360e-05
3.420108686042091950e+00 1.587227818095231224e-01 -4.527382592714148990e-05
3.582237611805958455e+00 1.654622049423382368e-01 -4.299566796985967917e-05
3.750884396984221603e+00 1.717555713437418641e-01 -3.045849885798725611e-05
3.925594399765720777e+00 1.775859151831475080e-01 -1.669361112805376908e-05
4.105896632953172087e+00 1.829375188644574157e-01 -5.778536663093165510e-06
4.291305033667686786e+00 1.877959553956478622e-01 1.237735864810794227e-06
4.481319773692808539e+00 1.921481272798840345e-01 4.838429929090374772e-06
4.675428606926207209e+00 1.959823018230266445e-01 6.044261852704087656e-06
4.873108250306953160e+00 1.992881427621998325e-01 5.860545998641876737e-06
5.073825794495882668e+00 2.020567381300367171e-01 5.045204911744306611e-06
5.277040140506298549e+00 2.042806242794215632e-01 4.070598687346276005e-06
5.482203458412220343e+00 2.059538060039229346e-01 3.177226954565723556e-06
5.688762664201853170e+00 2.070717726996400831e-01 2.452756637450600965e-06
5.896160910795009258e+00 2.076315105248818516e-01 1.901790810279220876e-06
6.103839089204991630e+00 2.076315105248818516e-01 1.494304059448162843e-06
6.311237335798145942e+00 2.070717726996400831e-01 1.193269778203771701e-06
6.517796541587779657e+00 2.059538060039229346e-01 9.670704372647907979e-07
6.722959859493701451e+00 2.042806242794215632e-01 7.928585574728412936e-07
6.926174205504117332e+00 2.020567381300367171e-01 6.556285031162282441e-07
7.126891749693046840e+00 1.992881427621998325e-01 5.459418774145491573e-07
7.324571393073792791e+00 1.959823018230266445e-01 4.577656100027852155e-07
7.518680226307191461e+00 1.921481272798840345e-01 3.869305170068639916e-07
7.708694966332313214e+00 1.877959553956478622e-01 3.302272204279785243e-07
7.894103367046827913e+00 1.829375188644574157e-01 2.849702515355121764e-07
8.074405600234278779e+00 1.775859151831475080e-01 2.488383545435395681e-07
8.249115603015777509e+00 1.717555713437418641e-01 2.198428535718638534e-07
8.417762388194041989e+00 1.654622049423382368e-01 1.963328107685436062e-07
8.579891313957908494e+00 1.587227818095231224e-01 1.769924095844095637e-07
8.735065309525420929e+00 1.515554702769731643e-01 1.608167552016092614e-07
8.882866053422921127e+00 1.439795922043375642e-01 1.470688402220285181e-07
9.022895101226342973e+00 1.360155708997861090e-01 1.352266975205324873e-07
9.154774959729056860e+00 1.276848760771849001e-01 1.249299282384143086e-07
9.278150104648583252e+00 1.190099660031551654e-01 1.159322041829270693e-07
9.392687939143719689e+00 1.100142269996981781e-01 1.080631490575036018e-07
9.498079690587593049e+00 1.007219104860845038e-01 1.012003376794130393e-07
9.594041243240184258e+00 9.115806777599091970e-02 9.525040635498624035e-08
9.680313904710509121e+00 8.134848291782925678e-02 9.013741050990041414e-08
9.756665104465692906e+00 7.131960405683201998e-02 8.579638700097031302e-08
9.822889023359984151e+00 6.109847438713838369e-02 8.217031396221031470e-08
9.878807155060211898e+00 5.071266590726429546e-02 7.920907355804464665e-08
9.924268807010392379e+00 4.019022872915056083e-02 7.686945141243481418e-08
9.959151580888885746e+00 2.955972465338858532e-02 7.511556598868394064e-08
9.983362100475352108e+00 1.885091970781915469e-02 7.391937613048639410e-08
9.996840492909743858e+00 8.107247875498215309e-03 7.326093265909529013e-08
