# q, q weight, overlap
# 
7.898767725640354342e-04 2.026811968874553827e-03 7.985701527791271293e-01
4.159474881161862037e-03 4.712729926954788671e-03 7.985521184187829302e-01
1.021210477777834136e-02 7.389931163347146330e-03 7.984580630174901161e-01
1.893279824740179418e-02 1.004755718228764021e-02 7.981833243905227526e-01
3.029821123494724766e-02 1.267816647681607387e-02 7.975789273183434558e-01
4.427774416000385127e-02 1.527461859678459592e-02 7.964543630903035965e-01
6.083372388357677352e-02 1.782990101420800499e-02 7.945817568505270101e-01
7.992152382237249775e-02 2.033712072945731419e-02 7.917017658676037684e-01
1.014896891899540465e-01 2.278951694399772993e-02 7.875315274747047845e-01
1.254800773531017377e-01 2.518047762152112595e-02 7.817748807343389839e-01
1.518280152140702999e-01 2.750355674992454452e-02 7.741349104931478653e-01
1.804624738378541871e-01 2.975249150078879135e-02 7.643286060261814674e-01
2.113062600677360070e-01 3.192121901929622502e-02 7.521031038843722927e-01
2.442762246934143677e-01 3.400389272494652726e-02 7.372526302830688660e-01
2.792834866442696073e-01 3.599489805108439106e-02 7.196349266880845974e-01
3.162336726186445457e-01 3.788886756924329108e-02 6.991857017062420576e-01
3.550271715105229875e-01 3.968069545238078061e-02 6.759295732309291704e-01
3.955594029514896137e-01 4.136555123558455921e-02 6.499861010659918614e-01
4.377210992460554007e-01 4.293889283593546602e-02 6.215698808477809756e-01
4.813985999414301942e-01 4.439647879578687700e-02 5.909842454373379628e-01
5.264741582382929108e-01 4.573437971611435393e-02 5.586088206445408710e-01
5.728262584169215854e-01 4.694898884891196555e-02 5.248818925313963879e-01
6.203299434232020237e-01 4.803703181997100863e-02 4.902791379993305387e-01
6.688571517315518022e-01 4.899557545575666112e-02 4.552906444154804499e-01
7.182770625767382899e-01 4.982203569054995812e-02 4.203982400932838037e-01
7.684564486239706671e-01 5.051418453250917928e-02 3.860549767573644431e-01
8.192600351265746372e-01 5.107015606985539080e-02 3.526682027564974065e-01
8.705508646030549746e-01 5.148845150098073364e-02 3.205871318710715179e-01
9.221906660504634035e-01 5.176794317491002079e-02 2.900952473125879005e-01
9.740402276987522034e-01 5.190787763122046289e-02 2.614073713636791418e-01
1.025959772301247908e+00 5.190787763122046289e-02 2.346708378168320119e-01
1.077809333949536486e+00 5.176794317491002079e-02 2.099699541157696303e-01
1.129449135396944914e+00 5.148845150098073364e-02 1.873328310291350607e-01
1.180739964873425363e+00 5.107015606985539080e-02 1.667396674687372515e-01
1.231543551376029333e+00 5.051418453250917928e-02 1.481316738577647119e-01
1.281722937423261710e+00 4.982203569054995812e-02 1.314199645174042030e-01
1.331142848268448198e+00 4.899557545575666112e-02 1.164939172045608984e-01
1.379670056576797865e+00 4.803703181997100863e-02 1.032286627143446239e-01
1.427173741583078304e+00 4.694898884891196555e-02 9.149151383949284677e-02
1.473525841761706978e+00 4.573437971611435393e-02 8.114726264551562485e-02
1.518601400058569695e+00 4.439647879578687700e-02 7.206236534225310408e-02
1.562278900753944599e+00 4.293889283593546602e-02 6.410809631564497180e-02
1.604440597048510497e+00 4.136555123558455921e-02 5.716279078492403354e-02
1.644972828489477124e+00 3.968069545238078061e-02 5.111331381170422516e-02
1.683766327381355454e+00 3.788886756924329108e-02 4.585589693155291136e-02
1.720716513355730282e+00 3.599489805108439106e-02 4.129647703883890936e-02
1.755723775306585743e+00 3.400389272494652726e-02 3.735065917083131570e-02
1.788693739932263993e+00 3.192121901929622502e-02 3.394340854062646851e-02
1.819537526162145813e+00 2.975249150078879135e-02 3.100855980449408744e-02
1.848171984785929700e+00 2.750355674992454452e-02 2.848821466174560751e-02
1.874519922646898262e+00 2.518047762152112595e-02 2.633208344187581984e-02
1.898510310810046064e+00 2.278951694399772993e-02 2.449681285642487868e-02
1.920078476177627502e+00 2.033712072945731419e-02 2.294533077936096455e-02
1.939166276116423226e+00 1.782990101420800499e-02 2.164622974668855421e-02
1.955722255839996038e+00 1.527461859678459592e-02 2.057320367124530411e-02
1.969701788765052752e+00 1.267816647681607387e-02 1.970454680739684369e-02
1.981067201752598095e+00 1.004755718228764021e-02 1.902271995843824934e-02
1.989787895222221659e+00 7.389931163347146330e-03 1.851398574478251707e-02
1.995840525118838027e+00 4.712729926954788671e-03 1.816810981803622729e-02
1.999210123227435965e+00 2.026811968874553827e-03 1.797807860806018010e-02
2.003159507090256142e+00 8.107247875498215309e-03 1.775762257239731079e-02
2.016637899524647448e+00 1.885091970781915469e-02 1.702341201015432695e-02
2.040848419111113365e+00 2.955972465338858532e-02 1.577276340654755124e-02
2.075731192989607177e+00 4.019022872915056083e-02 1.411588187553888298e-02
2.121192844939788991e+00 5.071266590726429546e-02 1.219206879005200507e-02
2.177110976640015405e+00 6.109847438713838369e-02 1.015136806015205957e-02
2.243334895534307094e+00 7.131960405683201998e-02 8.136248063581145995e-03
2.319686095289489991e+00 8.134848291782925678e-02 6.266078558236638785e-03
2.405958756759816186e+00 9.115806777599091970e-02 4.626678019099140192e-03
2.501920309412406951e+00 1.007219104860845038e-01 3.266094435649411279e-03
2.607312060856281200e+00 1.100142269996981781e-01 2.196472235811869258e-03
2.721849895351416748e+00 1.190099660031551654e-01 1.400693797938709628e-03
2.845225040270944028e+00 1.276848760771849001e-01 8.417530911045839354e-04
2.977104898773657471e+00 1.360155708997861090e-01 4.726616345660197187e-04
3.117133946577078429e+00 1.439795922043375642e-01 2.450588324311439104e-04
3.264934690474578183e+00 1.515554702769731643e-01 1.154062152215493218e-04
3.420108686042091950e+00 1.587227818095231224e-01 4.843267300410375345e-05
3.582237611805958455e+00 1.654622049423382368e-01 1.814348728347119484e-05
3.750884396984221603e+00 1.717555713437418641e-01 7.085141183008130812e-06
3.925594399765720777e+00 1.775859151831475080e-01 4.656743530102932252e-06
4.105896632953172087e+00 1.829375188644574157e-01 5.146298215606695980e-06
4.291305033667686786e+00 1.877959553956478622e-01 5.949857957134817413e-06
4.481319773692808539e+00 1.921481272798840345e-01 6.199277060057929739e-06
4.675428606926207209e+00 1.959823018230266445e-01 5.841601658909962396e-06
4.873108250306953160e+00 1.992881427621998325e-01 5.103287120090588256e-06
5.073825794495882668e+00 2.020567381300367171e-01 4.229228179289855454e-06
5.277040140506298549e+00 2.042806242794215632e-01 3.389023981315897692e-06
5.482203458412220343e+00 2.059538060039229346e-01 2.667894455280491794e-06
5.688762664201853170e+00 2.070717726996400831e-01 2.089594370997968272e-06
5.896160910795009258e+00 2.076315105248818516e-01 1.643654293472959838e-06
6.103839089204991630e+00 2.076315105248818516e-01 1.305978153235323033e-06
6.311237335798145942e+00 2.070717726996400831e-01 1.050912417313822330e-06
6.517796541587779657e+00 2.059538060039229346e-01 8.566550201070563718e-07
6.722959859493701451e+00 2.042806242794215632e-01 7.066358580243647867e-07
6.926174205504117332e+00 2.020567381300367171e-01 5.889870515414579020e-07
7.126891749693046840e+00 1.992881427621998325e-01 4.954141296909649659e-07
7.324571393073792791e+00 1.959823018230266445e-01 4.201101409487838912e-07
7.518680226307191461e+00 1.921481272798840345e-01 3.589321454111145323e-07
7.708694966332313214e+00 1.877959553956478622e-01 3.088479479451288191e-07
7.894103367046827913e+00 1.829375188644574157e-01 2.675853967799313189e-07
8.074405600234278779e+00 1.775859151831475080e-01 2.334107930069715724e-07
8.249115603015777509e+00 1.717555713437418641e-01 2.049828575830711838e-07
8.417762388194041989e+00 1.654622049423382368e-01 1.812508481807339254e-07
8.579891313957908494e+00 1.587227818095231224e-01 1.613808739417972962e-07
8.735065309525420929e+00 1.515554702769731643e-01 1.447024968877982014e-07
8.882866053422921127e+00 1.439795922043375642e-01 1.306708130642259052e-07
9.022895101226342973e+00 1.360155708997861090e-01 1.188400335452568776e-07
9.154774959729056860e+00 1.276848760771849001e-01 1.088449129672967014e-07
9.278150104648583252e+00 1.190099660031551654e-01 1.003870010230690758e-07
9.392687939143719689e+00 1.100142269996981781e-01 9.322364514161826825e-08
9.498079690587593049e+00 1.007219104860845038e-01 8.715862465707543836e-08
9.594041243240184258e+00 9.115806777599091970e-02 8.203398093390132319e-08
9.680313904710509121e+00 8.134848291782925678e-02 7.772296213338926127e-08
9.756665104465692906e+00 7.131960405683201998e-02 7.412410356386080576e-08
9.822889023359984151e+00 6.109847438713838369e-02 7.115643309306108901e-08
9.878807155060211898e+00 5.071266590726429546e-02 6.875572053226187258e-08
9.924268807010392379e+00 4.019022872915056083e-02 6.687163412558751109e-08
9.959151580888885746e+00 2.955972465338858532e-02 6.546564321569479669e-08
9.983362100475352108e+00 1.885091970781915469e-02 6.450950420015939181e-08
9.996840492909743858e+00 8.107247875498215309e-03 6.398406677921579723e-08
