Wood-Saxon orbitals: potentials
        r                vc              vls              vem 
 0.16666667E+00  -0.86785860E+02  -0.33913686E+02   0.00000000E+00
 0.33333333E+00  -0.85503120E+02  -0.20840045E+02   0.00000000E+00
 0.50000000E+00  -0.83793160E+02  -0.16941420E+02   0.00000000E+00
 0.66666667E+00  -0.81635382E+02  -0.15346016E+02   0.00000000E+00
 0.83333333E+00  -0.79014795E+02  -0.14657200E+02   0.00000000E+00
 0.10000000E+01  -0.75925031E+02  -0.14382888E+02   0.00000000E+00
 0.11666667E+01  -0.72372259E+02  -0.14283268E+02   0.00000000E+00
 0.13333333E+01  -0.68379549E+02  -0.14210303E+02   0.00000000E+00
 0.15000000E+01  -0.63990865E+02  -0.14058720E+02   0.00000000E+00
 0.16666667E+01  -0.59273422E+02  -0.13752096E+02   0.00000000E+00
 0.18333333E+01  -0.54317107E+02  -0.13241956E+02   0.00000000E+00
 0.20000000E+01  -0.49230072E+02  -0.12510539E+02   0.00000000E+00
 0.21666667E+01  -0.44130595E+02  -0.11571824E+02   0.00000000E+00
 0.23333333E+01  -0.39136500E+02  -0.10467806E+02   0.00000000E+00
 0.25000000E+01  -0.34354348E+02  -0.92596739E+01   0.00000000E+00
 0.26666667E+01  -0.29870703E+02  -0.80159370E+01   0.00000000E+00
 0.28333333E+01  -0.25747095E+02  -0.68007752E+01   0.00000000E+00
 0.30000000E+01  -0.22019066E+02  -0.56655035E+01   0.00000000E+00
 0.31666667E+01  -0.18698618E+02  -0.46444939E+01   0.00000000E+00
 0.33333333E+01  -0.15778769E+02  -0.37552295E+01   0.00000000E+00
 0.35000000E+01  -0.13238861E+02  -0.30011280E+01   0.00000000E+00
 0.36666667E+01  -0.11049591E+02  -0.23755577E+01   0.00000000E+00
 0.38333333E+01  -0.91771828E+01  -0.18658198E+01   0.00000000E+00
 0.40000000E+01  -0.75864941E+01  -0.14564097E+01   0.00000000E+00
 0.41666667E+01  -0.62431303E+01  -0.11313329E+01   0.00000000E+00
 0.43333333E+01  -0.51147357E+01  -0.87554092E+00   0.00000000E+00
 0.45000000E+01  -0.41716811E+01  -0.67567938E+00   0.00000000E+00
 0.46666667E+01  -0.33873413E+01  -0.52036285E+00   0.00000000E+00
 0.48333333E+01  -0.27381120E+01  -0.40015866E+00   0.00000000E+00
 0.50000000E+01  -0.22032768E+01  -0.30741408E+00   0.00000000E+00
 0.51666667E+01  -0.17647960E+01  -0.23601639E+00   0.00000000E+00
 0.53333333E+01  -0.14070631E+01  -0.18113941E+00   0.00000000E+00
 0.55000000E+01  -0.11166538E+01  -0.13900578E+00   0.00000000E+00
 0.56666667E+01  -0.88208413E+00  -0.10667820E+00   0.00000000E+00
 0.58333333E+01  -0.69358265E+00  -0.81883601E-01   0.00000000E+00
 0.60000000E+01  -0.54288068E+00  -0.62869194E-01   0.00000000E+00
 0.61666667E+01  -0.42302077E+00  -0.48286809E-01   0.00000000E+00
 0.63333333E+01  -0.32818311E+00  -0.37101372E-01   0.00000000E+00
 0.65000000E+01  -0.25352917E+00  -0.28519157E-01   0.00000000E+00
 0.66666667E+01  -0.19506143E+00  -0.21931979E-01   0.00000000E+00
 0.68333333E+01  -0.14949846E+00  -0.16874020E-01   0.00000000E+00
 0.70000000E+01  -0.11416424E+00  -0.12988559E-01   0.00000000E+00
 0.71666667E+01  -0.86890943E-01  -0.10002417E-01   0.00000000E+00
 0.73333333E+01  -0.65934095E-01  -0.77063472E-02   0.00000000E+00
 0.75000000E+01  -0.49899238E-01  -0.59400320E-02   0.00000000E+00
 0.76666667E+01  -0.37679053E-01  -0.45805918E-02   0.00000000E+00
 0.78333333E+01  -0.28399966E-01  -0.35338037E-02   0.00000000E+00
 0.80000000E+01  -0.21377206E-01  -0.27273839E-02   0.00000000E+00
 0.81666667E+01  -0.16077341E-01  -0.21058524E-02   0.00000000E+00
 0.83333333E+01  -0.12087330E-01  -0.16266047E-02   0.00000000E+00
 0.85000000E+01  -0.90891973E-02  -0.12569072E-02   0.00000000E+00
 0.86666667E+01  -0.68394909E-02  -0.97159700E-03   0.00000000E+00
 0.88333333E+01  -0.51527764E-02  -0.75132114E-03   0.00000000E+00
 0.90000000E+01  -0.38884802E-02  -0.58118770E-03   0.00000000E+00
 0.91666667E+01  -0.29404965E-02  -0.44973182E-03   0.00000000E+00
 0.93333333E+01  -0.22290423E-02  -0.34812272E-03   0.00000000E+00
 0.95000000E+01  -0.16943233E-02  -0.26955540E-03   0.00000000E+00
 0.96666667E+01  -0.12916466E-02  -0.20878349E-03   0.00000000E+00
 0.98333333E+01  -0.98767468E-03  -0.16176046E-03   0.00000000E+00
 0.10000000E+02  -0.75757398E-03  -0.12536393E-03   0.00000000E+00
 0.10166667E+02  -0.58285746E-03  -0.97183572E-04   0.00000000E+00
 0.10333333E+02  -0.44976142E-03  -0.75358000E-04   0.00000000E+00
 0.10500000E+02  -0.34803031E-03  -0.58449188E-04   0.00000000E+00
 0.10666667E+02  -0.27001089E-03  -0.45345765E-04   0.00000000E+00
 0.10833333E+02  -0.20997944E-03  -0.35188503E-04   0.00000000E+00
 0.11000000E+02  -0.16364343E-03  -0.27312877E-04   0.00000000E+00
 0.11166667E+02  -0.12777316E-03  -0.21204776E-04   0.00000000E+00
 0.11333333E+02  -0.99929787E-04  -0.16466321E-04   0.00000000E+00
 0.11500000E+02  -0.78264462E-04  -0.12789492E-04   0.00000000E+00
 0.11666667E+02  -0.61369971E-04  -0.99357614E-05   0.00000000E+00
 0.11833333E+02  -0.48170919E-04  -0.77203610E-05   0.00000000E+00
 0.12000000E+02  -0.37842257E-04  -0.60001234E-05   0.00000000E+00
 0.12166667E+02  -0.29748636E-04  -0.46640855E-05   0.00000000E+00
 0.12333333E+02  -0.23399094E-04  -0.36262212E-05   0.00000000E+00
 0.12500000E+02  -0.18413043E-04  -0.28198200E-05   0.00000000E+00
 0.12666667E+02  -0.14494625E-04  -0.21931366E-05   0.00000000E+00
 0.12833333E+02  -0.11413285E-04  -0.17060240E-05   0.00000000E+00
 0.13000000E+02  -0.89889688E-05  -0.13273268E-05   0.00000000E+00
 0.13166667E+02  -0.70808133E-05  -0.10328612E-05   0.00000000E+00
 0.13333333E+02  -0.55784469E-05  -0.80385114E-06   0.00000000E+00
 0.13500000E+02  -0.43952825E-05  -0.62571588E-06   0.00000000E+00
 0.13666667E+02  -0.34633233E-05  -0.48713004E-06   0.00000000E+00
 0.13833333E+02  -0.27291273E-05  -0.37929510E-06   0.00000000E+00
 0.14000000E+02  -0.21506650E-05  -0.29537423E-06   0.00000000E+00
 0.14166667E+02  -0.16948653E-05  -0.23005386E-06   0.00000000E+00
 0.14333333E+02  -0.13356953E-05  -0.17920353E-06   0.00000000E+00
 0.14500000E+02  -0.10526567E-05  -0.13961186E-06   0.00000000E+00
 0.14666667E+02  -0.82960479E-06  -0.10878160E-06   0.00000000E+00
 0.14833333E+02  -0.65382180E-06  -0.84770484E-07   0.00000000E+00
 0.15000000E+02  -0.51528813E-06  -0.66067628E-07   0.00000000E+00
 0.15166667E+02  -0.40610907E-06  -0.51497528E-07   0.00000000E+00
 0.15333333E+02  -0.32006378E-06  -0.40145466E-07   0.00000000E+00
 0.15500000E+02  -0.25225004E-06  -0.31299539E-07   0.00000000E+00
 0.15666667E+02  -0.19880466E-06  -0.24405605E-07   0.00000000E+00
 0.15833333E+02  -0.15668315E-06  -0.19032261E-07   0.00000000E+00
 0.16000000E+02  -0.12348616E-06  -0.14843602E-07   0.00000000E+00
 0.16166667E+02  -0.97322775E-07  -0.11578048E-07   0.00000000E+00
 0.16333333E+02  -0.76702726E-07  -0.90318678E-08   0.00000000E+00
 0.16500000E+02  -0.60451517E-07  -0.70463629E-08   0.00000000E+00
 0.16666667E+02  -0.47643500E-07  -0.54978989E-08   0.00000000E+00
 0.16833333E+02  -0.37549153E-07  -0.42901446E-08   0.00000000E+00
 0.17000000E+02  -0.29593522E-07  -0.33480326E-08   0.00000000E+00
 0.17166667E+02  -0.23323471E-07  -0.26130588E-08   0.00000000E+00
 0.17333333E+02  -0.18381871E-07  -0.20396217E-08   0.00000000E+00
 0.17500000E+02  -0.14487260E-07  -0.15921728E-08   0.00000000E+00
 0.17666667E+02  -0.11417810E-07  -0.12429973E-08   0.00000000E+00
 0.17833333E+02  -0.89986914E-08  -0.97048502E-09   0.00000000E+00
 0.18000000E+02  -0.70921173E-08  -0.75778397E-09   0.00000000E+00
 0.18166667E+02  -0.55894935E-08  -0.59175130E-09   0.00000000E+00
 0.18333333E+02  -0.44052343E-08  -0.46213577E-09   0.00000000E+00
 0.18500000E+02  -0.34718868E-08  -0.36094069E-09   0.00000000E+00
 0.18666667E+02  -0.27362899E-08  -0.28192744E-09   0.00000000E+00
 0.18833333E+02  -0.21565457E-08  -0.22022848E-09   0.00000000E+00
 0.19000000E+02  -0.16996332E-08  -0.17204562E-09   0.00000000E+00
 0.19166667E+02  -0.13395279E-08  -0.13441483E-09   0.00000000E+00
 0.19333333E+02  -0.10557190E-08  -0.10502280E-09   0.00000000E+00
 0.19500000E+02  -0.83204128E-09  -0.82063923E-10   0.00000000E+00
 0.19666667E+02  -0.65575472E-09  -0.64128736E-10   0.00000000E+00
 0.19833333E+02  -0.51681841E-09  -0.50116909E-10   0.00000000E+00
 0.20000000E+02  -0.40731887E-09  -0.39169366E-10   0.00000000E+00
 0.20166667E+02  -0.32101925E-09  -0.30615332E-10   0.00000000E+00
 0.20333333E+02  -0.25300414E-09  -0.23931012E-10   0.00000000E+00
 0.20500000E+02  -0.19939955E-09  -0.18707353E-10   0.00000000E+00
 0.20666667E+02  -0.15715230E-09  -0.14624880E-10   0.00000000E+00
 0.20833333E+02  -0.12385607E-09  -0.11434062E-10   0.00000000E+00
 0.21000000E+02  -0.97614389E-10  -0.89399802E-11   0.00000000E+00
 0.21166667E+02  -0.76932597E-10  -0.69903663E-11   0.00000000E+00
 0.21333333E+02  -0.60632705E-10  -0.54662594E-11   0.00000000E+00
 0.21500000E+02  -0.47786310E-10  -0.42747138E-11   0.00000000E+00
 0.21666667E+02  -0.37661711E-10  -0.33431045E-11   0.00000000E+00
 0.21833333E+02  -0.29682235E-10  -0.26146801E-11   0.00000000E+00
 0.22000000E+02  -0.23393389E-10  -0.20450903E-11   0.00000000E+00
 0.22166667E+02  -0.18436977E-10  -0.15996734E-11   0.00000000E+00
 0.22333333E+02  -0.14530691E-10  -0.12513382E-11   0.00000000E+00
 0.22500000E+02  -0.11452039E-10  -0.97890895E-12   0.00000000E+00
 0.22666667E+02  -0.90256681E-11  -0.76583236E-12   0.00000000E+00
 0.22833333E+02  -0.71133784E-11  -0.59916799E-12   0.00000000E+00
 0.23000000E+02  -0.56062500E-11  -0.46879896E-12   0.00000000E+00
 0.23166667E+02  -0.44184405E-11  -0.36681533E-12   0.00000000E+00
 0.23333333E+02  -0.34822951E-11  -0.28703232E-12   0.00000000E+00
 0.23500000E+02  -0.27444929E-11  -0.22461371E-12   0.00000000E+00
 0.23666667E+02  -0.21630107E-11  -0.17577762E-12   0.00000000E+00
 0.23833333E+02  -0.17047285E-11  -0.13756642E-12   0.00000000E+00
 0.24000000E+02  -0.13435436E-11  -0.10766698E-12   0.00000000E+00
 0.24166667E+02  -0.10588839E-11  -0.84270115E-13   0.00000000E+00
 0.24333333E+02  -0.83453562E-12  -0.65960704E-13   0.00000000E+00
 0.24500000E+02  -0.65772058E-12  -0.51631811E-13   0.00000000E+00
 0.24666667E+02  -0.51836776E-12  -0.40417508E-13   0.00000000E+00
 0.24833333E+02  -0.40853995E-12  -0.31640368E-13   0.00000000E+00
 0.25000000E+02  -0.32198162E-12  -0.24770404E-13   0.00000000E+00
 0.25166667E+02  -0.25376261E-12  -0.19392953E-13   0.00000000E+00
 0.25333333E+02  -0.19999733E-12  -0.15183569E-13   0.00000000E+00
 0.25500000E+02  -0.15762342E-12  -0.11888377E-13   0.00000000E+00
 0.25666667E+02  -0.12422737E-12  -0.93087172E-14   0.00000000E+00
 0.25833333E+02  -0.97907023E-13  -0.72891252E-14   0.00000000E+00
 0.26000000E+02  -0.77163230E-13  -0.57079356E-14   0.00000000E+00
 0.26166667E+02  -0.60814473E-13  -0.44699283E-14   0.00000000E+00
 0.26333333E+02  -0.47929566E-13  -0.35005773E-14   0.00000000E+00
 0.26500000E+02  -0.37774616E-13  -0.27415501E-14   0.00000000E+00
 0.26666667E+02  -0.29771218E-13  -0.21471871E-14   0.00000000E+00
 0.26833333E+02  -0.23463520E-13  -0.16817465E-14   0.00000000E+00
 0.27000000E+02  -0.18492248E-13  -0.13172492E-14   0.00000000E+00
 0.27166667E+02  -0.14574252E-13  -0.10317914E-14   0.00000000E+00
 0.27333333E+02  -0.11486370E-13  -0.80822490E-15   0.00000000E+00
 0.27500000E+02  -0.90527258E-14  -0.63312386E-15   0.00000000E+00
 0.27666667E+02  -0.71347033E-14  -0.49597649E-15   0.00000000E+00
 0.27833333E+02  -0.56230568E-14  -0.38855210E-15   0.00000000E+00
 0.28000000E+02  -0.44316864E-14  -0.30440586E-15   0.00000000E+00
 0.28166667E+02  -0.34927345E-14  -0.23849107E-15   0.00000000E+00
 0.28333333E+02  -0.27527205E-14  -0.18685575E-15   0.00000000E+00
 0.28500000E+02  -0.21694951E-14  -0.14640497E-15   0.00000000E+00
 0.28666667E+02  -0.17098390E-14  -0.11471496E-15   0.00000000E+00
 0.28833333E+02  -0.13475714E-14  -0.89887425E-16   0.00000000E+00
 0.29000000E+02  -0.10620582E-14  -0.70435621E-16   0.00000000E+00
 0.29166667E+02  -0.83703744E-15  -0.55195046E-16   0.00000000E+00
 0.29333333E+02  -0.65969233E-15  -0.43253577E-16   0.00000000E+00
 0.29500000E+02  -0.51992175E-15  -0.33896744E-16   0.00000000E+00
 0.29666667E+02  -0.40976470E-15  -0.26564876E-16   0.00000000E+00
 0.29833333E+02  -0.32294688E-15  -0.20819549E-16   0.00000000E+00
 0.30000000E+02  -0.25452336E-15  -0.16317304E-16   0.00000000E+00
 0.30166667E+02  -0.20059689E-15  -0.12789068E-16   0.00000000E+00
 0.30333333E+02  -0.15809595E-15  -0.10024036E-16   0.00000000E+00
 0.30500000E+02  -0.12459979E-15  -0.78570492E-17   0.00000000E+00
 0.30666667E+02  -0.98200534E-16  -0.61587034E-17   0.00000000E+00
 0.30833333E+02  -0.77394554E-16  -0.48276073E-17   0.00000000E+00
 0.31000000E+02  -0.60996786E-16  -0.37843150E-17   0.00000000E+00
 0.31166667E+02  -0.48073253E-16  -0.29665738E-17   0.00000000E+00
 0.31333333E+02  -0.37887858E-16  -0.23256024E-17   0.00000000E+00
 0.31500000E+02  -0.29860468E-16  -0.18231738E-17   0.00000000E+00
 0.31666667E+02  -0.23533860E-16  -0.14293310E-17   0.00000000E+00
 0.31833333E+02  -0.18547685E-16  -0.11205974E-17   0.00000000E+00
 0.32000000E+02  -0.14617943E-16  -0.87857391E-18   0.00000000E+00
 0.32166667E+02  -0.11520805E-16  -0.68884066E-18   0.00000000E+00
 0.32333333E+02  -0.90798646E-17  -0.54009593E-18   0.00000000E+00
 0.32500000E+02  -0.71560921E-17  -0.42348163E-18   0.00000000E+00
 0.32666667E+02  -0.56399139E-17  -0.33205473E-18   0.00000000E+00
 0.32833333E+02  -0.44449720E-17  -0.26037307E-18   0.00000000E+00
 0.33000000E+02  -0.35032052E-17  -0.20417081E-18   0.00000000E+00
 0.33166667E+02  -0.27609728E-17  -0.16010405E-18   0.00000000E+00
 0.33333333E+02  -0.21759990E-17  -0.12555151E-18   0.00000000E+00
 0.33500000E+02  -0.17149649E-17  -0.98458324E-19   0.00000000E+00
 0.33666667E+02  -0.13516112E-17  -0.77213578E-19   0.00000000E+00
 0.33833333E+02  -0.10652421E-17  -0.60554380E-19   0.00000000E+00
 0.34000000E+02  -0.83954676E-18  -0.47490636E-19   0.00000000E+00
 0.34166667E+02  -0.66167000E-18  -0.37246103E-19   0.00000000E+00
 0.34333333E+02  -0.52148040E-18  -0.29212185E-19   0.00000000E+00
 0.34500000E+02  -0.41099311E-18  -0.22911708E-19   0.00000000E+00
 0.34666667E+02  -0.32391503E-18  -0.17970536E-19   0.00000000E+00
 0.34833333E+02  -0.25528638E-18  -0.14095310E-19   0.00000000E+00
 0.35000000E+02  -0.20119825E-18  -0.11056004E-19   0.00000000E+00
 0.35166667E+02  -0.15856990E-18  -0.86722454E-20   0.00000000E+00
 0.35333333E+02  -0.12497332E-18  -0.68025964E-20   0.00000000E+00
 0.35500000E+02  -0.98494926E-19  -0.53361437E-20   0.00000000E+00
 0.35666667E+02  -0.77626572E-19  -0.41859101E-20   0.00000000E+00
 0.35833333E+02  -0.61179646E-19  -0.32836871E-20   0.00000000E+00
 0.36000000E+02  -0.48217369E-19  -0.25759832E-20   0.00000000E+00
 0.36166667E+02  -0.38001441E-19  -0.20208477E-20   0.00000000E+00
 0.36333333E+02  -0.29949986E-19  -0.15853800E-20   0.00000000E+00
 0.36500000E+02  -0.23604411E-19  -0.12437764E-20   0.00000000E+00
 0.36666667E+02  -0.18603288E-19  -0.97579885E-21   0.00000000E+00
 0.36833333E+02  -0.14661766E-19  -0.76557415E-21   0.00000000E+00
 0.37000000E+02  -0.11555343E-19  -0.60065226E-21   0.00000000E+00
 0.37166667E+02  -0.91070847E-20  -0.47126781E-21   0.00000000E+00
 0.37333333E+02  -0.71775451E-20  -0.36976106E-21   0.00000000E+00
 0.37500000E+02  -0.56568216E-20  -0.29012371E-21   0.00000000E+00
 0.37666667E+02  -0.44582974E-20  -0.22764277E-21   0.00000000E+00
 0.37833333E+02  -0.35137073E-20  -0.17862119E-21   0.00000000E+00
 0.38000000E+02  -0.27692498E-20  -0.14015886E-21   0.00000000E+00
 0.38166667E+02  -0.21825223E-20  -0.10998070E-21   0.00000000E+00
 0.38333333E+02  -0.17201061E-20  -0.86301962E-22   0.00000000E+00
 0.38500000E+02  -0.13556632E-20  -0.67722515E-22   0.00000000E+00
 0.38666667E+02  -0.10684356E-20  -0.53143924E-22   0.00000000E+00
 0.38833333E+02  -0.84206360E-21  -0.41704435E-22   0.00000000E+00
 0.39000000E+02  -0.66365359E-21  -0.32727954E-22   0.00000000E+00
 0.39166667E+02  -0.52304373E-21  -0.25684044E-22   0.00000000E+00
 0.39333333E+02  -0.41222521E-21  -0.20156532E-22   0.00000000E+00
 0.39500000E+02  -0.32488608E-21  -0.15818891E-22   0.00000000E+00
 0.39666667E+02  -0.25605169E-21  -0.12414921E-22   0.00000000E+00
 0.39833333E+02  -0.20180141E-21  -0.97436028E-23   0.00000000E+00
 0.40000000E+02  -0.15904527E-21  -0.76472058E-23   0.00000000E+00

