# q, q weight, overlap, error, I term
# 
7.898767725640354342e-04 2.026811968874553827e-03 6.363231016921948680e+01 0.000000000000000000e+00 6.363231016921948680e+01
4.159474881161862037e-03 4.712729926954788671e-03 6.363059603688624577e+01 0.000000000000000000e+00 6.363059603688624577e+01
1.021210477777834136e-02 7.389931163347146330e-03 6.362165648713362742e+01 0.000000000000000000e+00 6.362165648713362742e+01
1.893279824740179418e-02 1.004755718228764021e-02 6.359554611036904248e+01 0.000000000000000000e+00 6.359554611036904248e+01
3.029821123494724766e-02 1.267816647681607387e-02 6.353811806678266549e+01 0.000000000000000000e+00 6.353811806678266549e+01
4.427774416000385127e-02 1.527461859678459592e-02 6.343130963718009951e+01 0.000000000000000000e+00 6.343130963718009951e+01
6.083372388357677352e-02 1.782990101420800499e-02 6.325358195191974175e+01 0.000000000000000000e+00 6.325358195191974175e+01
7.992152382237249775e-02 2.033712072945731419e-02 6.298055582721160306e+01 0.000000000000000000e+00 6.298055582721160306e+01
1.014896891899540465e-01 2.278951694399772993e-02 6.258588107832684244e+01 0.000000000000000000e+00 6.258588107832684244e+01
1.254800773531017377e-01 2.518047762152112595e-02 6.204236215613647687e+01 0.000000000000000000e+00 6.204236215613647687e+01
1.518280152140702999e-01 2.750355674992454452e-02 6.132333712297538852e+01 0.000000000000000000e+00 6.132333712297538852e+01
1.804624738378541871e-01 2.975249150078879135e-02 6.040427034674410578e+01 0.000000000000000000e+00 6.040427034674410578e+01
2.113062600677360070e-01 3.192121901929622502e-02 5.926447514175145415e+01 0.000000000000000000e+00 5.926447514175145415e+01
2.442762246934143677e-01 3.400389272494652726e-02 5.788883754953518235e+01 0.000000000000000000e+00 5.788883754953518235e+01
2.792834866442696073e-01 3.599489805108439106e-02 5.626937610134118728e+01 0.000000000000000000e+00 5.626937610134118728e+01
3.162336726186445457e-01 3.788886756924329108e-02 5.440645553611243912e+01 0.000000000000000000e+00 5.440645553611243912e+01
3.550271715105229875e-01 3.968069545238078061e-02 5.230948414757346399e+01 0.000000000000000000e+00 5.230948414757346399e+01
3.955594029514896137e-01 4.136555123558455921e-02 4.999696862501168226e+01 0.000000000000000000e+00 4.999696862501168226e+01
4.377210992460554007e-01 4.293889283593546602e-02 4.749587308030854871e+01 0.000000000000000000e+00 4.749587308030854871e+01
4.813985999414301942e-01 4.439647879578687700e-02 4.484031838630043865e+01 0.000000000000000000e+00 4.484031838630043865e+01
5.264741582382929108e-01 4.573437971611435393e-02 4.206974629760026829e+01 0.000000000000000000e+00 4.206974629760026829e+01
5.728262584169215854e-01 4.694898884891196555e-02 3.922674161110452928e+01 0.000000000000000000e+00 3.922674161110452928e+01
6.203299434232020237e-01 4.803703181997100863e-02 3.635474106716250020e+01 0.000000000000000000e+00 3.635474106716250020e+01
6.688571517315518022e-01 4.899557545575666112e-02 3.349585460935117709e+01 0.000000000000000000e+00 3.349585460935117709e+01
7.182770625767382899e-01 4.982203569054995812e-02 3.068898728639565121e+01 0.000000000000000000e+00 3.068898728639565121e+01
7.684564486239706671e-01 5.051418453250917928e-02 2.796838996764045859e+01 0.000000000000000000e+00 2.796838996764045859e+01
8.192600351265746372e-01 5.107015606985539080e-02 2.536269867363118635e+01 0.000000000000000000e+00 2.536269867363118635e+01
8.705508646030549746e-01 5.148845150098073364e-02 2.289445900648876986e+01 0.000000000000000000e+00 2.289445900648876986e+01
9.221906660504634035e-01 5.176794317491002079e-02 2.058008308426964916e+01 0.000000000000000000e+00 2.058008308426964916e+01
9.740402276987522034e-01 5.190787763122046289e-02 1.843015558987675107e+01 0.000000000000000000e+00 1.843015558987675107e+01
1.025959772301247908e+00 5.190787763122046289e-02 1.644999259120278978e+01 0.000000000000000000e+00 1.644999259120278978e+01
1.077809333949536486e+00 5.176794317491002079e-02 1.464035827355041519e+01 0.000000000000000000e+00 1.464035827355041519e+01
1.129449135396944914e+00 5.148845150098073364e-02 1.299825598641129787e+01 0.000000000000000000e+00 1.299825598641129787e+01
1.180739964873425363e+00 5.107015606985539080e-02 1.151772646199984962e+01 0.000000000000000000e+00 1.151772646199984962e+01
1.231543551376029333e+00 5.051418453250917928e-02 1.019060400161121471e+01 0.000000000000000000e+00 1.019060400161121471e+01
1.281722937423261710e+00 4.982203569054995812e-02 9.007198297500528028e+00 0.000000000000000000e+00 9.007198297500528028e+00
1.331142848268448198e+00 4.899557545575666112e-02 7.956883915060256385e+00 0.000000000000000000e+00 7.956883915060256385e+00
1.379670056576797865e+00 4.803703181997100863e-02 7.028590724008644486e+00 0.000000000000000000e+00 7.028590724008644486e+00
1.427173741583078304e+00 4.694898884891196555e-02 6.211196748162676862e+00 0.000000000000000000e+00 6.211196748162676862e+00
1.473525841761706978e+00 4.573437971611435393e-02 5.493830349911735134e+00 0.000000000000000000e+00 5.493830349911735134e+00
1.518601400058569695e+00 4.439647879578687700e-02 4.866091876967113095e+00 0.000000000000000000e+00 4.866091876967113095e+00
1.562278900753944599e+00 4.293889283593546602e-02 4.318206401335595856e+00 0.000000000000000000e+00 4.318206401335595856e+00
1.604440597048510497e+00 4.136555123558455921e-02 3.841119456032437984e+00 0.000000000000000000e+00 3.841119456032437984e+00
1.644972828489477124e+00 3.968069545238078061e-02 3.426547129814335513e+00 0.000000000000000000e+00 3.426547129814335513e+00
1.683766327381355454e+00 3.788886756924329108e-02 3.066990835348524680e+00 0.000000000000000000e+00 3.066990835348524680e+00
1.720716513355730282e+00 3.599489805108439106e-02 2.755725762877036189e+00 0.000000000000000000e+00 2.755725762877036189e+00
1.755723775306585743e+00 3.400389272494652726e-02 2.486770641738674570e+00 0.000000000000000000e+00 2.486770641738674570e+00
1.788693739932263993e+00 3.192121901929622502e-02 2.254845072216876467e+00 0.000000000000000000e+00 2.254845072216876467e+00
1.819537526162145813e+00 2.975249150078879135e-02 2.055319432787237499e+00 0.000000000000000000e+00 2.055319432787237499e+00
1.848171984785929700e+00 2.750355674992454452e-02 1.884161253267095271e+00 0.000000000000000000e+00 1.884161253267095271e+00
1.874519922646898262e+00 2.518047762152112595e-02 1.737880989772716545e+00 0.000000000000000000e+00 1.737880989772716545e+00
1.898510310810046064e+00 2.278951694399772993e-02 1.613479344092426881e+00 0.000000000000000000e+00 1.613479344092426881e+00
1.920078476177627502e+00 2.033712072945731419e-02 1.508397629244706328e+00 0.000000000000000000e+00 1.508397629244706328e+00
1.939166276116423226e+00 1.782990101420800499e-02 1.420472179811317126e+00 0.000000000000000000e+00 1.420472179811317126e+00
1.955722255839996038e+00 1.527461859678459592e-02 1.347893422317689494e+00 0.000000000000000000e+00 1.347893422317689494e+00
1.969701788765052752e+00 1.267816647681607387e-02 1.289169938365656520e+00 0.000000000000000000e+00 1.289169938365656520e+00
1.981067201752598095e+00 1.004755718228764021e-02 1.243097650258429443e+00 0.000000000000000000e+00 1.243097650258429443e+00
1.989787895222221659e+00 7.389931163347146330e-03 1.208734099746712642e+00 0.000000000000000000e+00 1.208734099746712642e+00
1.995840525118838027e+00 4.712729926954788671e-03 1.185377500237613901e+00 0.000000000000000000e+00 1.185377500237613901e+00
1.999210123227435965e+00 2.026811968874553827e-03 1.172547149879426209e+00 0.000000000000000000e+00 1.172547149879426209e+00
2.003159507090256142e+00 8.107247875498215309e-03 1.157664628156030329e+00 0.000000000000000000e+00 1.157664628156030329e+00
2.016637899524647448e+00 1.885091970781915469e-02 1.108115753755894772e+00 0.000000000000000000e+00 1.108115753755894772e+00
2.040848419111113365e+00 2.955972465338858532e-02 1.023775207394836961e+00 0.000000000000000000e+00 1.023775207394836961e+00
2.075731192989607177e+00 4.019022872915056083e-02 9.121705864301100641e-01 0.000000000000000000e+00 9.121705864301100641e-01
2.121192844939788991e+00 5.071266590726429546e-02 7.828081780543316714e-01 0.000000000000000000e+00 7.828081780543316714e-01
2.177110976640015405e+00 6.109847438713838369e-02 6.459170930020478041e-01 0.000000000000000000e+00 6.459170930020478041e-01
2.243334895534307094e+00 7.131960405683201998e-02 5.111996708705339731e-01 0.000000000000000000e+00 5.111996708705339731e-01
2.319686095289489991e+00 8.134848291782925678e-02 3.867743327825116095e-01 0.000000000000000000e+00 3.867743327825116095e-01
2.405958756759816186e+00 9.115806777599091970e-02 2.784620847164078761e-01 0.000000000000000000e+00 2.784620847164078761e-01
2.501920309412406951e+00 1.007219104860845038e-01 1.894932476690798506e-01 0.000000000000000000e+00 1.894932476690798506e-01
2.607312060856281200e+00 1.100142269996981781e-01 1.206253840541938738e-01 0.000000000000000000e+00 1.206253840541938738e-01
2.721849895351416748e+00 1.190099660031551654e-01 7.058787162399104975e-02 0.000000000000000000e+00 7.058787162399104975e-02
2.845225040270944028e+00 1.276848760771849001e-01 3.672008763417843741e-02 0.000000000000000000e+00 3.672008763417843741e-02
2.977104898773657471e+00 1.360155708997861090e-01 1.565714811662998959e-02 0.000000000000000000e+00 1.565714811662998959e-02
3.117133946577078429e+00 1.439795922043375642e-01 3.937686942381669365e-03 0.000000000000000000e+00 3.937686942381669365e-03
3.264934690474578183e+00 1.515554702769731643e-01 1.548352071223640936e-03 0.000000000000000000e+00 1.548352071223640936e-03
3.420108686042091950e+00 1.587227818095231224e-01 3.302477056522838336e-03 0.000000000000000000e+00 3.302477056522838336e-03
3.582237611805958455e+00 1.654622049423382368e-01 3.136297940201507924e-03 0.000000000000000000e+00 3.136297940201507924e-03
3.750884396984221603e+00 1.717555713437418641e-01 2.221780280211033652e-03 0.000000000000000000e+00 2.221780280211033652e-03
3.925594399765720777e+00 1.775859151831475080e-01 1.217707286979285769e-03 0.000000000000000000e+00 1.217707286979285769e-03
4.105896632953172087e+00 1.829375188644574157e-01 4.215125264838893342e-04 0.000000000000000000e+00 4.215125264838893342e-04
4.291305033667686786e+00 1.877959553956478622e-01 9.028603639885014341e-05 0.000000000000000000e+00 9.028603639885014341e-05
4.481319773692808539e+00 1.921481272798840345e-01 3.529369012490537767e-04 0.000000000000000000e+00 3.529369012490537767e-04
4.675428606926207209e+00 1.959823018230266445e-01 4.408957202842648626e-04 0.000000000000000000e+00 4.408957202842648626e-04
4.873108250306953160e+00 1.992881427621998325e-01 4.274946572962079103e-04 0.000000000000000000e+00 4.274946572962079103e-04
5.073825794495882668e+00 2.020567381300367171e-01 3.680200010775606110e-04 0.000000000000000000e+00 3.680200010775606110e-04
5.277040140506298549e+00 2.042806242794215632e-01 2.969278274141614899e-04 0.000000000000000000e+00 2.969278274141614899e-04
5.482203458412220343e+00 2.059538060039229346e-01 2.317612639520462339e-04 0.000000000000000000e+00 2.317612639520462339e-04
5.688762664201853170e+00 2.070717726996400831e-01 1.789151315254470316e-04 0.000000000000000000e+00 1.789151315254470316e-04
5.896160910795009258e+00 2.076315105248818516e-01 1.387251991329475150e-04 0.000000000000000000e+00 1.387251991329475150e-04
6.103839089204991630e+00 2.076315105248818516e-01 1.090012776860998855e-04 0.000000000000000000e+00 1.090012776860998855e-04
6.311237335798145942e+00 2.070717726996400831e-01 8.704247949139173911e-05 0.000000000000000000e+00 8.704247949139173911e-05
6.517796541587779657e+00 2.059538060039229346e-01 7.054247936209544494e-05 0.000000000000000000e+00 7.054247936209544494e-05
6.722959859493701451e+00 2.042806242794215632e-01 5.783467912200752659e-05 0.000000000000000000e+00 5.783467912200752659e-05
6.926174205504117332e+00 2.020567381300367171e-01 4.782450002410173562e-05 0.000000000000000000e+00 4.782450002410173562e-05
7.126891749693046840e+00 1.992881427621998325e-01 3.982346283828609051e-05 0.000000000000000000e+00 3.982346283828609051e-05
7.324571393073792791e+00 1.959823018230266445e-01 3.339148820186378159e-05 0.000000000000000000e+00 3.339148820186378159e-05
7.518680226307191461e+00 1.921481272798840345e-01 2.822445703926325979e-05 0.000000000000000000e+00 2.822445703926325979e-05
7.708694966332313214e+00 1.877959553956478622e-01 2.408826284435832600e-05 0.000000000000000000e+00 2.408826284435832600e-05
7.894103367046827913e+00 1.829375188644574157e-01 2.078701541597306288e-05 0.000000000000000000e+00 2.078701541597306288e-05
8.074405600234278779e+00 1.775859151831475080e-01 1.815139188778563606e-05 0.000000000000000000e+00 1.815139188778563606e-05
8.249115603015777509e+00 1.717555713437418641e-01 1.603632927179543771e-05 0.000000000000000000e+00 1.603632927179543771e-05
8.417762388194041989e+00 1.654622049423382368e-01 1.432140071504430062e-05 0.000000000000000000e+00 1.432140071504430062e-05
8.579891313957908494e+00 1.587227818095231224e-01 1.291062462385781966e-05 0.000000000000000000e+00 1.291062462385781966e-05
8.735065309525420929e+00 1.515554702769731643e-01 1.173069943795882748e-05 0.000000000000000000e+00 1.173069943795882748e-05
8.882866053422921127e+00 1.439795922043375642e-01 1.072786451368807508e-05 0.000000000000000000e+00 1.072786451368807508e-05
9.022895101226342973e+00 1.360155708997861090e-01 9.864045214769170109e-06 0.000000000000000000e+00 9.864045214769170109e-06
9.154774959729056860e+00 1.276848760771849001e-01 9.112952422981968078e-06 0.000000000000000000e+00 9.112952422981968078e-06
9.278150104648583252e+00 1.190099660031551654e-01 8.456617848961435764e-06 0.000000000000000000e+00 8.456617848961435764e-06
9.392687939143719689e+00 1.100142269996981781e-01 7.882613477207088757e-06 0.000000000000000000e+00 7.882613477207088757e-06
9.498079690587593049e+00 1.007219104860845038e-01 7.382009062730139704e-06 0.000000000000000000e+00 7.382009062730139704e-06
9.594041243240184258e+00 9.115806777599091970e-02 6.947994236626693487e-06 0.000000000000000000e+00 6.947994236626693487e-06
9.680313904710509121e+00 8.134848291782925678e-02 6.575029259121451912e-06 0.000000000000000000e+00 6.575029259121451912e-06
9.756665104465692906e+00 7.131960405683201998e-02 6.258375425554594169e-06 0.000000000000000000e+00 6.258375425554594169e-06
9.822889023359984151e+00 6.109847438713838369e-02 5.993873303841881870e-06 0.000000000000000000e+00 5.993873303841881870e-06
9.878807155060211898e+00 5.071266590726429546e-02 5.777867073015633342e-06 0.000000000000000000e+00 5.777867073015633342e-06
9.924268807010392379e+00 4.019022872915056083e-02 5.607204481582706071e-06 0.000000000000000000e+00 5.607204481582706071e-06
9.959151580888885746e+00 2.955972465338858532e-02 5.479268168424009381e-06 0.000000000000000000e+00 5.479268168424009381e-06
9.983362100475352108e+00 1.885091970781915469e-02 5.392012685127765138e-06 0.000000000000000000e+00 5.392012685127765138e-06
9.996840492909743858e+00 8.107247875498215309e-03 5.343982848621664195e-06 0.000000000000000000e+00 5.343982848621664195e-06
