# q, q weight, overlap, error, I term
# 
7.898767725640354342e-04 2.026811968874553827e-03 1.007734910821337926e-01 2.684805025950004823e-02 1.078471670391473597e-01
4.159474881161862037e-03 4.712729926954788671e-03 5.175124997814213312e-01 2.518093622350973254e-02 5.678975375924597557e-01
1.021210477777834136e-02 7.389931163347146330e-03 1.344797832330007159e+00 2.529449027011727857e-02 1.393969545876857286e+00
1.893279824740179418e-02 1.004755718228764021e-02 2.458940871637933512e+00 2.515111653577112999e-02 2.582734795489323609e+00
3.029821123494724766e-02 1.267816647681607387e-02 3.968488325995626287e+00 2.522046261043101728e-02 4.127444380620953979e+00
4.427774416000385127e-02 1.527461859678459592e-02 5.728755827825711577e+00 2.508633582631411563e-02 6.016325796592060016e+00
6.083372388357677352e-02 1.782990101420800499e-02 7.850869755369425995e+00 2.500923734471943022e-02 8.230501329822480727e+00
7.992152382237249775e-02 2.033712072945731419e-02 1.026489669002647354e+01 2.501802425505185098e-02 1.074174500921502506e+01
1.014896891899540465e-01 2.278951694399772993e-02 1.290553785817731480e+01 2.498001271253356276e-02 1.351036737396973564e+01
1.254800773531017377e-01 2.518047762152112595e-02 1.570974072792468945e+01 2.512224209877994552e-02 1.648358854220698788e+01
1.518280152140702999e-01 2.750355674992454452e-02 1.868937274567221962e+01 2.492026643506814118e-02 1.959480932554159338e+01
1.804624738378541871e-01 2.975249150078879135e-02 2.172311699114468198e+01 2.471780968892360250e-02 2.276418037888333856e+01
2.113062600677360070e-01 3.192121901929622502e-02 2.466141398921051575e+01 2.451213096562757099e-02 2.590077126613497072e+01
2.442762246934143677e-01 3.400389272494652726e-02 2.750082627999423224e+01 2.406845968867947841e-02 2.890644223658175349e+01
2.792834866442696073e-01 3.599489805108439106e-02 3.013470599922272442e+01 2.364806594487309579e-02 3.168123871995947738e+01
3.162336726186445457e-01 3.788886756924329108e-02 3.242568473429929554e+01 2.346344040141369949e-02 3.412981526664796661e+01
3.550271715105229875e-01 3.968069545238078061e-02 3.429867648522320422e+01 2.293639138353486748e-02 3.616813216946039944e+01
3.955594029514896137e-01 4.136555123558455921e-02 3.575968538470769431e+01 2.240259731618485933e-02 3.772953659906031731e+01
4.377210992460554007e-01 4.293889283593546602e-02 3.667904396447973880e+01 2.189460463987830813e-02 3.876939237912255010e+01
4.813985999414301942e-01 4.439647879578687700e-02 3.708754466120446835e+01 2.101651712692622145e-02 3.926765510193056485e+01
5.264741582382929108e-01 4.573437971611435393e-02 3.701549308517158465e+01 2.036236756377203527e-02 3.922914174637879370e+01
5.728262584169215854e-01 4.694898884891196555e-02 3.642064016758259726e+01 1.960824530874980681e-02 3.868162177038134075e+01
6.203299434232020237e-01 4.803703181997100863e-02 3.543725849787600168e+01 1.863345795192018414e-02 3.767216709310098111e+01
6.688571517315518022e-01 4.899557545575666112e-02 3.407400869504552787e+01 1.796113313591433946e-02 3.626238157245541061e+01
7.182770625767382899e-01 4.982203569054995812e-02 3.239484591078872455e+01 1.689732888560947430e-02 3.452317238644577913e+01
7.684564486239706671e-01 5.051418453250917928e-02 3.051333367825465004e+01 1.592775931523566016e-02 3.252965103172853389e+01
8.192600351265746372e-01 5.107015606985539080e-02 2.844851891733361526e+01 1.519411315158455955e-02 3.035660605935396461e+01
8.705508646030549746e-01 5.148845150098073364e-02 2.634108741858551284e+01 1.442516583232718655e-02 2.807482034492867840e+01
9.221906660504634035e-01 5.176794317491002079e-02 2.416295048420832003e+01 1.320682267640436829e-02 2.574834867547803796e+01
9.740402276987522034e-01 5.190787763122046289e-02 2.201833676223231961e+01 1.245895665309113519e-02 2.343274718062101414e+01
1.025959772301247908e+00 5.190787763122046289e-02 1.994682807720100826e+01 1.157233930476721934e-02 2.117416122804887735e+01
1.077809333949536486e+00 5.176794317491002079e-02 1.796394946009805693e+01 1.077545536442869531e-02 1.900913011369187444e+01
1.129449135396944914e+00 5.148845150098073364e-02 1.611680871042116792e+01 1.001258693866446253e-02 1.696494785258385818e+01
1.180739964873425363e+00 5.107015606985539080e-02 1.437054371443081102e+01 9.554441169530723116e-03 1.506042111574803499e+01
1.231543551376029333e+00 5.051418453250917928e-02 1.277041637716817135e+01 8.688966598514830803e-03 1.330688019415816825e+01
1.281722937423261710e+00 4.982203569054995812e-02 1.132778989650362966e+01 8.035011209105762109e-03 1.170932075967297514e+01
1.331142848268448198e+00 4.899557545575666112e-02 1.000868855715280326e+01 7.453424026630042949e-03 1.026757878722822781e+01
1.379670056576797865e+00 4.803703181997100863e-02 8.832859743671875208e+00 6.854366597373983371e-03 8.977465396445682089e+00
1.427173741583078304e+00 4.694898884891196555e-02 7.780951169277302348e+00 6.466882100747185086e-03 7.831810757667551748e+00
1.473525841761706978e+00 4.573437971611435393e-02 6.857184221383453071e+00 5.766666152979159875e-03 6.821385574833659149e+00
1.518601400058569695e+00 4.439647879578687700e-02 6.031201595006991489e+00 5.524600717506093772e-03 5.935684553524458451e+00
1.562278900753944599e+00 4.293889283593546602e-02 5.310197847485919276e+00 5.007817923950352336e-03 5.163568622843786926e+00
1.604440597048510497e+00 4.136555123558455921e-02 4.681409467005824609e+00 4.565889365805811048e-03 4.493771704081447105e+00
1.644972828489477124e+00 3.968069545238078061e-02 4.126905472259579710e+00 4.223044422413871693e-03 3.915283877566853921e+00
1.683766327381355454e+00 3.788886756924329108e-02 3.655884008148549302e+00 3.980804452627592638e-03 3.417626358442472423e+00
1.720716513355730282e+00 3.599489805108439106e-02 3.230038873601916993e+00 3.716652868526971673e-03 2.991035255761363310e+00
1.755723775306585743e+00 3.400389272494652726e-02 2.871863097846511170e+00 3.481217930014338536e-03 2.626571152247280772e+00
1.788693739932263993e+00 3.192121901929622502e-02 2.567471530965093951e+00 3.189296117425746094e-03 2.316170557179399125e+00
1.819537526162145813e+00 2.975249150078879135e-02 2.301178755822933297e+00 3.075539993997074718e-03 2.052653641620885594e+00
1.848171984785929700e+00 2.750355674992454452e-02 2.072233314413941319e+00 2.891164285680849957e-03 1.829700679319239187e+00
1.874519922646898262e+00 2.518047762152112595e-02 1.880621760030782852e+00 2.729806223274474416e-03 1.641807528778011172e+00
1.898510310810046064e+00 2.278951694399772993e-02 1.717070819296392825e+00 2.628117583478505222e-03 1.484228473094720835e+00
1.920078476177627502e+00 2.033712072945731419e-02 1.578453365780633666e+00 2.523905031216436452e-03 1.352912894533804478e+00
1.939166276116423226e+00 1.782990101420800499e-02 1.462900543395209141e+00 2.416333780791877009e-03 1.244440661742191034e+00
1.955722255839996038e+00 1.527461859678459592e-02 1.371991264220534967e+00 2.303743883979217540e-03 1.155959772883587977e+00
1.969701788765052752e+00 1.267816647681607387e-02 1.292615944887958834e+00 2.331135803124629539e-03 1.085128724565247005e+00
1.981067201752598095e+00 1.004755718228764021e-02 1.233673579796167541e+00 2.205623376858310055e-03 1.030065240781923297e+00
1.989787895222221659e+00 7.389931163347146330e-03 1.189666321001934257e+00 2.153229454552450794e-03 9.893023461063986668e-01
1.995840525118838027e+00 4.712729926954788671e-03 1.156648700231800664e+00 2.172299019654380051e-03 9.617520810213482374e-01
1.999210123227435965e+00 2.026811968874553827e-03 1.144644418265240882e+00 2.135253445188381970e-03 9.466732817441453340e-01
2.003159507090256142e+00 8.107247875498215309e-03 1.121983308898474085e+00 2.129225977016951498e-03 9.292327723357689528e-01
2.016637899524647448e+00 1.885091970781915469e-02 1.060834681606488195e+00 2.047066440164695220e-03 8.715678540992092271e-01
2.040848419111113365e+00 2.955972465338858532e-02 9.524839865427401353e-01 1.951561884008403466e-03 7.749211594777037915e-01
2.075731192989607177e+00 4.019022872915056083e-02 8.124955295659829213e-01 1.807461648050463776e-03 6.502911410172624862e-01
2.121192844939788991e+00 5.071266590726429546e-02 6.527218156136368465e-01 1.637265954817830214e-03 5.112547904782916985e-01
2.177110976640015405e+00 6.109847438713838369e-02 4.871214524998700446e-01 1.447626795886022052e-03 3.718619050001533144e-01
2.243334895534307094e+00 7.131960405683201998e-02 3.305857232554228475e-01 1.276336408801500557e-03 2.445577330917874936e-01
2.319686095289489991e+00 8.134848291782925678e-02 1.978452968412607316e-01 1.073235581334952690e-03 1.385058580481527135e-01
2.405958756759816186e+00 9.115806777599091970e-02 9.257342129478529635e-02 8.695719058887373685e-04 5.862249361165929734e-02
2.501920309412406951e+00 1.007219104860845038e-01 1.757154262638712869e-02 6.645976402761297024e-04 5.477072877215823782e-03
2.607312060856281200e+00 1.100142269996981781e-01 2.663691694987832884e-02 4.986290593949354753e-04 2.399118399587030562e-02
2.721849895351416748e+00 1.190099660031551654e-01 4.374640194087759532e-02 3.502199894406168705e-04 3.518580887241902488e-02
2.845225040270944028e+00 1.276848760771849001e-01 4.144168357078620302e-02 2.388741622119318515e-04 3.436146831252652467e-02
2.977104898773657471e+00 1.360155708997861090e-01 2.857220259606299897e-02 1.790425535487272799e-04 2.730335382667132063e-02
3.117133946577078429e+00 1.439795922043375642e-01 1.234398999529703542e-02 1.221794686586625883e-04 1.844958325628283033e-02
3.264934690474578183e+00 1.515554702769731643e-01 1.176836209081077653e-03 1.014251862868092736e-04 1.055784774561730095e-02
3.420108686042091950e+00 1.587227818095231224e-01 9.109351605605473662e-03 7.593508365951266422e-05 4.845860331410478498e-03
3.582237611805958455e+00 1.654622049423382368e-01 1.121885492858093122e-02 5.698726007668334243e-05 1.421975637713854615e-03
3.750884396984221603e+00 1.717555713437418641e-01 9.682611975416935413e-03 3.955183856607583234e-05 2.048185254855436452e-04
3.925594399765720777e+00 1.775859151831475080e-01 6.784621252179262076e-03 2.497488006550205967e-05 6.987136238077368061e-04
4.105896632953172087e+00 1.829375188644574157e-01 3.935184685054517878e-03 1.479650396770662052e-05 6.331301276674387727e-04
4.291305033667686786e+00 1.877959553956478622e-01 1.888746428959006728e-03 7.506457460197243793e-06 3.874559910454060960e-04
4.481319773692808539e+00 1.921481272798840345e-01 6.828237168427079597e-04 3.468541202580884688e-06 1.547855856260949025e-04
4.675428606926207209e+00 1.959823018230266445e-01 1.037445908574714039e-04 1.545016316688571430e-06 6.924426305681394976e-08
4.873108250306953160e+00 1.992881427621998325e-01 1.070730245951311308e-04 7.868966125594393517e-07 7.834309765313424146e-05
5.073825794495882668e+00 2.020567381300367171e-01 1.487358513224760744e-04 3.678892342568187168e-07 1.034429559852524568e-04
5.277040140506298549e+00 2.042806242794215632e-01 1.268740303821198532e-04 1.735017578218630516e-07 9.879105778932849486e-05
5.482203458412220343e+00 2.059538060039229346e-01 9.232717325811966910e-05 8.244169545564206100e-08 8.093683782576433134e-05
5.688762664201853170e+00 2.070717726996400831e-01 6.248842345298926879e-05 4.014622446931978643e-08 5.988044672127912501e-05
5.896160910795009258e+00 2.076315105248818516e-01 4.058602903385215288e-05 2.100152331237367597e-08 4.114406256529155479e-05
6.103839089204991630e+00 2.076315105248818516e-01 2.637982587317573433e-05 9.669973236086528094e-09 2.734393718783608373e-05
6.311237335798145942e+00 2.070717726996400831e-01 1.843631104825637680e-05 4.664466699206430533e-09 1.905333561341720320e-05
6.517796541587779657e+00 2.059538060039229346e-01 1.515619569997711816e-05 2.111625201122837501e-09 1.540440296601950401e-05
6.722959859493701451e+00 2.042806242794215632e-01 1.468072922328295106e-05 1.051797396908120079e-09 1.473442262509880314e-05
6.926174205504117332e+00 2.020567381300367171e-01 1.527884144183129679e-05 5.170649443049272405e-10 1.526310420670414086e-05
7.126891749693046840e+00 1.992881427621998325e-01 1.565076507127954392e-05 2.299627632770995845e-10 1.562582142055279292e-05
7.324571393073792791e+00 1.959823018230266445e-01 1.514179607269664708e-05 1.066799247870247759e-10 1.512506608537736413e-05
7.518680226307191461e+00 1.921481272798840345e-01 1.370100852383249986e-05 5.740899877299450054e-11 1.369284652297244082e-05
7.708694966332313214e+00 1.877959553956478622e-01 1.166976168211843911e-05 3.588742344561343753e-11 1.166682621273274581e-05
7.894103367046827913e+00 1.829375188644574157e-01 9.519857076614696728e-06 2.204173605724269437e-11 9.519272227407940185e-06
8.074405600234278779e+00 1.775859151831475080e-01 7.646513273052804615e-06 1.672989905348875206e-11 7.646751256381142375e-06
8.249115603015777509e+00 1.717555713437418641e-01 6.266469009993416944e-06 1.271857081712113907e-11 6.266901497119667026e-06
8.417762388194041989e+00 1.654622049423382368e-01 5.412959623237122911e-06 1.109470722494024236e-11 5.413428323800204791e-06
8.579891313957908494e+00 1.587227818095231224e-01 4.990272457327221357e-06 9.740661146434254272e-12 4.990758373393321672e-06
8.735065309525420929e+00 1.515554702769731643e-01 4.845657974302271599e-06 8.574873051472230774e-12 4.846120513470494027e-06
8.882866053422921127e+00 1.439795922043375642e-01 4.828911308726770773e-06 7.828591912831891439e-12 4.829368292932428741e-06
9.022895101226342973e+00 1.360155708997861090e-01 4.827396630814104111e-06 7.342216429481895332e-12 4.827841598323451480e-06
9.154774959729056860e+00 1.276848760771849001e-01 4.776579992313157806e-06 6.813379217924519336e-12 4.776992407205487068e-06
9.278150104648583252e+00 1.190099660031551654e-01 4.654092654011904068e-06 6.350397524459263256e-12 4.654485899282546326e-06
9.392687939143719689e+00 1.100142269996981781e-01 4.466385046113997389e-06 5.865717876687503941e-12 4.466764872152977328e-06
9.498079690587593049e+00 1.007219104860845038e-01 4.234609253875680954e-06 5.554874444465588049e-12 4.234972940178800814e-06
9.594041243240184258e+00 9.115806777599091970e-02 3.983657975928920908e-06 5.219067107106436513e-12 3.984009987087487714e-06
9.680313904710509121e+00 8.134848291782925678e-02 3.735496323350408174e-06 4.954466115584167722e-12 3.735843466139278263e-06
9.756665104465692906e+00 7.131960405683201998e-02 3.506230454923291035e-06 4.782202730223134555e-12 3.506572437867207881e-06
9.822889023359984151e+00 6.109847438713838369e-02 3.305735588914713728e-06 4.592965976898653414e-12 3.306080653237519481e-06
9.878807155060211898e+00 5.071266590726429546e-02 3.138747955565312447e-06 4.425413576937455576e-12 3.139096865459468471e-06
9.924268807010392379e+00 4.019022872915056083e-02 3.006414083703225891e-06 4.268437527330640063e-12 3.006760265872835180e-06
9.959151580888885746e+00 2.955972465338858532e-02 2.907796111919992877e-06 4.191176331711670202e-12 2.908147012514783445e-06
9.983362100475352108e+00 1.885091970781915469e-02 2.841148358787592913e-06 4.108741576754822290e-12 2.841503398512662103e-06
9.996840492909743858e+00 8.107247875498215309e-03 2.804754046530502854e-06 4.041965098675659596e-12 2.805109989708512319e-06
