Wood-Saxon orbitals: potentials
        r                vc              vls              vem 
 0.16666667E+00  -0.89420047E+02  -0.11307584E+03   0.00000000E+00
 0.33333333E+00  -0.87568524E+02  -0.69845291E+02   0.00000000E+00
 0.50000000E+00  -0.85281279E+02  -0.56816443E+02   0.00000000E+00
 0.66666667E+00  -0.82490451E+02  -0.51217283E+02   0.00000000E+00
 0.83333333E+00  -0.79136025E+02  -0.48364279E+02   0.00000000E+00
 0.10000000E+01  -0.75176342E+02  -0.46568037E+02   0.00000000E+00
 0.11666667E+01  -0.70600622E+02  -0.44996556E+02   0.00000000E+00
 0.13333333E+01  -0.65441275E+02  -0.43168373E+02   0.00000000E+00
 0.15000000E+01  -0.59782470E+02  -0.40811042E+02   0.00000000E+00
 0.16666667E+01  -0.53760969E+02  -0.37821407E+02   0.00000000E+00
 0.18333333E+01  -0.47556489E+02  -0.34245342E+02   0.00000000E+00
 0.20000000E+01  -0.41371930E+02  -0.30245859E+02   0.00000000E+00
 0.21666667E+01  -0.35407618E+02  -0.26054021E+02   0.00000000E+00
 0.23333333E+01  -0.29836232E+02  -0.21912885E+02   0.00000000E+00
 0.25000000E+01  -0.24784779E+02  -0.18030082E+02   0.00000000E+00
 0.26666667E+01  -0.20327069E+02  -0.14550074E+02   0.00000000E+00
 0.28333333E+01  -0.16486326E+02  -0.11547897E+02   0.00000000E+00
 0.30000000E+01  -0.13244793E+02  -0.90387802E+01   0.00000000E+00
 0.31666667E+01  -0.10556329E+02  -0.69953423E+01   0.00000000E+00
 0.33333333E+01  -0.83586682E+01  -0.53654169E+01   0.00000000E+00
 0.35000000E+01  -0.65834039E+01  -0.40865575E+01   0.00000000E+00
 0.36666667E+01  -0.51630490E+01  -0.30959594E+01   0.00000000E+00
 0.38333333E+01  -0.40353519E+01  -0.23361949E+01   0.00000000E+00
 0.40000000E+01  -0.31454634E+01  -0.17578242E+01   0.00000000E+00
 0.41666667E+01  -0.24466132E+01  -0.13199924E+01   0.00000000E+00
 0.43333333E+01  -0.18998654E+01  -0.98990032E+00   0.00000000E+00
 0.45000000E+01  -0.14733822E+01  -0.74175876E+00   0.00000000E+00
 0.46666667E+01  -0.11414789E+01  -0.55559488E+00   0.00000000E+00
 0.48333333E+01  -0.88364562E+00  -0.41611034E+00   0.00000000E+00
 0.50000000E+01  -0.68363250E+00  -0.31168102E+00   0.00000000E+00
 0.51666667E+01  -0.52864154E+00  -0.23352566E+00   0.00000000E+00
 0.53333333E+01  -0.40863949E+00  -0.17503784E+00   0.00000000E+00
 0.55000000E+01  -0.31578820E+00  -0.13126159E+00   0.00000000E+00
 0.56666667E+01  -0.24398095E+00  -0.98486199E-01   0.00000000E+00
 0.58333333E+01  -0.18846994E+00  -0.73936665E-01   0.00000000E+00
 0.60000000E+01  -0.14556976E+00  -0.55539151E-01   0.00000000E+00
 0.61666667E+01  -0.11242325E+00  -0.41744260E-01   0.00000000E+00
 0.63333333E+01  -0.86817450E-01  -0.31394394E-01   0.00000000E+00
 0.65000000E+01  -0.67039626E-01  -0.23624482E-01   0.00000000E+00
 0.66666667E+01  -0.51764951E-01  -0.17787815E-01   0.00000000E+00
 0.68333333E+01  -0.39969096E-01  -0.13400685E-01   0.00000000E+00
 0.70000000E+01  -0.30860341E-01  -0.10101099E-01   0.00000000E+00
 0.71666667E+01  -0.23826911E-01  -0.76179864E-02   0.00000000E+00
 0.73333333E+01  -0.18396176E-01  -0.57482290E-02   0.00000000E+00
 0.75000000E+01  -0.14203055E-01  -0.43395286E-02   0.00000000E+00
 0.76666667E+01  -0.10965582E-01  -0.32776158E-02   0.00000000E+00
 0.78333333E+01  -0.84659997E-02  -0.24766978E-02   0.00000000E+00
 0.80000000E+01  -0.65361538E-02  -0.18723203E-02   0.00000000E+00
 0.81666667E+01  -0.50461980E-02  -0.14160296E-02   0.00000000E+00
 0.83333333E+01  -0.38958729E-02  -0.10713782E-02   0.00000000E+00
 0.85000000E+01  -0.30077663E-02  -0.81093290E-03   0.00000000E+00
 0.86666667E+01  -0.23221084E-02  -0.61403406E-03   0.00000000E+00
 0.88333333E+01  -0.17927519E-02  -0.46511400E-03   0.00000000E+00
 0.90000000E+01  -0.13840677E-02  -0.35243582E-03   0.00000000E+00
 0.91666667E+01  -0.10685481E-02  -0.26714614E-03   0.00000000E+00
 0.93333333E+01  -0.82495540E-03  -0.20256332E-03   0.00000000E+00
 0.95000000E+01  -0.63689322E-03  -0.15364228E-03   0.00000000E+00
 0.96666667E+01  -0.49170269E-03  -0.11657195E-03   0.00000000E+00
 0.98333333E+01  -0.37961066E-03  -0.88472081E-04   0.00000000E+00
 0.10000000E+02  -0.29307184E-03  -0.67164996E-04   0.00000000E+00
 0.10166667E+02  -0.22626100E-03  -0.51003531E-04   0.00000000E+00
 0.10333333E+02  -0.17468083E-03  -0.38741292E-04   0.00000000E+00
 0.10500000E+02  -0.13485925E-03  -0.29434784E-04   0.00000000E+00
 0.10666667E+02  -0.10411569E-03  -0.22369536E-04   0.00000000E+00
 0.10833333E+02  -0.80380665E-04  -0.17004313E-04   0.00000000E+00
 0.11000000E+02  -0.62056458E-04  -0.12928971E-04   0.00000000E+00
 0.11166667E+02  -0.47909579E-04  -0.98326033E-05   0.00000000E+00
 0.11333333E+02  -0.36987733E-04  -0.74794524E-05   0.00000000E+00
 0.11500000E+02  -0.28555716E-04  -0.56906909E-05   0.00000000E+00
 0.11666667E+02  -0.22045928E-04  -0.43306333E-05   0.00000000E+00
 0.11833333E+02  -0.17020163E-04  -0.32962978E-05   0.00000000E+00
 0.12000000E+02  -0.13140111E-04  -0.25095025E-05   0.00000000E+00
 0.12166667E+02  -0.10144587E-04  -0.19108764E-05   0.00000000E+00
 0.12333333E+02  -0.78319460E-05  -0.14553219E-05   0.00000000E+00
 0.12500000E+02  -0.60465131E-05  -0.11085744E-05   0.00000000E+00
 0.12666667E+02  -0.46681017E-05  -0.84459369E-06   0.00000000E+00
 0.12833333E+02  -0.36039240E-05  -0.64358515E-06   0.00000000E+00
 0.13000000E+02  -0.27823447E-05  -0.49049824E-06   0.00000000E+00
 0.13166667E+02  -0.21480592E-05  -0.37388692E-06   0.00000000E+00
 0.13333333E+02  -0.16583705E-05  -0.28504452E-06   0.00000000E+00
 0.13500000E+02  -0.12803151E-05  -0.21734666E-06   0.00000000E+00
 0.13666667E+02  -0.98844423E-06  -0.16575226E-06   0.00000000E+00
 0.13833333E+02  -0.76311059E-06  -0.12642429E-06   0.00000000E+00
 0.14000000E+02  -0.58914580E-06  -0.96441650E-07   0.00000000E+00
 0.14166667E+02  -0.45483942E-06  -0.73580087E-07   0.00000000E+00
 0.14333333E+02  -0.35115059E-06  -0.56145646E-07   0.00000000E+00
 0.14500000E+02  -0.27109950E-06  -0.42848003E-07   0.00000000E+00
 0.14666667E+02  -0.20929749E-06  -0.32704121E-07   0.00000000E+00
 0.14833333E+02  -0.16158436E-06  -0.24964936E-07   0.00000000E+00
 0.15000000E+02  -0.12474830E-06  -0.19059577E-07   0.00000000E+00
 0.15166667E+02  -0.96309680E-07  -0.14552904E-07   0.00000000E+00
 0.15333333E+02  -0.74354156E-07  -0.11113185E-07   0.00000000E+00
 0.15500000E+02  -0.57403788E-07  -0.84874795E-08   0.00000000E+00
 0.15666667E+02  -0.44317562E-07  -0.64828973E-08   0.00000000E+00
 0.15833333E+02  -0.34214577E-07  -0.49523199E-08   0.00000000E+00
 0.16000000E+02  -0.26414748E-07  -0.37835230E-08   0.00000000E+00
 0.16166667E+02  -0.20393031E-07  -0.28908874E-08   0.00000000E+00
 0.16333333E+02  -0.15744073E-07  -0.22090836E-08   0.00000000E+00
 0.16500000E+02  -0.12154928E-07  -0.16882561E-08   0.00000000E+00
 0.16666667E+02  -0.93839936E-08  -0.12903539E-08   0.00000000E+00
 0.16833333E+02  -0.72447435E-08  -0.98633119E-09   0.00000000E+00
 0.17000000E+02  -0.55931739E-08  -0.75401377E-09   0.00000000E+00
 0.17166667E+02  -0.43181093E-08  -0.57647109E-09   0.00000000E+00
 0.17333333E+02  -0.33337186E-08  -0.44077477E-09   0.00000000E+00
 0.17500000E+02  -0.25737374E-08  -0.33705135E-09   0.00000000E+00
 0.17666667E+02  -0.19870077E-08  -0.25775958E-09   0.00000000E+00
 0.17833333E+02  -0.15340335E-08  -0.19713884E-09   0.00000000E+00
 0.18000000E+02  -0.11843230E-08  -0.15078826E-09   0.00000000E+00
 0.18166667E+02  -0.91433526E-09  -0.11534535E-09   0.00000000E+00
 0.18333333E+02  -0.70589609E-09  -0.88240756E-10   0.00000000E+00
 0.18500000E+02  -0.54497438E-09  -0.67510952E-10   0.00000000E+00
 0.18666667E+02  -0.42073766E-09  -0.51655254E-10   0.00000000E+00
 0.18833333E+02  -0.32482294E-09  -0.39526593E-10   0.00000000E+00
 0.19000000E+02  -0.25077371E-09  -0.30248113E-10   0.00000000E+00
 0.19166667E+02  -0.19360533E-09  -0.23149446E-10   0.00000000E+00
 0.19333333E+02  -0.14946951E-09  -0.17718043E-10   0.00000000E+00
 0.19500000E+02  -0.11539525E-09  -0.13561983E-10   0.00000000E+00
 0.19666667E+02  -0.89088826E-10  -0.10381554E-10   0.00000000E+00
 0.19833333E+02  -0.68779425E-10  -0.79475398E-11   0.00000000E+00
 0.20000000E+02  -0.53099918E-10  -0.60846238E-11   0.00000000E+00
 0.20166667E+02  -0.40994836E-10  -0.46587018E-11   0.00000000E+00
 0.20333333E+02  -0.31649326E-10  -0.35671861E-11   0.00000000E+00
 0.20500000E+02  -0.24434293E-10  -0.27315917E-11   0.00000000E+00
 0.20666667E+02  -0.18864056E-10  -0.20918692E-11   0.00000000E+00
 0.20833333E+02  -0.14563655E-10  -0.16020700E-11   0.00000000E+00
 0.21000000E+02  -0.11243608E-10  -0.12270331E-11   0.00000000E+00
 0.21166667E+02  -0.86804252E-11  -0.93984970E-12   0.00000000E+00
 0.21333333E+02  -0.67015661E-11  -0.71992535E-12   0.00000000E+00
 0.21500000E+02  -0.51738235E-11  -0.55149685E-12   0.00000000E+00
 0.21666667E+02  -0.39943574E-11  -0.42249804E-12   0.00000000E+00
 0.21833333E+02  -0.30837718E-11  -0.32369207E-12   0.00000000E+00
 0.22000000E+02  -0.23807705E-11  -0.24800745E-12   0.00000000E+00
 0.22166667E+02  -0.18380310E-11  -0.19003007E-12   0.00000000E+00
 0.22333333E+02  -0.14190188E-11  -0.14561445E-12   0.00000000E+00
 0.22500000E+02  -0.10955279E-11  -0.11158628E-12   0.00000000E+00
 0.22666667E+02  -0.84578263E-12  -0.85514741E-13   0.00000000E+00
 0.22833333E+02  -0.65297126E-12  -0.65538219E-13   0.00000000E+00
 0.23000000E+02  -0.50411472E-12  -0.50230953E-13   0.00000000E+00
 0.23166667E+02  -0.38919270E-12  -0.38500912E-13   0.00000000E+00
 0.23333333E+02  -0.30046922E-12  -0.29511622E-13   0.00000000E+00
 0.23500000E+02  -0.23197186E-12  -0.22622329E-13   0.00000000E+00
 0.23666667E+02  -0.17908970E-12  -0.17342168E-13   0.00000000E+00
 0.23833333E+02  -0.13826298E-12  -0.13295082E-13   0.00000000E+00
 0.24000000E+02  -0.10674345E-12  -0.10192949E-13   0.00000000E+00
 0.24166667E+02  -0.82409357E-13  -0.78150121E-14   0.00000000E+00
 0.24333333E+02  -0.63622662E-13  -0.59921146E-14   0.00000000E+00
 0.24500000E+02  -0.49118731E-13  -0.45946342E-14   0.00000000E+00
 0.24666667E+02  -0.37921233E-13  -0.35232370E-14   0.00000000E+00
 0.24833333E+02  -0.29276406E-13  -0.27017964E-14   0.00000000E+00
 0.25000000E+02  -0.22602322E-13  -0.20719675E-14   0.00000000E+00
 0.25166667E+02  -0.17449716E-13  -0.15890317E-14   0.00000000E+00
 0.25333333E+02  -0.13471740E-13  -0.12187124E-14   0.00000000E+00
 0.25500000E+02  -0.10400614E-13  -0.93473539E-15   0.00000000E+00
 0.25666667E+02  -0.80296070E-14  -0.71695963E-15   0.00000000E+00
 0.25833333E+02  -0.61991137E-14  -0.54994471E-15   0.00000000E+00
 0.26000000E+02  -0.47859142E-14  -0.42185329E-15   0.00000000E+00
 0.26166667E+02  -0.36948789E-14  -0.32360982E-15   0.00000000E+00
 0.26333333E+02  -0.28525648E-14  -0.24825589E-15   0.00000000E+00
 0.26500000E+02  -0.22022713E-14  -0.19045608E-15   0.00000000E+00
 0.26666667E+02  -0.17002240E-14  -0.14611920E-15   0.00000000E+00
 0.26833333E+02  -0.13126273E-14  -0.11210802E-15   0.00000000E+00
 0.27000000E+02  -0.10133903E-14  -0.86016717E-16   0.00000000E+00
 0.27166667E+02  -0.78236976E-15  -0.66000250E-16   0.00000000E+00
 0.27333333E+02  -0.60401450E-15  -0.50643609E-16   0.00000000E+00
 0.27500000E+02  -0.46631853E-15  -0.38861527E-16   0.00000000E+00
 0.27666667E+02  -0.36001283E-15  -0.29821605E-16   0.00000000E+00
 0.27833333E+02  -0.27794143E-15  -0.22885370E-16   0.00000000E+00
 0.28000000E+02  -0.21457968E-15  -0.17563070E-16   0.00000000E+00
 0.28166667E+02  -0.16566238E-15  -0.13479020E-16   0.00000000E+00
 0.28333333E+02  -0.12789666E-15  -0.10345022E-16   0.00000000E+00
 0.28500000E+02  -0.98740316E-16  -0.79399823E-17   0.00000000E+00
 0.28666667E+02  -0.76230685E-16  -0.60942814E-17   0.00000000E+00
 0.28833333E+02  -0.58852529E-16  -0.46777839E-17   0.00000000E+00
 0.29000000E+02  -0.45436036E-16  -0.35906437E-17   0.00000000E+00
 0.29166667E+02  -0.35078074E-16  -0.27562514E-17   0.00000000E+00
 0.29333333E+02  -0.27081396E-16  -0.21158239E-17   0.00000000E+00
 0.29500000E+02  -0.20907705E-16  -0.16242550E-17   0.00000000E+00
 0.29666667E+02  -0.16141417E-16  -0.12469321E-17   0.00000000E+00
 0.29833333E+02  -0.12461691E-16  -0.95729341E-18   0.00000000E+00
 0.30000000E+02  -0.96208242E-17  -0.73495526E-18   0.00000000E+00
 0.30166667E+02  -0.74275842E-17  -0.56427413E-18   0.00000000E+00
 0.30333333E+02  -0.57343328E-17  -0.43324408E-18   0.00000000E+00
 0.30500000E+02  -0.44270884E-17  -0.33265054E-18   0.00000000E+00
 0.30666667E+02  -0.34178540E-17  -0.25542112E-18   0.00000000E+00
 0.30833333E+02  -0.26386927E-17  -0.19612737E-18   0.00000000E+00
 0.31000000E+02  -0.20371552E-17  -0.15060254E-18   0.00000000E+00
 0.31166667E+02  -0.15727490E-17  -0.11564822E-18   0.00000000E+00
 0.31333333E+02  -0.12142126E-17  -0.88809212E-19   0.00000000E+00
 0.31500000E+02  -0.93741099E-18  -0.68200784E-19   0.00000000E+00
 0.31666667E+02  -0.72371129E-18  -0.52376066E-19   0.00000000E+00
 0.31833333E+02  -0.55872828E-18  -0.40224293E-19   0.00000000E+00
 0.32000000E+02  -0.43135612E-18  -0.30892700E-19   0.00000000E+00
 0.32166667E+02  -0.33302073E-18  -0.23726577E-19   0.00000000E+00
 0.32333333E+02  -0.25710266E-18  -0.18223256E-19   0.00000000E+00
 0.32500000E+02  -0.19849149E-18  -0.13996789E-19   0.00000000E+00
 0.32666667E+02  -0.15324178E-18  -0.10750836E-19   0.00000000E+00
 0.32833333E+02  -0.11830756E-18  -0.82578579E-20   0.00000000E+00
 0.33000000E+02  -0.91337224E-19  -0.63431320E-20   0.00000000E+00
 0.33166667E+02  -0.70515260E-19  -0.48724924E-20   0.00000000E+00
 0.33333333E+02  -0.54440038E-19  -0.37429115E-20   0.00000000E+00
 0.33500000E+02  -0.42029452E-19  -0.28752711E-20   0.00000000E+00
 0.33666667E+02  -0.32448082E-19  -0.22088122E-20   0.00000000E+00
 0.33833333E+02  -0.25050958E-19  -0.16968734E-20   0.00000000E+00
 0.34000000E+02  -0.19340142E-19  -0.13036188E-20   0.00000000E+00
 0.34166667E+02  -0.14931208E-19  -0.10015260E-20   0.00000000E+00
 0.34333333E+02  -0.11527371E-19  -0.76945668E-21   0.00000000E+00
 0.34500000E+02  -0.88994992E-20  -0.59117540E-21   0.00000000E+00
 0.34666667E+02  -0.68706983E-20  -0.45421207E-21   0.00000000E+00
 0.34833333E+02  -0.53043990E-20  -0.34898843E-21   0.00000000E+00
 0.35000000E+02  -0.40951658E-20  -0.26814724E-21   0.00000000E+00
 0.35166667E+02  -0.31615991E-20  -0.20603712E-21   0.00000000E+00
 0.35333333E+02  -0.24408557E-20  -0.15831694E-21   0.00000000E+00
 0.35500000E+02  -0.18844187E-20  -0.12165191E-21   0.00000000E+00
 0.35666667E+02  -0.14548316E-20  -0.93480296E-22   0.00000000E+00
 0.35833333E+02  -0.11231766E-20  -0.71834107E-22   0.00000000E+00
 0.36000000E+02  -0.86712825E-21  -0.55201479E-22   0.00000000E+00
 0.36166667E+02  -0.66945076E-21  -0.42420916E-22   0.00000000E+00
 0.36333333E+02  -0.51683742E-21  -0.32600074E-22   0.00000000E+00
 0.36500000E+02  -0.39901503E-21  -0.25053377E-22   0.00000000E+00
 0.36666667E+02  -0.30805238E-21  -0.19254091E-22   0.00000000E+00
 0.36833333E+02  -0.23782630E-21  -0.14797513E-22   0.00000000E+00
 0.37000000E+02  -0.18360951E-21  -0.11372693E-22   0.00000000E+00
 0.37166667E+02  -0.14175242E-21  -0.87407108E-23   0.00000000E+00
 0.37333333E+02  -0.10943741E-21  -0.67179831E-23   0.00000000E+00
 0.37500000E+02  -0.84489181E-22  -0.51634469E-23   0.00000000E+00
 0.37666667E+02  -0.65228352E-22  -0.39687075E-23   0.00000000E+00
 0.37833333E+02  -0.50358376E-22  -0.30504716E-23   0.00000000E+00
 0.38000000E+02  -0.38878278E-22  -0.23447325E-23   0.00000000E+00
 0.38166667E+02  -0.30015275E-22  -0.18023037E-23   0.00000000E+00
 0.38333333E+02  -0.23172753E-22  -0.13853864E-23   0.00000000E+00
 0.38500000E+02  -0.17890107E-22  -0.10649325E-23   0.00000000E+00
 0.38666667E+02  -0.13811735E-22  -0.81861820E-24   0.00000000E+00
 0.38833333E+02  -0.10663102E-22  -0.62928701E-24   0.00000000E+00
 0.39000000E+02  -0.82322559E-23  -0.48375352E-24   0.00000000E+00
 0.39166667E+02  -0.63555651E-23  -0.37188395E-24   0.00000000E+00
 0.39333333E+02  -0.49066997E-23  -0.28588976E-24   0.00000000E+00
 0.39500000E+02  -0.37881292E-23  -0.21978476E-24   0.00000000E+00
 0.39666667E+02  -0.29245570E-23  -0.16896792E-24   0.00000000E+00
 0.39833333E+02  -0.22578516E-23  -0.12990283E-24   0.00000000E+00
 0.40000000E+02  -0.17431337E-23  -0.99871275E-25   0.00000000E+00

