5.797465763161185686e-05 -1.930220373396292688e-06 -5.933053999712435700e-06 -1.281856947862775730e-05 -2.301402826978168114e-05 -3.682986106343198452e-05 -5.445701037656948743e-05 -7.595187755111608918e-05 -1.012158628977206291e-04 -1.299748108307586408e-04 -1.617631763939635526e-04 -1.959167043384656430e-04 -2.315752988415860846e-04 -2.676949945299025120e-04 -3.030657639163975730e-04 -3.363320837735670811e-04 -3.660166767934170859e-04 -3.905538309385413079e-04 -4.083444043048986343e-04 -4.178469831372528523e-04 -4.177168342015397107e-04 -4.069955251966688716e-04 -3.853380898704857711e-04 -3.532405673000616896e-04 -3.122033628799492804e-04 -2.647494207078148268e-04 -2.142290972967765095e-04 -1.643948838765705656e-04 -1.188092761742482861e-04 -8.023014064646585093e-05 -5.015972306486394313e-05 -2.871001367821130195e-05 -1.482531387341585421e-05 -6.761541267581409621e-06 -2.628798465800640078e-06 -8.097992341993526313e-07 -1.582704263635731006e-07 5.530367398628603406e-09 1.468962574510316704e-08 -1.990813970097194320e-09 -1.088925169687780340e-08 -1.117358099065137357e-08 -7.975173271493896214e-09 -4.653240112237637527e-09 -2.336103546994050596e-09 -1.015102462306154255e-09 -3.628790219657628482e-10 -8.093150842432359834e-11 2.190939185306924202e-11 4.811689283813343394e-11 4.617174250790137941e-11 3.655589210319810446e-11 2.679803028431695370e-11 1.902769586905970566e-11 1.339430665279842612e-11 9.471538035403743712e-12 6.767051475206734136e-12 4.866132300501069605e-12 3.431787161369778295e-12 2.105249120726643229e-12 3.762610568475607857e-12 3.959308680411325157e-12 2.396376662651946803e-12 7.022556905057590822e-13 -1.340368667589924843e-13 -2.129160852393688303e-13 -7.989719820060819146e-14 -1.084967638589860396e-14 6.274658873153315757e-16 2.588672765432919283e-16 8.358880813447497920e-18 -1.006382453433049043e-18 -2.092310556414432299e-20 1.140296912772205308e-21 -2.469516978214593123e-24 -1.743728145284702304e-25 1.579709898911093481e-27 -5.194397203198224523e-30 -1.261100699620044516e-31 1.383758401221682153e-31 1.015392459363653439e-30 1.312869236177710869e-30 -5.240094624265699538e-32 4.942071526139277003e-31 -2.216041939618191301e-29 1.651288696182087523e-29 3.138205407349071183e-29 6.646558810941181842e-31 -2.818297927774122768e-32 -3.104288928470312575e-32 1.498926980249241493e-35 -1.616616403556651714e-34 2.571543801838044846e-35 -9.665231850941499491e-36 2.517985788546783991e-33 1.445272344538672729e-31 -3.748339558209502189e-30 -1.633371188470315011e-28 -5.294953894215553959e-28 -6.486762093805549516e-28 -1.046539277855255626e-26 -3.443808679868676101e-26 -1.980878321001994002e-25 9.267079632235914787e-26 -1.673801799825430617e-24 -1.894964180461669587e-23 -3.580294288892523684e-23 4.723848124369659422e-23 2.159357094849758142e-22 -8.064507105298785944e-23 -2.190820780669533291e-21 -1.115781400802943417e-20 -1.978174820413194791e-20 3.255196154188175121e-21 7.618684831999052010e-20 1.745140939650800761e-19 3.295724302709962291e-19 5.322693380564775390e-19 9.775648491053062369e-20 1.843308718273772054e-19
-1.930220373396292688e-06 1.598835709452728609e-03 -4.764014806949408236e-05 -1.029282048500196388e-04 -1.847938680138801377e-04 -2.957298319505771689e-04 -4.372693984280383956e-04 -6.098656259374771052e-04 -8.127270559901195093e-04 -1.043652658984748662e-03 -1.298904665383902738e-03 -1.573149722197306546e-03 -1.859481858912937153e-03 -2.149518537229214241e-03 -2.433543593793168966e-03 -2.700672379272712944e-03 -2.939042428754094077e-03 -3.136081045150167224e-03 -3.278946991940979040e-03 -3.355262465332496842e-03 -3.354228846129761205e-03 -3.268149330765628136e-03 -3.094253067408753860e-03 -2.836522320327929288e-03 -2.507004330973557765e-03 -2.125957394084980294e-03 -1.720284207285354989e-03 -1.320117082001907209e-03 -9.540632118957826074e-04 -6.442690837967706774e-04 -4.027988076781133025e-04 -2.305527241997157913e-04 -1.190543656211884787e-04 -5.429914402506835032e-05 -2.111120208185788156e-05 -6.503510487435222575e-06 -1.271195839828700449e-06 4.433652993216005026e-08 1.179486250889884038e-07 -1.598506258543701611e-08 -8.744161409809465976e-08 -8.972674086988731548e-08 -6.404366863804334449e-08 -3.736777545707957041e-08 -1.876030234631070515e-08 -8.152022675370756583e-09 -2.914279909517696424e-09 -6.500344377268722185e-10 1.758774509127168062e-10 3.863668504985160190e-10 3.707636168432675576e-10 2.935529556388202295e-10 2.151973818170437704e-10 1.528002068429692231e-10 1.075624876736419668e-10 7.606124921123996684e-11 5.434309302261043127e-11 3.907781785006994963e-11 2.755927668599105877e-11 1.690641627466759258e-11 3.021608808308302602e-11 3.179593177521485776e-11 1.924487045220015020e-11 5.640039758407577367e-12 -1.076105234603518662e-12 -1.709748581555037239e-12 -6.416101298837999493e-13 -8.713124064526608917e-14 5.038206198644786043e-15 2.078811771103285112e-15 6.713027217294477036e-17 -8.081570849069949041e-18 -1.680304432544105467e-19 9.157043185036265697e-21 -1.982789105192566893e-23 -1.400316025446474866e-24 1.268577032092495068e-26 -4.171290447319441377e-29 -1.012485975598219795e-30 1.110986871130590233e-30 8.152087651797896318e-30 1.054115671876774999e-29 -4.210455651491182954e-31 3.967086374039061452e-30 -1.779215313995153301e-28 1.325729210382397034e-28 2.519604258842279324e-28 5.336444888501396856e-30 -2.262730777806447645e-31 -2.492372584752192103e-31 1.202646752071692637e-34 -1.297962909492223706e-33 2.064634365123633771e-34 -7.760408782845359610e-35 2.021706372442802992e-32 1.160423660006700821e-30 -3.009611991377574760e-29 -1.311468534361818255e-27 -4.251459080859190104e-27 -5.208263236467565823e-27 -8.402942083290692144e-26 -2.765088531215391126e-25 -1.590495469796184783e-24 7.441262637688156261e-25 -1.343918842529970672e-23 -1.521514957029056138e-22 -2.874734034504856521e-22 3.792811810633621252e-22 1.733812160298678343e-21 -6.474271934097109084e-22 -1.759026469931271499e-20 -8.958824555656614503e-20 -1.588344335789993137e-19 2.612402763314362488e-20 6.116852050849818441e-19 1.401143496969379124e-18 2.646083832007491367e-18 4.273506446384660598e-18 7.848712523334298868e-19 1.479963542620192308e-18
-5.933053999712435700e-06 -4.764014806949408236e-05 9.584332194997033372e-03 -3.163778332179549829e-04 -5.680147099180501676e-04 -9.090083245834825907e-04 -1.344073299333543728e-03 -1.874604895460764984e-03 -2.498174230372211466e-03 -3.208020823277326315e-03 -3.992661197329758216e-03 -4.835707085917774484e-03 -5.715934850404657055e-03 -6.607579628407364049e-03 -7.480774100130471553e-03 -8.302056174696901408e-03 -9.034955698405938013e-03 -9.640817667649943454e-03 -1.008016029500841300e-02 -1.031492501143806660e-02 -1.031190622189390865e-02 -1.004743222685748442e-02 -9.512973445663748182e-03 -8.720760306526815359e-03 -7.707817557945786414e-03 -6.536415564494455800e-03 -5.289256747053603866e-03 -4.058979574852839695e-03 -2.933541196461582692e-03 -1.981041840977347882e-03 -1.238587093810369173e-03 -7.089593705509704413e-04 -3.661084931711311289e-04 -1.669826750354923013e-04 -6.492400882427653197e-05 -2.000097132838246056e-05 -3.909307001422314829e-06 1.367295909932114076e-07 3.631204987431624533e-07 -4.890298227810751750e-08 -2.687877056760582349e-07 -2.758978783225167488e-07 -1.969519142059545868e-07 -1.149267041441747938e-07 -5.770337014782723011e-08 -2.507693817247525771e-08 -8.966581252879862238e-09 -2.001444750887756219e-09 5.396276558601087328e-10 1.187578947766356359e-09 1.139924616663566620e-09 9.026432505491711017e-10 6.617548381704096271e-10 4.699002436177075320e-10 3.307953021701771339e-10 2.339244192981297513e-10 1.671350538406258240e-10 1.201882924847370383e-10 8.476289278712385064e-11 5.199873746069057389e-11 9.293622167090517985e-11 9.779972231769432280e-11 5.920069118019023737e-11 1.735620996260625514e-11 -3.304329968972092036e-12 -5.256780640317096566e-12 -1.973104176081087226e-12 -2.680097289571936589e-13 1.548240795714780973e-14 6.392557720823649180e-15 2.065178508269450082e-16 -2.484960405419990129e-17 -5.168585750210348921e-19 2.815782710302668472e-20 -6.091343812373355806e-23 -4.306462441530365244e-24 3.900916423700513664e-26 -1.282606251261659720e-28 -3.110058515412353149e-30 3.412975601368192754e-30 2.503926615973819535e-29 3.238968639894277078e-29 -1.298739114940399419e-30 1.217443901697858236e-29 -5.465908522597295067e-28 4.071847704532240420e-28 7.740491404308854170e-28 1.639495675233681182e-29 -6.950934667220715316e-31 -7.656819670417423766e-31 3.681699792934057911e-34 -3.987685652754901554e-33 6.342642408653821862e-34 -2.384687028645072160e-34 6.211919352737218835e-32 3.565621181979078299e-30 -9.248114803440682371e-29 -4.030027908032479459e-27 -1.306480785494360136e-26 -1.600299134213380283e-26 -2.582238363547406264e-25 -8.496573231747160690e-25 -4.887550673513745472e-24 2.287471744992154651e-24 -4.129548671944820059e-23 -4.675607142299067541e-22 -8.834438192525338164e-22 1.165390227688102305e-21 5.328142081663110554e-21 -1.988069061670536466e-21 -5.404853888445735596e-20 -2.752933075687203964e-19 -4.881250451413708903e-19 8.007600307133053585e-20 1.879094985395173275e-18 4.304520921326838991e-18 8.129222176484262060e-18 1.312897306448656031e-17 2.411262405139694393e-18 4.546712653102244574e-18
-1.281856947862775730e-05 -1.029282048500196388e-04 -3.163778332179549829e-04 3.276260620047432431e-02 -1.227220699931995179e-03 -1.963961648577981431e-03 -2.903965602182409077e-03 -4.050264033004976824e-03 -5.397633977078685093e-03 -6.931500952543997833e-03 -8.627090125442866617e-03 -1.044902771429592238e-02 -1.235148352781861684e-02 -1.427879955872515989e-02 -1.616643402173810126e-02 -1.794205865003170239e-02 -1.952683015937311042e-02 -2.083717329418071501e-02 -2.178771746628302766e-02 -2.229615848553519186e-02 -2.229066985681297727e-02 -2.172002053966293547e-02 -2.056569970204420034e-02 -1.885406476208641852e-02 -1.666507037453978518e-02 -1.413325841564015001e-02 -1.143737098582508008e-02 -8.777675459287894583e-03 -6.344367963774317359e-03 -4.284755780253422970e-03 -2.679158213038958496e-03 -1.533685421586888139e-03 -7.920867492349054594e-04 -3.613178599848741084e-04 -1.405044655568639562e-04 -4.329385668032014817e-05 -8.465225954641816968e-06 2.951890147746324437e-07 7.869082972063224689e-07 -1.046445075158385187e-07 -5.809371361988042969e-07 -5.967354208642479301e-07 -4.261269653305393281e-07 -2.487170356552294410e-07 -1.249075207730937489e-07 -5.429918280753081185e-08 -1.942597142005309030e-08 -4.344587412493285350e-09 1.160207444803397532e-09 2.565907760916838960e-09 2.464756484685170130e-09 1.952331619921496629e-09 1.431590780035561504e-09 1.016687439942255868e-09 7.157937738342387810e-10 5.062234274666507164e-10 3.617140081571415923e-10 2.601263341490188373e-10 1.834615701141009776e-10 1.125489520559086377e-10 2.011633797946547582e-10 2.117166766614134504e-10 1.281950854109098601e-10 3.762234659513563434e-11 -7.119589818437541061e-12 -1.136706323855325142e-11 -4.269084448519469453e-12 -5.802458091487711316e-13 3.343018636470941802e-14 1.382970642039151512e-14 4.473064681974686183e-16 -5.374788863112533235e-17 -1.119101031379605463e-18 6.091198067251084305e-20 -1.314193958638242674e-22 -9.319061324862382033e-24 8.439022638731409521e-26 -2.774232561068401567e-28 -6.712552653433931864e-30 7.368208283591947512e-30 5.403005040418297348e-29 6.997173717366830869e-29 -2.838459027696098949e-30 2.620146421438100419e-29 -1.180112500004340752e-27 8.785305058074513310e-28 1.671226565674500135e-27 3.540306974701314920e-29 -1.500486422852116991e-30 -1.653153895604464339e-30 7.863300454267329659e-34 -8.611048998021323980e-33 1.369337758445581980e-33 -5.152901565293684536e-34 1.341906717338690707e-31 7.703108847992631537e-30 -1.998296660615453822e-28 -8.708409911317916677e-27 -2.823461402093858605e-26 -3.456948020449571031e-26 -5.580489182838375811e-25 -1.835796626965214677e-24 -1.056205766810848741e-23 4.948766626604889120e-24 -8.922088394317109054e-23 -1.010429346830848584e-21 -1.909469970492657816e-21 2.517420018922427276e-21 1.151527008698293006e-20 -4.286252221519723256e-21 -1.167590993669038949e-19 -5.948494031896901039e-19 -1.055054803185644734e-18 1.716537535811264915e-19 4.056633357250226081e-18 9.294162393707305471e-18 1.755272715065326732e-17 2.834845138475969337e-17 5.206453327043601965e-18 9.817401919911710528e-18
-2.301402826978168114e-05 -1.847938680138801377e-04 -5.680147099180501676e-04 -1.227220699931995179e-03 8.345123746096054507e-02 -3.526099654888498018e-03 -5.213872776901466374e-03 -7.272159727565158556e-03 -9.691680622899975783e-03 -1.244639398728774812e-02 -1.549196024307402698e-02 -1.876500323815609439e-02 -2.218333688739076645e-02 -2.564706639399681395e-02 -2.904026745620730959e-02 -3.223295770005833033e-02 -3.508339441441456902e-02 -3.744129336310741962e-02 -3.915311117075760683e-02 -4.007077627394507735e-02 -4.006499975031200395e-02 -3.904345792471260179e-02 -3.697259212317596105e-02 -3.389945986667651512e-02 -2.996745686232574896e-02 -2.541815331646033252e-02 -2.057269604294531887e-02 -1.579110656551759029e-02 -1.141549399657381704e-02 -7.711016489887100728e-03 -4.822473718706374660e-03 -2.761224731863140026e-03 -1.426403799630621616e-03 -6.508460108144542133e-04 -2.531757831863288470e-04 -7.804568976456863888e-05 -1.527184904109625551e-05 5.298593531900139913e-07 1.422518928215904659e-06 -1.837250285393449549e-07 -1.043773095028601748e-06 -1.073900660158445837e-06 -7.674413007349058484e-07 -4.481733512473808445e-07 -2.251936614478071410e-07 -9.796037000081641124e-08 -3.508823535776658176e-08 -7.881126385657361656e-09 2.060328750938130423e-09 4.607014741241363406e-09 4.432613526505372292e-09 3.513564624675331444e-09 2.577504456980558178e-09 1.831050838522752019e-09 1.289448569359405658e-09 9.120996489216021290e-10 6.518292945146503019e-10 4.688204241100983878e-10 3.306778595482836156e-10 2.028719339148312980e-10 3.626294269694706033e-10 3.817570277933295431e-10 2.313039231593617103e-10 6.803574326781442836e-11 -1.270430185678697548e-11 -2.044569206318293319e-11 -7.688707639343047778e-12 -1.046499616518232190e-12 5.993819199783384342e-14 2.490167952693794377e-14 8.074943024245642361e-16 -9.673073788098626484e-17 -2.018708858401529924e-18 1.096581982436195708e-19 -2.352018101663536404e-22 -1.678941003038433829e-23 1.519421558009903820e-25 -4.993084072967161752e-28 -1.198807432022571768e-29 1.316871760399797353e-29 9.646452801100460513e-29 1.252254671954208240e-28 -5.200402303386977632e-30 4.652484825981751993e-29 -2.109418539236862219e-27 1.568147865136137432e-27 2.987380745910133090e-27 6.330492853550644115e-29 -2.681175835552755566e-30 -2.955039069521399492e-30 1.374494098450179938e-33 -1.539756509349684757e-32 2.447410830039161369e-33 -9.225327489812344433e-34 2.401119893889363396e-31 1.378556354368550992e-29 -3.577387026260875789e-28 -1.559159613817952068e-26 -5.056196083329173839e-26 -6.185718850489194241e-26 -9.993446968325967204e-25 -3.286110513524905763e-24 -1.891270404590544782e-23 8.879994653865041505e-24 -1.596955555485901977e-22 -1.809373304504815348e-21 -3.420196638236577593e-21 4.504802965073101435e-21 2.062412979837933458e-20 -7.640566087301166419e-21 -2.089329576232399628e-19 -1.064941130561221864e-18 -1.889945244600806502e-18 3.025838827643970255e-19 7.249805034642275449e-18 1.661507075741713709e-17 3.138022555433221965e-17 5.068124151071951822e-17 9.308030846858377360e-18 1.755152253972092457e-17
-3.682986106343198452e-05 -2.957298319505771689e-04 -9.090083245834825907e-04 -1.963961648577981431e-03 -3.526099654888498018e-03 1.772879924286793474e-01 -8.344439623020371774e-03 -1.163913400325476341e-02 -1.551261945541428447e-02 -1.992359164133103433e-02 -2.480150945717924521e-02 -3.004534609390090497e-02 -3.552386528911292279e-02 -4.107730224465479946e-02 -4.652000317204914304e-02 -5.164358255074779497e-02 -5.622064321785397861e-02 -6.000997940040079387e-02 -6.276506113589226665e-02 -6.424801518852235604e-02 -6.425094172190050357e-02 -6.262506383581371849e-02 -5.931570675949426191e-02 -5.439738910013706269e-02 -4.809913373565358891e-02 -4.080758239285074002e-02 -3.303738322019417889e-02 -2.536607833583960983e-02 -1.834304921227715435e-02 -1.239468285899663312e-02 -7.754486378162635425e-03 -4.441800184591981546e-03 -2.295581566811824570e-03 -1.047968917665222056e-03 -4.079019378675013898e-04 -1.258433596477527084e-04 -2.465827214246452202e-05 8.486109392608267412e-07 2.306144499477277222e-06 -2.813011540711957280e-07 -1.672541888615899242e-06 -1.726115072804585074e-06 -1.235262613880804218e-06 -7.221019557709693210e-07 -3.631884910272870510e-07 -1.581848300255929702e-07 -5.678624088774343534e-08 -1.285561705603857791e-08 3.228680621674005040e-09 7.373061104874589942e-09 7.115680829144036144e-09 5.647834192306625169e-09 4.146495830765070863e-09 2.947333488587342223e-09 2.076467838030241280e-09 1.469331611138661126e-09 1.050361780971976871e-09 7.556338125054141874e-10 5.330651483730002608e-10 3.270658902963753823e-10 5.847077158626900243e-10 6.158597596857246658e-10 3.735912296729022820e-10 1.103470521724925967e-10 -2.009532600323534276e-11 -3.283122096596631134e-11 -1.237636212909962626e-11 -1.688920422620420572e-12 9.567164512459799072e-14 4.006605460835690555e-14 1.305456172720011152e-15 -1.554949837929429532e-16 -3.259009129523018092e-18 1.763782288816243902e-19 -3.741480966825779351e-22 -2.704228070206493616e-23 2.444392219321050559e-25 -8.027076426925700238e-28 -1.903797395274609011e-29 2.093892768297290692e-29 1.530844932974310792e-28 1.996292824760879806e-28 -8.654158227977003088e-30 7.306429669480151438e-29 -3.355009077998184774e-27 2.487456767028306274e-27 4.751686630943697898e-27 1.007523298569150681e-28 -4.261644641260432219e-30 -4.700143050449794366e-30 2.091681496374365668e-33 -2.450630599994129451e-32 3.891841234112215626e-33 -1.471861228560026802e-33 3.826779486522395500e-31 2.197728447631451126e-29 -5.706937926573776670e-28 -2.487812062262479905e-26 -8.071038342370656715e-26 -9.858353836182976925e-26 -1.595203521651536396e-24 -5.241098550961912036e-24 -3.018435784117937475e-23 1.423099493153782290e-23 -2.546660895351870535e-22 -2.887976049795047582e-21 -5.462022452492923818e-21 7.179621872240381780e-21 3.292887358965192758e-20 -1.208662814834615315e-20 -3.330192069176363582e-19 -1.698960153061402286e-18 -3.018603367680983528e-18 4.679723776710284624e-19 1.152643381674062688e-17 2.643197868425776505e-17 4.992545197530731031e-17 8.063532112432501031e-17 1.480920789419149395e-17 2.792505167606921885e-17
-5.445701037656948743e-05 -4.372693984280383956e-04 -1.344073299333543728e-03 -2.903965602182409077e-03 -5.213872776901466374e-03 -8.344439623020371774e-03 3.329674387399703117e-01 -1.721298687325713284e-02 -2.294394226833146311e-02 -2.947223934590261982e-02 -3.669459600069416988e-02 -4.446260841267371533e-02 -5.258294959233449084e-02 -6.081965439018666847e-02 -6.889790051858078745e-02 -7.650867497079646973e-02 -8.331437310465267254e-02 -8.895661721224318308e-02 -9.306888147157725555e-02 -9.529719153682984778e-02 -9.533168332589460336e-02 -9.294982801903151071e-02 -8.806837725199088973e-02 -8.079555190543825927e-02 -7.146884303402686878e-02 -6.066005333082737788e-02 -4.913188150279812483e-02 -3.774170584296579478e-02 -2.730651898955996013e-02 -1.846183932386128573e-02 -1.155734155566683422e-02 -6.624509601522202487e-03 -3.426167337095314264e-03 -1.565416493534383530e-03 -6.099224684655382180e-04 -1.884189471193164708e-04 -3.700186417068589763e-05 1.257148419363416508e-06 3.484382929463018974e-06 -3.836637793469779207e-07 -2.477988001136303507e-06 -2.570720317363221405e-06 -1.844030211344954644e-06 -1.079794843180549574e-06 -5.439776782656382398e-07 -2.374152525296991471e-07 -8.554324064047504027e-08 -1.961632012234380226e-08 4.601314235642278088e-09 1.090120243225071773e-08 1.057520486604352402e-08 8.412491763235448883e-09 6.184530855916355364e-09 4.400155076962800243e-09 3.102308794521072269e-09 2.196546409298218895e-09 1.570984484441497070e-09 1.130604066356160151e-09 7.978044001633805084e-10 4.895699778488008151e-10 8.754316443900292950e-10 9.228454251180484573e-10 5.609232489231725197e-10 1.668184684305560583e-10 -2.911906072946267670e-11 -4.881811563086222203e-11 -1.847787112205684468e-11 -2.532483697622127808e-12 1.408227502575236520e-13 5.977461567105629520e-14 1.963097636248469729e-15 -2.316306040925776577e-16 -4.889413426048695811e-18 2.629941305014707371e-19 -5.475388769916844999e-22 -4.041574258869392051e-23 3.646032639504164178e-25 -1.195908647750358965e-27 -2.779740626952675176e-29 3.063613700670040976e-29 2.232572148510385646e-28 2.933379905929035975e-28 -1.360021155473468040e-29 1.046848683863155399e-28 -4.911135385041812355e-27 3.624929284854326178e-27 6.956289317257155808e-27 1.476438542935803312e-28 -6.231655339258894621e-30 -6.880579118418448410e-30 2.831584335920076345e-33 -3.591338088594450029e-32 5.695129863328452713e-33 -2.165816495338723320e-33 5.620984593697281582e-31 3.229755252705153554e-29 -8.396123844718379639e-28 -3.661367271330296619e-26 -1.188649018766297969e-25 -1.447993200643550312e-25 -2.349254563711372974e-24 -7.707875654690336901e-24 -4.444015343915630167e-23 2.109659685818259976e-23 -3.744380401492627880e-22 -4.252556315065948523e-21 -8.050224507439059018e-21 1.054570750137060482e-20 4.851266258591839025e-20 -1.753078279990717342e-20 -4.892341120401233769e-19 -2.499719912020629065e-18 -4.449864215332600630e-18 6.522715656075461326e-19 1.686183509899161638e-17 3.870577014019175803e-17 7.311943607997394540e-17 1.181018156172742953e-16 2.168983696943920688e-17 4.090035697482409837e-17
-7.595187755111608918e-05 -6.098656259374771052e-04 -1.874604895460764984e-03 -4.050264033004976824e-03 -7.272159727565158556e-03 -1.163913400325476341e-02 -1.721298687325713284e-02 5.719830029949699579e-01 -3.201455156504894040e-02 -4.113268302289922740e-02 -5.122650454758249233e-02 -6.209113445914542923e-02 -7.345852081364333264e-02 -8.500019866337044094e-02 -9.633228801367427208e-02 -1.070219724402683426e-01 -1.165954946943745102e-01 -1.245493207335537922e-01 -1.303679300023855847e-01 -1.335527634437363442e-01 -1.336663332547321226e-01 -1.303927680146250156e-01 -1.236107330641369045e-01 -1.134668730203221704e-01 -1.004293575303898262e-01 -8.529586081871297354e-02 -6.913380407677308104e-02 -5.314629426218925312e-02 -3.848283765818653890e-02 -2.604071171208654015e-02 -1.631716293345729374e-02 -9.362391844786802433e-03 -4.847703760525718004e-03 -2.217787241491036947e-03 -8.654382661112278380e-04 -2.678958675435933151e-04 -5.278715891696106696e-05 1.759971418859318907e-06 5.024223627611160901e-06 -4.627934379686575651e-07 -3.465530133312492520e-06 -3.624935755224758511e-06 -2.609830318458550239e-06 -1.532230938509018856e-06 -7.738445983386811504e-07 -3.388082258277552394e-07 -1.227620705976289533e-07 -2.869555355015932173e-08 6.033133538454887704e-09 1.519739753328733572e-08 1.486368179359979864e-08 1.186529269687856583e-08 8.741115955078066799e-09 6.228286720906085035e-09 4.396248372596186972e-09 3.115588060066168693e-09 2.229969339825136769e-09 1.605806818221063058e-09 1.133597960008953718e-09 6.957846111784830932e-10 1.244634476482395806e-09 1.313730472770814339e-09 8.009287440868736025e-10 2.406744596639567618e-10 -3.928889940044340636e-11 -6.867150338916767154e-11 -2.615701213813901425e-11 -3.608833760065499448e-12 1.949472491852883074e-13 8.452066030372179549e-14 2.809625229112579930e-15 -3.267541876609111768e-16 -6.973184527359763731e-18 3.715567617405285841e-19 -7.509739310947267300e-22 -5.730342574720114395e-23 5.153833502494716383e-25 -1.687403811789617152e-27 -3.801539634259324857e-29 4.203224466427127321e-29 3.047951124570907561e-28 4.051135863259857580e-28 -2.063497593117965319e-29 1.389728350683646647e-28 -6.743267184064429952e-27 4.942891017135866907e-27 9.552696359712034689e-27 2.030576561365543615e-28 -8.542584471404047002e-30 -9.448177071268186040e-30 3.402135794245618308e-33 -4.939653802282992956e-32 7.815796120214122111e-33 -2.997840663255860778e-33 7.759060298708661155e-31 4.461686438663124755e-29 -1.161839751500357057e-27 -5.069222451792020930e-26 -1.647444276564902121e-25 -1.998603059215922996e-25 -3.255884515369936822e-24 -1.065980469598757387e-23 -6.156447840638606543e-23 2.953370735372278718e-23 -5.176478957296007936e-22 -5.892533101781799470e-21 -1.117051122111714359e-20 1.455624774808217765e-20 6.727343943795538971e-20 -2.372379426208141314e-20 -6.754822602871562211e-19 -3.459448276639517494e-18 -6.176469440021774174e-18 8.254808343284598353e-19 2.312860801372361700e-17 5.317417429991185270e-17 1.004751950589507965e-16 1.622985085372575671e-16 2.980599988044976603e-17 5.620666733264786869e-17
-1.012158628977206291e-04 -8.127270559901195093e-04 -2.498174230372211466e-03 -5.397633977078685093e-03 -9.691680622899975783e-03 -1.551261945541428447e-02 -2.294394226833146311e-02 -3.201455156504894040e-02 9.183914193525061220e-01 -5.486607581367605041e-02 -6.835642080903175932e-02 -8.289255262650678524e-02 -9.812041991493608561e-02 -1.136037306035520555e-01 -1.288300431306911298e-01 -1.432192725995770355e-01 -1.561346353749079874e-01 -1.668979967254167751e-01 -1.748139551769304634e-01 -1.792086213473471079e-01 -1.794886085696403843e-01 -1.752221992967787911e-01 -1.662374070083486866e-01 -1.527211252949196296e-01 -1.352921248554452005e-01 -1.150135550445940125e-01 -9.331485399929881352e-02 -7.181337046127335422e-02 -5.206040159306787873e-02 -3.527294351214967094e-02 -2.213236402845985065e-02 -1.271799515480816732e-02 -6.596081311266298493e-03 -3.023330819789296197e-03 -1.182424243400309084e-03 -3.670875078331254770e-04 -7.267901824712810581e-05 2.361794474803885994e-06 7.026597022781718433e-06 -4.682896393281819432e-07 -4.633264069028327497e-06 -4.906858939914062690e-06 -3.552089805923927041e-06 -2.093470704491727591e-06 -1.061165115731645970e-06 -4.667295187790880898e-07 -1.704702474476615844e-07 -4.091856758923319064e-08 7.255991667284912069e-09 2.022451184877444409e-08 2.002498600432521276e-08 1.606848841941800089e-08 1.187405973200466692e-08 8.478918814151394286e-09 5.994872116440205417e-09 4.254262469438779659e-09 3.048309917010605505e-09 2.196973000259629493e-09 1.551855159361814030e-09 9.528137661521210023e-10 1.705319768643239406e-09 1.803330502974538350e-09 1.104200205952216774e-09 3.366905794028306583e-10 -4.965405171754907676e-11 -9.263532710407516667e-11 -3.561390991331711551e-11 -4.961003653459729816e-12 2.567032220532554517e-13 1.148901749233965102e-13 3.886292450173204509e-15 -4.426389889725173628e-16 -9.597001860858898190e-18 5.044450115452941175e-19 -9.747759625015751150e-22 -7.820342310599317887e-23 7.002579441464862189e-25 -2.286598035647016237e-27 -4.921449833610667952e-29 5.467245238149883378e-29 3.936529156434497303e-28 5.319812049323214935e-28 -3.055862202769031826e-29 1.720538065270375082e-28 -8.781946437211135566e-27 6.372397526079366238e-27 1.244297117594706341e-26 2.650660948020520850e-28 -1.109961159530405148e-29 -1.230574911318296307e-29 3.513740612664698628e-33 -6.449144379416639206e-32 1.017110171023301068e-32 -3.950333799151547593e-33 1.018386914695565992e-30 5.862525385156057885e-29 -1.530389706092562827e-27 -6.682385583410238414e-26 -2.175037001911016186e-25 -2.622757959589048510e-25 -4.298282734420948081e-24 -1.402928412662658409e-23 -8.122514192824749137e-23 3.955504473155208955e-23 -6.809039317737618978e-22 -7.776854142587907007e-21 -1.477288500822485616e-20 1.910263106496176802e-20 8.888463781852510029e-20 -3.022572286850140735e-20 -8.868576118929460190e-19 -4.557531096959004121e-18 -8.171711972623706767e-18 9.397713347206278562e-19 3.007403384321047535e-17 6.930294018211461685e-17 1.309963744424021697e-16 2.116227173396326678e-16 3.886296155343777658e-17 7.328913182582832737e-17
-1.299748108307586408e-04 -1.043652658984748662e-03 -3.208020823277326315e-03 -6.931500952543997833e-03 -1.244639398728774812e-02 -1.992359164133103433e-02 -2.947223934590261982e-02 -4.113268302289922740e-02 -5.486607581367605041e-02 1.398606895254995264e+00 -8.793325820664904535e-02 -1.066987102889546818e-01 -1.263905671659773522e-01 -1.464515822216783947e-01 -1.662227822716089431e-01 -1.849540006907376966e-01 -2.018182723321526040e-01 -2.159322891463124061e-01 -2.263880374973518128e-01 -2.323030652477987568e-01 -2.328966714703825658e-01 -2.275949634347554928e-01 -2.161583041544440364e-01 -1.988109323866111278e-01 -1.763377230094101966e-01 -1.501036497850039009e-01 -1.219562906572023014e-01 -9.399731388868419468e-02 -6.825341815787766553e-02 -4.632560522528804403e-02 -2.912279802527521430e-02 -1.676968780259895792e-02 -8.717438733429628758e-03 -4.006072714529346560e-03 -1.571619927661214349e-03 -4.898686788838955714e-04 -9.761471647301798993e-05 3.070699805754627286e-06 9.645791557785453454e-06 -3.150466687883191532e-07 -5.968009895138667207e-06 -6.435968192500609711e-06 -4.695390558185799031e-06 -2.782315631977286791e-06 -1.417527053620056035e-06 -6.273963625464840101e-07 -2.316487604723886483e-07 -5.755572813358237849e-08 7.816123112999523672e-09 2.588140943023925828e-08 2.609108785994273831e-08 2.109202244276409788e-08 1.565437006748652743e-08 1.121242105482072834e-08 7.946124408503777776e-09 5.649601747500517185e-09 4.054285980985594744e-09 2.925463441828893406e-09 2.068149573452629218e-09 1.270380453357081342e-09 2.275360194445480895e-09 2.412278546219433277e-09 1.485845133263065401e-09 4.619856946754523023e-10 -5.857523023419722245e-11 -1.209298021999542062e-10 -4.710588231162485759e-11 -6.649386282903581176e-12 3.234442989453200726e-13 1.516177838369921396e-13 5.252537622047927467e-15 -5.813369988741391395e-16 -1.288306154173488182e-17 6.645773688014950862e-19 -1.201640095133323885e-21 -1.037762436866667654e-22 9.235653722630922716e-25 -3.004491071347086718e-27 -6.067289219635812187e-29 6.785351896751569721e-29 4.838498067789160565e-28 6.689658181445545996e-28 -4.430282462421603495e-29 1.987045767556121805e-28 -1.091988117281312073e-26 7.811931777264854440e-27 1.547533797454860439e-26 3.306271798310694087e-28 -1.375876963791760724e-29 -1.530273757197972138e-29 2.789494571130808529e-33 -8.046779123323193175e-32 1.263362632314342333e-32 -4.993495159971572361e-33 1.280275031931702848e-30 7.381472299844567059e-29 -1.933500616671750012e-27 -8.451566258583471187e-26 -2.756737460981515792e-25 -3.296223841348041560e-25 -5.447246568673281956e-24 -1.770356944015148573e-23 -1.028505984015883443e-22 5.112354824947771766e-23 -8.585762886557071369e-22 -9.851830023551216462e-21 -1.876783741599759078e-20 2.400792453302689503e-20 1.127704522909405215e-19 -3.638961384646351395e-20 -1.115361221498483129e-18 -5.759180182737068636e-18 -1.038732202903762349e-17 9.281072687056826192e-19 3.730851546547340324e-17 8.626052143577899911e-17 1.631298023111378603e-16 2.635747962366990514e-16 4.840110864869771085e-17 9.128234219927374757e-17
-1.617631763939635526e-04 -1.298904665383902738e-03 -3.992661197329758216e-03 -8.627090125442866617e-03 -1.549196024307402698e-02 -2.480150945717924521e-02 -3.669459600069416988e-02 -5.122650454758249233e-02 -6.835642080903175932e-02 -8.793325820664904535e-02 2.041218549622031198e+00 -1.331946269496781521e-01 -1.579219966073457659e-01 -1.831768024905613135e-01 -2.081386917767117373e-01 -2.318666578893331942e-01 -2.533171470213562704e-01 -2.713705322465404524e-01 -2.848716989987086778e-01 -2.926935856765997546e-01 -2.938328841393951230e-01 -2.875421456904557194e-01 -2.734908462063489476e-01 -2.519305769702093190e-01 -2.238206900528339760e-01 -1.908583735328344688e-01 -1.553620475699747649e-01 -1.199880254178923439e-01 -8.731633001218967738e-02 -5.940390817335843704e-02 -3.743985768504053818e-02 -2.161887541926115278e-02 -1.127276505793141370e-02 -5.198392257782970781e-03 -2.047762169857870670e-03 -6.416478933640989155e-04 -1.289219022802318604e-04 3.904913254107331452e-06 1.311846399311695745e-05 1.361300234417325452e-07 -7.437933277125085466e-06 -8.232581487978551791e-06 -6.071313899556491670e-06 -3.624300489067202054e-06 -1.859164693620962034e-06 -8.297358841169494307e-07 -3.106879146788793725e-07 -8.054231814750950031e-08 6.978289651511357613e-09 3.196688753189566737e-08 3.307256899646970499e-08 2.701468790185902438e-08 2.017091593267206959e-08 1.450756334422639402e-08 1.031402295032993963e-08 7.351791385073175055e-09 5.286613125243564128e-09 3.820726521896141264e-09 2.704047781755924135e-09 1.661980337306898602e-09 2.979651622065572894e-09 3.169631146888362324e-09 1.967547543191450672e-09 6.271208764819470807e-10 -6.338453102896175500e-11 -1.537291626441334428e-10 -6.097093395542740508e-11 -8.759480540861978724e-12 3.905810301196309119e-13 1.956465447747500093e-13 6.994131728228965854e-15 -7.452760645424759313e-16 -1.700474702379905557e-17 8.556281076499956059e-19 -1.403120174389442462e-21 -1.349142623745752447e-22 1.190858088399033384e-24 -3.854265228933175925e-27 -7.142302878895220038e-29 8.061394663726089376e-29 5.676014798930995579e-28 8.087576169561220639e-28 -6.271784578941212472e-29 2.128647385356794499e-28 -1.301085457255407414e-26 9.129855256200555578e-27 1.844213440593904806e-26 3.955000633798799531e-28 -1.632743037586016233e-29 -1.823321759837145343e-29 8.109941567307299683e-34 -9.631233531873774233e-32 1.503014063132038668e-32 -6.083633673049894685e-33 1.548427298281481613e-30 8.945867212234840487e-29 -2.354006781643314192e-27 -1.030431877253967106e-25 -3.370626343487705400e-25 -3.984528421437937660e-25 -6.659220419595195182e-24 -2.151923139065058137e-23 -1.255940074331222435e-22 6.412540647788607033e-23 -1.042527133274019071e-21 -1.203761858555087993e-20 -2.301915781833659744e-20 2.902017944592628033e-20 1.380637170724513224e-19 -4.136817492381503962e-20 -1.349587066281188453e-18 -7.013538234711170664e-18 -1.274945539035108208e-17 7.065986381710278989e-19 4.430074804575515740e-17 1.029040891286498662e-16 1.947383129455576798e-16 3.147137815251169167e-16 5.778782265946388920e-17 1.089949641375244593e-16
-1.959167043384656430e-04 -1.573149722197306546e-03 -4.835707085917774484e-03 -1.044902771429592238e-02 -1.876500323815609439e-02 -3.004534609390090497e-02 -4.446260841267371533e-02 -6.209113445914542923e-02 -8.289255262650678524e-02 -1.066987102889546818e-01 -1.331946269496781521e-01 2.876813804773723060e+00 -1.921793440667762254e-01 -2.231991310810635398e-01 -2.539719883546354695e-01 -2.833494314851170981e-01 -3.100473494313028544e-01 -3.326791473839454949e-01 -3.498067246353667725e-01 -3.600192450424284929e-01 -3.620507090134024719e-01 -3.549421304392324505e-01 -3.382403684748271910e-01 -3.122043469869678067e-01 -2.779657379613432733e-01 -2.375749318271997423e-01 -1.938675421035128132e-01 -1.501232861407497954e-01 -1.095575396839734983e-01 -7.476431071581900178e-02 -4.727752185037254612e-02 -2.739827417360839179e-02 -1.434338531929515298e-02 -6.644201169482863260e-03 -2.631150379301548138e-03 -8.299815368314920547e-04 -1.684727846206829555e-04 4.906412470097406955e-06 1.780843423107546027e-05 1.109744840284067710e-06 -8.979134673898592716e-06 -1.031522492672726496e-05 -7.720071778263495757e-06 -4.654079400238155029e-06 -2.408833357000307796e-06 -1.086563981857517943e-06 -4.140385052102337863e-07 -1.128054556620375695e-07 3.575536056423692548e-09 3.811784345728210255e-08 4.093790332657041405e-08 3.392103407928715502e-08 2.553400604259154046e-08 1.846697969607887373e-08 1.318409087171305513e-08 9.428914891632009906e-09 6.798355062965941700e-09 4.923403972371817033e-09 3.489444517859370903e-09 2.146362374624376820e-09 3.852898907532911185e-09 4.116312432420157689e-09 2.580382145378868653e-09 8.476679660121031071e-10 -5.985889412719137065e-11 -1.911034036192275078e-10 -7.765361770219743352e-11 -1.141218130458530113e-11 4.505667078054400715e-13 2.481883010290900321e-13 9.234272473166982700e-15 -9.372981405843739642e-16 -2.220739047234367393e-17 1.082228382520634062e-18 -1.534284373298352283e-21 -1.728254567962093380e-22 1.509263673126718002e-24 -4.851621705486432833e-27 -8.031916495594524448e-29 9.179005928841623144e-29 6.360536303494941723e-28 9.417901891397590027e-28 -8.622775155326384845e-29 2.087576745136533238e-28 -1.487883164677100830e-26 1.017711819031432931e-26 2.109195435665564170e-26 4.544311460775433912e-28 -1.857877256622001945e-29 -2.084799761040253557e-29 -2.790756103604233022e-33 -1.107790758591986336e-31 1.715254903461687978e-32 -7.164462180593442987e-33 1.806406397774243557e-30 1.046412784005507122e-28 -2.769885437707060191e-27 -1.214714838025674598e-25 -3.988071233592165373e-25 -4.644387996114136774e-25 -7.877332257296724670e-24 -2.526779632968297709e-23 -1.483555945288178075e-22 7.835346133327406015e-23 -1.222390751720058827e-21 -1.423019247554720065e-20 -2.734620910071755629e-20 3.382265825600441606e-20 1.636232356685708392e-19 -4.417618061734088487e-20 -1.575180000171317095e-18 -8.255262641210120398e-18 -1.515983014162229320e-17 1.822509771377866618e-19 5.040854059811174991e-17 1.178426135022187706e-16 2.232178211847750617e-16 3.608452148730173658e-16 6.625203183074568787e-17 1.249747958911453121e-16
-2.315752988415860846e-04 -1.859481858912937153e-03 -5.715934850404657055e-03 -1.235148352781861684e-02 -2.218333688739076645e-02 -3.552386528911292279e-02 -5.258294959233449084e-02 -7.345852081364333264e-02 -9.812041991493608561e-02 -1.263905671659773522e-01 -1.579219966073457659e-01 -1.921793440667762254e-01 3.937787747526386717e+00 -2.657025516406467114e-01 -3.028525756558671511e-01 -3.385078929417602023e-01 -3.711249788617658751e-01 -3.990221366145400017e-01 -4.204420521611688666e-01 -4.336478427961670823e-01 -4.370649885863102102e-01 -4.294765519389663333e-01 -4.102638574582565534e-01 -3.796595752869483809e-01 -3.389508107951568205e-01 -2.905483337249760156e-01 -2.378410211967430243e-01 -1.847965321135027483e-01 -1.353510183875410444e-01 -9.272732470861418108e-02 -5.888416885217426233e-02 -3.428134429882261081e-02 -1.803753198232550120e-02 -8.402906622472240336e-03 -3.349663542152873496e-03 -1.065384991068998952e-03 -2.188871884334167041e-04 6.167993681563369570e-06 2.427798621416712264e-05 2.966921524329982083e-06 -1.047158769305332916e-05 -1.269394394574284301e-05 -9.691371121318356310e-06 -5.918223161798640251e-06 -3.098290250006698805e-06 -1.416239719916069806e-06 -5.511649001588057144e-07 -1.587617819588133199e-07 -4.230392913322230977e-09 4.370359583813857727e-08 4.957261948506535933e-08 4.188990012778969795e-08 3.187613457723563906e-08 2.322226297186755317e-08 1.666941397821588575e-08 1.197264137716278794e-08 8.661797662302654859e-09 6.289288855472553673e-09 4.465578089601277201e-09 2.749453088386799866e-09 4.943270457316865989e-09 5.309750167348571316e-09 3.368742498812488410e-09 1.146501809671824073e-09 -4.139205113008263001e-11 -2.328954070877608998e-10 -9.773189377969439220e-11 -1.477771321591919537e-11 4.912729855868160553e-13 3.107765640864298749e-13 1.214900715273474360e-14 -1.160574736139625519e-15 -2.883627947475287458e-17 1.350109524532954029e-18 -1.525476640204377746e-21 -2.191339425906111503e-22 1.887809772887997283e-24 -6.014593130828440655e-27 -8.615090667155115510e-29 1.001163251607915376e-28 6.804144399858828589e-28 1.056509817328845454e-27 -1.143559802472609315e-28 1.824817106309879906e-28 -1.633309558356436558e-26 1.080712455634840089e-26 2.315022141355476137e-26 5.014928149588457670e-28 -2.027447969532512422e-29 -2.287513675744232570e-29 -8.200467547474776696e-33 -1.224763815202036342e-31 1.877613639803333157e-32 -8.169060635242106128e-33 2.035407050729165432e-30 1.183038945311306236e-28 -3.155085011113935731e-27 -1.386861976489551419e-25 -4.574421764791848224e-25 -5.226093836473414949e-25 -9.032832731258014715e-24 -2.870454147505112763e-23 -1.698146334071685761e-22 9.346976157615731811e-23 -1.386019925868611773e-21 -1.630408057936672960e-20 -3.152623480595076534e-20 3.805154187804455081e-20 1.880573149311974734e-19 -4.380220734177796202e-20 -1.775583223397120534e-18 -9.406938704930291426e-18 -1.749687006132470681e-17 -7.327600238948647559e-19 5.493219200503981239e-17 1.295449210446478284e-16 2.456974722611272384e-16 3.973421474401763601e-16 7.294327268069077002e-17 1.376199341128716707e-16
