1.560856658421485958e-04 -8.551080520368667515e-06 -2.626308888839951546e-05 -5.664870285664066313e-05 -1.013988155343062316e-04 -1.614567196873553179e-04 -2.368794491811788039e-04 -3.266493272707830472e-04 -4.285038919357134386e-04 -5.388388252018063351e-04 -6.527056211535315570e-04 -7.638804006038826247e-04 -8.649622403463552755e-04 -9.475131330500055626e-04 -1.002372908907697008e-03 -1.020399409250301575e-03 -9.939064817910206202e-04 -9.189177443574949103e-04 -7.979093683117373034e-04 -6.419585363374003635e-04 -4.705684559425178833e-04 -3.077673664561811784e-04 -1.749278317994394270e-04 -8.344968731550724971e-05 -3.176770209627994093e-05 -8.839228696955985016e-06 -1.447070763180189757e-06 -1.706142857911315751e-08 1.419903980028753103e-08 -3.248037212722040118e-08 -2.321111650369335244e-08 -7.697348337369112922e-09 -1.261265751659345214e-09 9.557772050241696387e-11 1.336745793140216994e-10 4.723872403482404203e-11 9.724072601309674166e-12 6.435437243973874449e-13 -4.402808851780406849e-13 -2.448377522322057090e-13 -7.863716204549055360e-14 -1.767205715060528585e-14 -1.941015820197385716e-15 7.191919073289786132e-16 6.605682397470175583e-16 3.453367904125105952e-16 1.531590155514613388e-16 6.333904082530902531e-17 2.536270070951641088e-17 9.995376331900876184e-18 3.902707220705885987e-18 1.526430698696454942e-18 6.298820137621095539e-19 2.996995084825168181e-19 -2.995836373164001679e-19 -1.880956504888694577e-18 -1.589004227123951093e-18 -4.197414955006428296e-19 2.671703618686080579e-21 6.691578691621032004e-21 -9.421871153682617973e-23 -5.279650420289656163e-24 9.155751609828200716e-26 -4.258823183680012461e-28 6.399759601226048242e-31 -2.750411200497889629e-34 2.517988652409659659e-38 -2.302893307269896105e-43 -1.472896919093433486e-48 1.981003720275395672e-54 -1.212355051054800054e-61 3.242478493192250897e-70 -2.661747904604938540e-80 4.254853917851141546e-92 -7.851116224857376317e-106 9.433556911917543785e-122 -4.038786167804452155e-140 3.335291212506055956e-161 -2.895804146347158501e-185 1.474990097607842676e-212 -2.551654208317049837e-243 9.138002960280620717e-278 -4.402386907457496322e-316 0.000000000000000000e+00 0.000000000000000000e+00 0.000000000000000000e+00 0.000000000000000000e+00 0.000000000000000000e+00 0.000000000000000000e+00 0.000000000000000000e+00 0.000000000000000000e+00 0.000000000000000000e+00 0.000000000000000000e+00 0.000000000000000000e+00 0.000000000000000000e+00 0.000000000000000000e+00 0.000000000000000000e+00 0.000000000000000000e+00 0.000000000000000000e+00 0.000000000000000000e+00 0.000000000000000000e+00 0.000000000000000000e+00 0.000000000000000000e+00 0.000000000000000000e+00 0.000000000000000000e+00 0.000000000000000000e+00 1.165218630848866796e-310 4.340558435133439635e-258 5.584873958105480744e-211 1.852877509575696844e-169 1.469177987736661679e-133 3.537801012419160151e-103 7.769418945373354141e-78 4.849124488825705452e-57 8.596996790795894837e-41 1.037869232826413174e-28 3.177656330043185336e-20 1.050485454036766388e-14 1.681475009522736827e-11 4.141410602163871350e-10
-8.551080520368667515e-06 4.288103737980573926e-03 -2.108127899988144398e-04 -4.547171832427351033e-04 -8.139257850237109236e-04 -1.296011960818283784e-03 -1.901436394032233763e-03 -2.622034468302109848e-03 -3.439650525952958962e-03 -4.325357371738087521e-03 -5.239435855440316425e-03 -6.131925992441516864e-03 -6.943416122761902204e-03 -7.606167113424777866e-03 -8.046640824240482159e-03 -8.191441457888665179e-03 -7.978858576927042728e-03 -7.376959528016433301e-03 -6.405608574264428680e-03 -5.153716885363404145e-03 -3.777843194198350456e-03 -2.470882921741396083e-03 -1.404423792788842733e-03 -6.700006360528028976e-04 -2.550644525262648829e-04 -7.097360050246901190e-05 -1.161996412706362967e-05 -1.371799914679802062e-07 1.140758734742005936e-07 -2.607499676674639096e-07 -1.863616960704176280e-07 -6.180666663407820848e-08 -1.012886778513364711e-08 7.668485553228365663e-10 1.073208339293917499e-09 3.792921944470370986e-10 7.808447718447914781e-11 5.170338345439655354e-12 -3.534289711322485895e-12 -1.965728192117862300e-12 -6.314011854717747409e-13 -1.419070234971013534e-13 -1.559182209990957112e-14 5.772037807621616923e-15 5.303105797310349822e-15 2.772615498668444699e-15 1.229733415566914044e-15 5.085805497849577719e-16 2.036605520636663794e-16 8.026804055626984381e-17 3.134439850263076420e-17 1.226182697436372891e-17 5.061278448072278623e-18 2.408614592542377778e-18 -2.401650015589392408e-18 -1.509991141311408705e-17 -1.275778043544184633e-17 -3.370216582555094167e-18 2.143333323502476829e-20 5.372798357809619024e-20 -7.564831540143549563e-22 -4.239192929867382481e-23 7.351419255674538455e-25 -3.419534993841611786e-27 5.138557463946018827e-30 -2.208385374409357117e-33 2.021759483405537839e-37 -1.849010679520246956e-42 -1.182667649807291543e-47 1.590629005158659870e-53 -9.734455970272310612e-61 2.603502423183168373e-69 -2.137209359074301363e-79 3.416364156680346491e-91 -6.303914226182137787e-105 7.574496051247815086e-121 -3.242862086144692385e-139 2.678000603765173262e-160 -2.325119630636948149e-184 1.184307017361964487e-211 -2.048782793834968196e-242 7.337093088770488885e-277 -3.534756082550780314e-315 0.000000000000000000e+00 0.000000000000000000e+00 0.000000000000000000e+00 0.000000000000000000e+00 0.000000000000000000e+00 0.000000000000000000e+00 0.000000000000000000e+00 0.000000000000000000e+00 0.000000000000000000e+00 0.000000000000000000e+00 0.000000000000000000e+00 0.000000000000000000e+00 0.000000000000000000e+00 0.000000000000000000e+00 0.000000000000000000e+00 0.000000000000000000e+00 0.000000000000000000e+00 0.000000000000000000e+00 0.000000000000000000e+00 0.000000000000000000e+00 0.000000000000000000e+00 0.000000000000000000e+00 0.000000000000000000e+00 9.322813455630310756e-310 3.472843241390073521e-257 4.468409312302150305e-210 1.482471253122223943e-168 1.175476581174928227e-132 2.830563899038645289e-102 6.216244590680792326e-77 3.879742418427010443e-56 6.878382575444800423e-40 8.303901741985440067e-28 2.542415277171434998e-19 8.404843025725995875e-14 1.345333572946436395e-10 3.313506705109123911e-09
-2.626308888839951546e-05 -2.108127899988144398e-04 2.560143757631985414e-02 -1.396586838867719003e-03 -2.499850920948622993e-03 -3.980551566292043347e-03 -5.840149100624844603e-03 -8.053634174649951238e-03 -1.056532414535441174e-02 -1.328644494194548310e-02 -1.609504133273544774e-02 -1.883764984811099955e-02 -2.133172099372454902e-02 -2.336908474438384106e-02 -2.472372682626018323e-02 -2.517003742635309099e-02 -2.451826825483447228e-02 -2.267012400820939133e-02 -1.968643447727367810e-02 -1.584020178432057890e-02 -1.161238344068211276e-02 -7.595761268879113771e-03 -4.317817403109352158e-03 -2.060130364782896892e-03 -7.843890557875185130e-04 -2.183005055651591748e-04 -3.574941036478999310e-05 -4.222228668714966338e-07 3.526017100129862625e-07 -8.012461600454569743e-07 -5.731200784531754956e-07 -1.901554448347892121e-07 -3.118590624533234175e-08 2.349237916576481305e-09 3.299379148946539967e-09 1.166645762021850720e-09 2.402958639225547792e-10 1.595476423867718281e-11 -1.085713048290352383e-11 -6.043973546472131004e-12 -1.942118525141931112e-12 -4.366970467794033454e-13 -4.806904054375352297e-14 1.771257102340782745e-14 1.629886994176724933e-14 8.525032628202770468e-15 3.782075270481568205e-15 1.564523988303087717e-15 6.266853131361690761e-16 2.470878157807256654e-16 9.654481976083562266e-17 3.780564747921962193e-17 1.562752439414994022e-17 7.443926399382017479e-18 -7.326438960357349049e-18 -4.639837676964491659e-17 -3.922699430901948011e-17 -1.036573297475734266e-17 6.561673467774960564e-20 1.652392752029581126e-19 -2.326234516668497193e-21 -1.303842221637383666e-22 2.261033992607715908e-24 -1.051728794327601517e-26 1.580441243358208274e-29 -6.792197261824289086e-33 6.218091544955655356e-37 -5.686105730274934327e-42 -3.638025738775347403e-47 4.892571329897493378e-53 -2.994132207346778310e-60 8.007782439902978953e-69 -6.573513874494230381e-79 1.050779006355672746e-90 -1.938895478923465721e-104 2.329671553853402747e-120 -9.973925669369666475e-139 8.236538416307538829e-160 -7.151140909149375548e-184 3.642417131748133520e-211 -6.301090695506580004e-242 2.256508354920945670e-276 -1.087084895077364918e-314 0.000000000000000000e+00 0.000000000000000000e+00 0.000000000000000000e+00 0.000000000000000000e+00 0.000000000000000000e+00 0.000000000000000000e+00 0.000000000000000000e+00 0.000000000000000000e+00 0.000000000000000000e+00 0.000000000000000000e+00 0.000000000000000000e+00 0.000000000000000000e+00 0.000000000000000000e+00 0.000000000000000000e+00 0.000000000000000000e+00 0.000000000000000000e+00 0.000000000000000000e+00 0.000000000000000000e+00 0.000000000000000000e+00 0.000000000000000000e+00 0.000000000000000000e+00 0.000000000000000000e+00 0.000000000000000000e+00 2.209504602734959548e-309 8.230630239256327870e-257 1.059011938353490827e-209 3.513453302882385769e-168 2.785876617740829239e-132 6.708428913478106063e-102 1.473248072339911214e-76 9.194978130244149480e-56 1.630174752760388030e-39 1.968022457530066693e-27 6.025517383361006750e-19 1.991945553045966908e-13 3.188436984132040225e-10 7.853002073968720339e-09
-5.664870285664066313e-05 -4.547171832427351033e-04 -1.396586838867719003e-03 8.714787018242287076e-02 -5.392266467572140454e-03 -8.586473969059881667e-03 -1.259848949903047063e-02 -1.737478818149744419e-02 -2.279576238638786334e-02 -2.867037478210962553e-02 -3.473579514275405844e-02 -4.066088363052813848e-02 -4.605140352689263833e-02 -5.045757430684062739e-02 -5.339091138921630425e-02 -5.436359530630605064e-02 -5.296498182695379142e-02 -4.898166017614873774e-02 -4.254369906798996515e-02 -3.423949181167320471e-02 -2.510717129265437747e-02 -1.642747826206427189e-02 -9.341211797306878811e-03 -4.458547332495400341e-03 -1.698317086144492116e-03 -4.729131056008698355e-04 -7.751080348726223335e-05 -9.218698562740714226e-07 7.734449934669832690e-07 -1.730910058224592141e-06 -1.240863483260704926e-06 -4.122061935557799444e-07 -6.774729045556699354e-08 5.030150931392338378e-09 7.136943106357280594e-09 2.527222847609781347e-09 5.212836299148628720e-10 3.488350206046027129e-11 -2.343302507028945758e-11 -1.307833463511936483e-11 -4.207270626102175820e-12 -9.473266604040550442e-13 -1.048241261506501716e-13 3.811133881378078782e-14 3.522828728830300485e-14 1.844801021213027444e-14 8.190502408007239958e-15 3.390485836944411139e-15 1.359180789011174674e-15 5.364877564802742928e-16 2.099859709966159514e-16 8.246422482232201489e-17 3.422991628249712510e-17 1.634859956069405099e-17 -1.549017953109955101e-17 -1.002211961488358968e-16 -8.489093712375285408e-17 -2.245235161546472080e-17 1.402286815926892015e-19 3.578472697188245286e-19 -5.035876215670399587e-21 -2.824203236536147191e-22 4.897363420542573477e-24 -2.278042810004841389e-26 3.423244491697870986e-29 -1.471177338030122457e-32 1.346757584465071926e-36 -1.231111504245370664e-41 -7.883423041841758015e-47 1.059952147621955792e-52 -6.486258041291680705e-60 1.734686837199279738e-68 -1.423952649502450607e-78 2.276144686079776852e-90 -4.199850581501932289e-104 5.046206708630279343e-120 -2.160363898283644577e-138 1.784001144983109687e-159 -1.548866877667689082e-183 7.888873038002861671e-211 -1.364661417279886002e-241 4.886818037694702948e-276 -2.354111014152380451e-314 0.000000000000000000e+00 0.000000000000000000e+00 0.000000000000000000e+00 0.000000000000000000e+00 0.000000000000000000e+00 0.000000000000000000e+00 0.000000000000000000e+00 0.000000000000000000e+00 0.000000000000000000e+00 0.000000000000000000e+00 0.000000000000000000e+00 0.000000000000000000e+00 0.000000000000000000e+00 0.000000000000000000e+00 0.000000000000000000e+00 0.000000000000000000e+00 0.000000000000000000e+00 0.000000000000000000e+00 0.000000000000000000e+00 0.000000000000000000e+00 0.000000000000000000e+00 0.000000000000000000e+00 0.000000000000000000e+00 1.154237366621282625e-309 4.299652083245657188e-257 5.532241194101689319e-210 1.835415896919758111e-168 1.455332526461413166e-132 3.504459273516687730e-102 7.696181701597436553e-77 4.803414479790030226e-56 8.515962996412604583e-40 1.028086907396013256e-27 3.147706575978149140e-19 1.040584722976165934e-13 1.665627495658443444e-10 4.102379113234664162e-09
-1.013988155343062316e-04 -8.139257850237109236e-04 -2.499850920948622993e-03 -5.392266467572140454e-03 2.210400186432368019e-01 -1.537153767139088668e-02 -2.255644992187808701e-02 -3.111312727628724045e-02 -4.082942590982874265e-02 -5.136515312501028357e-02 -6.225075599356865580e-02 -7.289305819075923842e-02 -8.258452613588085356e-02 -9.051708071530065181e-02 -9.581250443904275327e-02 -9.759295434789008739e-02 -9.511803520421888147e-02 -8.800027484351603813e-02 -7.646799458961540952e-02 -6.157255013757034073e-02 -4.517496972553277507e-02 -2.957606302887202249e-02 -1.682973319776340584e-02 -8.039261063682596326e-03 -3.065155185240156944e-03 -8.545437096950321597e-04 -1.403136564640034196e-04 -1.691021488869466835e-06 1.436667962433167546e-06 -3.108227998782331354e-06 -2.239380640694200011e-06 -7.459013190668415362e-07 -1.231650977077491383e-07 8.854793911358423329e-09 1.285416149183534257e-08 4.566147527875186785e-09 9.448110429135601234e-10 6.430217825802989695e-11 -4.199779719201115289e-11 -2.357315276527184301e-11 -7.602424358250798968e-12 -1.716925510734207358e-12 -1.921475987477071904e-13 6.783773863971522241e-14 6.333834351500726128e-14 3.325585896826433026e-14 1.478925816057514307e-14 6.131303944320547926e-15 2.462224947134831849e-15 9.742184051949720739e-16 3.827516598537419382e-16 1.512426095349608183e-16 6.333660659735888023e-17 3.042101265224859490e-17 -2.648303168806728018e-17 -1.799375747198867969e-16 -1.530478997873033050e-16 -4.055759853389826729e-17 2.457949052640278265e-19 6.461543964914409900e-19 -9.085637029092593916e-21 -5.101794845160213840e-22 8.846161411645329579e-24 -4.114913305893311870e-26 6.183579650106973055e-29 -2.657398422407035530e-32 2.432386181439703224e-36 -2.221854356491934038e-41 -1.425368566575502352e-46 1.915500291137481330e-52 -1.172017788503283279e-59 3.134222248046496502e-68 -2.572650128915950023e-78 4.112107701534868078e-90 -7.587153469271231850e-104 9.115706585585919224e-120 -3.902397480644823716e-138 3.222383455899228100e-159 -2.797505528443525767e-183 1.424763043540203079e-210 -2.464436854803596332e-241 8.824207302844942758e-276 -4.250310735394009570e-314 0.000000000000000000e+00 0.000000000000000000e+00 0.000000000000000000e+00 0.000000000000000000e+00 0.000000000000000000e+00 0.000000000000000000e+00 0.000000000000000000e+00 0.000000000000000000e+00 0.000000000000000000e+00 0.000000000000000000e+00 0.000000000000000000e+00 0.000000000000000000e+00 0.000000000000000000e+00 0.000000000000000000e+00 0.000000000000000000e+00 0.000000000000000000e+00 0.000000000000000000e+00 0.000000000000000000e+00 0.000000000000000000e+00 0.000000000000000000e+00 0.000000000000000000e+00 0.000000000000000000e+00 0.000000000000000000e+00 1.023371443765386786e-310 3.812168756537573824e-258 4.905024041597137389e-211 1.627333648153227203e-169 1.290348381463335062e-133 3.107160861026469969e-103 6.823360322785690974e-78 4.258618995033907875e-57 7.550196048067093185e-41 9.115051606707818486e-29 2.790789716306670515e-20 9.225990504660937098e-15 1.476778795667388912e-11 3.637261978522652159e-10
-1.614567196873553179e-04 -1.296011960818283784e-03 -3.980551566292043347e-03 -8.586473969059881667e-03 -1.537153767139088668e-02 4.676630714753436946e-01 -3.593292729382660533e-02 -4.957883616164816126e-02 -6.508774263249982039e-02 -8.192318342290462463e-02 -9.934030393014472993e-02 -1.163934863572450573e-01 -1.319508117112585532e-01 -1.447168238722793820e-01 -1.532817369195695612e-01 -1.562339194324249836e-01 -1.523785408238780836e-01 -1.410823220805619005e-01 -1.226953421779296283e-01 -9.888603294241032904e-02 -7.262584710996408677e-02 -4.760287429367584394e-02 -2.712280136319583992e-02 -1.297536605945042061e-02 -4.955835749915721115e-03 -1.384708236421435716e-03 -2.281207022294963179e-04 -2.812386717883020785e-06 2.447255166892084564e-06 -4.977225512940152970e-06 -3.619947109584769055e-06 -1.211780889672792775e-06 -2.018195561512413532e-07 1.364176305489768056e-08 2.070146248762180932e-08 7.397292484622036371e-09 1.539530047044960306e-09 1.080017466478484778e-10 -6.701538006908575029e-11 -3.801965149400370061e-11 -1.231863031997677223e-11 -2.797425321103596677e-12 -3.195446905938124547e-13 1.068379008791542037e-13 1.016769272647463960e-13 5.364909931229009805e-14 2.393170179834976453e-14 9.949281797724766880e-15 4.008343074085877654e-15 1.592969468307848221e-15 6.301228004107109249e-16 2.517555733059452472e-16 1.070748222259195741e-16 5.192824616749907932e-17 -3.839607975352599605e-17 -2.880904955948461103e-16 -2.469513394283436174e-16 -6.567845052866431584e-17 3.755336863402206517e-19 1.045607268077581350e-18 -1.467992934453965247e-20 -8.262351048644575842e-22 1.432424995328672793e-23 -6.663301910343182578e-26 1.001324601774890608e-28 -4.303012573806169868e-32 3.937851597741431255e-36 -3.592072229154080640e-41 -2.312141401395583915e-46 3.104366065444334840e-52 -1.898987885605136501e-59 5.077621934275841958e-68 -4.167427879135841777e-78 6.660611040946438400e-90 -1.228831911814874591e-103 1.476276513368642822e-119 -6.319327053113178934e-138 5.217653277057023926e-159 -4.529211528637554906e-183 2.306432104929538829e-210 -3.988885950675766179e-241 1.428006401188663299e-275 -6.876581514568187552e-314 0.000000000000000000e+00 0.000000000000000000e+00 0.000000000000000000e+00 0.000000000000000000e+00 0.000000000000000000e+00 0.000000000000000000e+00 0.000000000000000000e+00 0.000000000000000000e+00 0.000000000000000000e+00 0.000000000000000000e+00 0.000000000000000000e+00 0.000000000000000000e+00 0.000000000000000000e+00 0.000000000000000000e+00 0.000000000000000000e+00 0.000000000000000000e+00 0.000000000000000000e+00 0.000000000000000000e+00 0.000000000000000000e+00 0.000000000000000000e+00 0.000000000000000000e+00 0.000000000000000000e+00 0.000000000000000000e+00 4.267011146535518881e-311 1.589514679670789299e-258 2.045206977083102513e-211 6.785454787928086819e-170 5.380433212471620354e-134 1.295591919055837374e-103 2.844752169992407066e-78 1.775423830177097836e-57 3.147809397454668250e-41 3.800350813305444947e-29 1.163596172518861442e-20 3.846769546507658411e-15 6.157502547514024813e-12 1.516587187868429362e-10
-2.368794491811788039e-04 -1.901436394032233763e-03 -5.840149100624844603e-03 -1.259848949903047063e-02 -2.255644992187808701e-02 -3.593292729382660533e-02 8.750165565300866977e-01 -7.282747717047370617e-02 -9.567034974352349452e-02 -1.205115839367619096e-01 -1.462658217952662598e-01 -1.715439493500317825e-01 -1.946731925991320722e-01 -2.137320059982866505e-01 -2.266241830511177002e-01 -2.312446759667880214e-01 -2.258014128615764560e-01 -2.093249297936684850e-01 -1.822951204758376242e-01 -1.471451869451785577e-01 -1.082537593481299881e-01 -7.109108686465574756e-02 -4.059329631878255684e-02 -1.946759478097070603e-02 -7.457133366880654667e-03 -2.091223657961059895e-03 -3.463928978194196124e-04 -4.418550192647448359e-06 4.000739222855552252e-06 -7.365262838995998622e-06 -5.444188689195210022e-06 -1.837744397965121416e-06 -3.104134037563046487e-07 1.882277168524839933e-08 3.094111186391525810e-08 1.116647491155277472e-08 2.346339877191539705e-09 1.726393314113874397e-10 -9.860089056631074742e-11 -5.696798249031591222e-11 -1.860188636368910963e-11 -4.262820742052671458e-12 -5.030426690736492285e-13 1.536198881095533177e-13 1.511540615401249706e-13 8.042072849169215024e-14 3.605815729673361125e-14 1.506008491319189833e-14 6.099528295198270176e-15 2.441458143533676369e-15 9.763428469277450004e-16 3.968833038834978452e-16 1.728029030571798160e-16 8.500075508314924311e-17 -4.669793833602803385e-17 -4.263643910596496761e-16 -3.703165798835514049e-16 -9.908156839621690054e-17 5.103294186753399659e-19 1.575477288633007550e-18 -2.206309690646708433e-20 -1.246592126702746396e-21 2.160666997580855116e-23 -1.005136705891431903e-25 1.510500282353159398e-28 -6.490636919370631469e-32 5.937820498946358301e-36 -5.404127844698862654e-41 -3.497819953118290475e-46 4.689262075151279101e-52 -2.867376317892366769e-59 7.665284396677322856e-68 -6.290204972444508766e-78 1.005190821378043694e-89 -1.854247098880499992e-103 2.227322430740910747e-119 -9.532866016642737972e-138 7.869727914519911937e-159 -6.830156809603045027e-183 3.477445295005438115e-210 -6.012643870347540977e-241 2.151854253313799495e-275 -1.035824011710384876e-313 0.000000000000000000e+00 0.000000000000000000e+00 0.000000000000000000e+00 0.000000000000000000e+00 0.000000000000000000e+00 0.000000000000000000e+00 0.000000000000000000e+00 0.000000000000000000e+00 0.000000000000000000e+00 0.000000000000000000e+00 0.000000000000000000e+00 0.000000000000000000e+00 0.000000000000000000e+00 0.000000000000000000e+00 0.000000000000000000e+00 0.000000000000000000e+00 0.000000000000000000e+00 0.000000000000000000e+00 0.000000000000000000e+00 0.000000000000000000e+00 0.000000000000000000e+00 0.000000000000000000e+00 0.000000000000000000e+00 3.126211610292608635e-311 1.164559598295870355e-258 1.498440093535101834e-211 4.971522583323362666e-170 3.942196408445374615e-134 9.492516734295230416e-104 2.083911080595322686e-78 1.300527884172625523e-57 2.305944577363602088e-41 2.784090924100054458e-29 8.524643980141683391e-21 2.818258676848298347e-15 4.511254208324193345e-12 1.111130232166589184e-10
-3.266493272707830472e-04 -2.622034468302109848e-03 -8.053634174649951238e-03 -1.737478818149744419e-02 -3.111312727628724045e-02 -4.957883616164816126e-02 -7.282747717047370617e-02 1.498290855283773260e+00 -1.322833085902416217e-01 -1.668258960079238296e-01 -2.027525096484082967e-01 -2.381468979943341946e-01 -2.706797229353228307e-01 -2.976585300756783847e-01 -3.161337955654779375e-01 -3.231300201122339621e-01 -3.160920346474832554e-01 -2.935954178633119471e-01 -2.562275052183392021e-01 -2.073095103760071722e-01 -1.529171322045909942e-01 -1.007176806538132713e-01 -5.770144987634160533e-02 -2.777747882207621047e-02 -1.068780875231816786e-02 -3.013986569836865810e-03 -5.033516026130222800e-04 -6.718448542448755544e-06 6.457308590096665965e-06 -1.027249013700776689e-05 -7.793937262017407264e-06 -2.665325328477954114e-06 -4.598385770359323485e-07 2.316505603636344268e-08 4.387078444136797774e-08 1.608029933589284595e-08 3.428453022070250986e-09 2.698888751921925086e-10 -1.363251156690401586e-10 -8.110080211951347895e-11 -2.680258617892371651e-11 -6.227197600804525426e-12 -7.700785573956209761e-13 2.043316540767617614e-13 2.125336916123695999e-13 1.145684240921620683e-13 5.177812788267424862e-14 2.177899691172196232e-14 8.891460108516412473e-15 3.597075084452729093e-15 1.461455228692726093e-15 6.086821392059494467e-16 2.734679374288927791e-16 1.369836168989714850e-16 -4.243649725494431135e-17 -5.952512980755231587e-16 -5.278720408592365318e-16 -1.425524426264505802e-16 6.105798159792894964e-19 2.262519110005834776e-18 -3.156144954751597545e-20 -1.793864507274408010e-21 3.108091724415074106e-23 -1.445977210259083411e-25 2.173065695534258759e-28 -9.336659382024373719e-32 8.537017359508029217e-36 -7.742630900030122384e-41 -5.053993635422759675e-46 6.760056169201241044e-52 -4.131164623709959550e-59 1.104006463789229959e-67 -9.057312166927819811e-78 1.447064494315963417e-89 -2.668801712814518552e-103 3.205091563912313028e-119 -1.371465611285145170e-137 1.131923057025821785e-158 -9.821344158429074509e-183 4.998793662772279584e-210 -8.639894408832314772e-241 3.090685784612490798e-275 -1.486854133600350470e-313 0.000000000000000000e+00 0.000000000000000000e+00 0.000000000000000000e+00 0.000000000000000000e+00 0.000000000000000000e+00 0.000000000000000000e+00 0.000000000000000000e+00 0.000000000000000000e+00 0.000000000000000000e+00 0.000000000000000000e+00 0.000000000000000000e+00 0.000000000000000000e+00 0.000000000000000000e+00 0.000000000000000000e+00 0.000000000000000000e+00 0.000000000000000000e+00 0.000000000000000000e+00 0.000000000000000000e+00 0.000000000000000000e+00 0.000000000000000000e+00 0.000000000000000000e+00 0.000000000000000000e+00 0.000000000000000000e+00 2.445707654251793672e-311 9.110700735228638787e-259 1.172294973436406118e-211 3.889551348119728764e-170 3.084354359257266640e-134 7.426693148636526094e-104 1.629952926172297796e-78 1.017161285327944261e-57 1.803655125866976961e-41 2.177795914802035816e-29 6.668551495375059477e-21 2.204714093377554053e-15 3.529236875398375745e-12 8.692722667371244154e-11
-4.285038919357134386e-04 -3.439650525952958962e-03 -1.056532414535441174e-02 -2.279576238638786334e-02 -4.082942590982874265e-02 -6.508774263249982039e-02 -9.567034974352349452e-02 -1.322833085902416217e-01 2.399688923986988964e+00 -2.199866978655802552e-01 -2.678633060778489727e-01 -3.152818505178815456e-01 -3.591520167025845645e-01 -3.958659817697355310e-01 -4.214436610011719209e-01 -4.318418923576398671e-01 -4.235457531247655560e-01 -3.945143189155253527e-01 -3.453681982590892652e-01 -2.803902677032594215e-01 -2.076142266477278842e-01 -1.373291561187467702e-01 -7.905631225724493727e-02 -3.826763883943986450e-02 -1.481929973552903110e-02 -4.212737698757619727e-03 -7.117427385153527299e-04 -1.002192380400310023e-05 1.046985120175205919e-05 -1.364415366322878688e-05 -1.078182548222131589e-05 -3.758395827803443879e-06 -6.680326634977985158e-07 2.427786414392086732e-08 5.983129395149274844e-08 2.244343326109406812e-08 4.885936965324905180e-09 4.198574198383841288e-10 -1.787975458947037961e-10 -1.113022652234716071e-10 -3.744007999863915515e-11 -8.870536517307379740e-12 -1.167068911770347306e-12 2.511159596655599475e-13 2.862879499266162589e-13 1.574077524047872583e-13 7.197315025757842973e-14 3.058329640543022862e-14 1.262769043110616582e-14 5.184367500886693785e-15 2.151588808245362858e-15 9.244050346851479360e-16 4.312923979158524787e-16 2.205620407683995603e-16 -9.278990966941889605e-18 -7.931569759738038290e-16 -7.259491547039610591e-16 -1.987182000878454366e-16 6.026998376605604269e-19 3.145639001293979435e-18 -4.363409278793738013e-20 -2.501429688871327625e-21 4.331763390777013931e-23 -2.015469219994007992e-25 3.029074074620275978e-28 -1.301244113050889320e-31 1.188903484864256177e-35 -1.072800391119026948e-40 -7.089043606745613674e-46 9.450997775919768797e-52 -5.770686882371042230e-59 1.541408968149473979e-67 -1.264119972975943001e-77 2.019013431860209918e-89 -3.722514970056055355e-103 4.469185692609450888e-119 -1.911762962731033330e-137 1.577302830700578653e-158 -1.368042883242006126e-182 6.959816770330447955e-210 -1.202281383627041255e-240 4.297944409184295543e-275 -2.065841206249542398e-313 0.000000000000000000e+00 0.000000000000000000e+00 0.000000000000000000e+00 0.000000000000000000e+00 0.000000000000000000e+00 0.000000000000000000e+00 0.000000000000000000e+00 0.000000000000000000e+00 0.000000000000000000e+00 0.000000000000000000e+00 0.000000000000000000e+00 0.000000000000000000e+00 0.000000000000000000e+00 0.000000000000000000e+00 0.000000000000000000e+00 0.000000000000000000e+00 0.000000000000000000e+00 0.000000000000000000e+00 0.000000000000000000e+00 0.000000000000000000e+00 0.000000000000000000e+00 0.000000000000000000e+00 0.000000000000000000e+00 1.977514221066940801e-311 7.366689737460770921e-259 9.479121692409039211e-212 3.145202281103834624e-170 2.494226870617150661e-134 6.005514230342687706e-104 1.317533811370598821e-78 8.221293956269395660e-58 1.457984850514403030e-41 1.760589736025362498e-29 5.391418948314648376e-21 1.782570980675187147e-15 2.853596199396222479e-12 7.028747791446321919e-11
-5.388388252018063351e-04 -4.325357371738087521e-03 -1.328644494194548310e-02 -2.867037478210962553e-02 -5.136515312501028357e-02 -8.192318342290462463e-02 -1.205115839367619096e-01 -1.668258960079238296e-01 -2.199866978655802552e-01 3.648397142229597101e+00 -3.398597059673550969e-01 -4.011301600479933449e-01 -4.583220262129470979e-01 -5.067814040770773909e-01 -5.413158120185433964e-01 -5.565946570912502223e-01 -5.479054195477061073e-01 -5.123669102561464461e-01 -4.504781168467101859e-01 -3.674728299839717383e-01 -2.735428234848086837e-01 -1.820167666154259289e-01 -1.054850229448150017e-01 -5.145131592029266593e-02 -2.010293607549601055e-02 -5.777863985409095737e-03 -9.913976461544812477e-04 -1.474640432156519022e-05 1.721704242902988516e-05 -1.730592297344275851e-05 -1.456064775396203703e-05 -5.215655879345107089e-06 -9.645778156479595984e-07 1.770350438260680221e-08 7.917227604500910516e-08 3.070732820287340741e-08 6.877683769137538704e-09 6.567736375069266233e-10 -2.228081186991340263e-10 -1.486990782124429988e-10 -5.128853237057569032e-11 -1.247724711757733671e-11 -1.771683023453935730e-12 2.791055573406613350e-13 3.721540429817012744e-13 2.106614738981060632e-13 9.792540720522971781e-14 4.219891048620217583e-14 1.768984799491536909e-14 7.403254341999441875e-15 3.155136165429444566e-15 1.406189611747477331e-15 6.837951218246856418e-16 3.572518824769573664e-16 8.154785349612899866e-17 -1.014373860311350037e-15 -9.730307137934991965e-16 -2.714727505093874046e-16 3.559837092380165346e-19 4.281913696004781523e-18 -5.893331984154823478e-20 -3.418969837245043357e-21 5.916451466647232249e-23 -2.753169968151212098e-25 4.138057184462269246e-28 -1.777244745548542993e-31 1.622105493542692367e-35 -1.453285940171720024e-40 -9.768351440075160713e-46 1.296431902619153566e-51 -7.906506099475397486e-59 2.110502426363117945e-67 -1.729968609910601323e-77 2.761838466615826413e-89 -5.089950362973119611e-103 6.108323776892940286e-119 -2.611770023882996956e-137 2.153804550589272694e-158 -1.867047866174021957e-182 9.492500220296929649e-210 -1.638557897113782678e-240 5.852071511516829027e-275 -2.809432637079546338e-313 0.000000000000000000e+00 0.000000000000000000e+00 0.000000000000000000e+00 0.000000000000000000e+00 0.000000000000000000e+00 0.000000000000000000e+00 0.000000000000000000e+00 0.000000000000000000e+00 0.000000000000000000e+00 0.000000000000000000e+00 0.000000000000000000e+00 0.000000000000000000e+00 0.000000000000000000e+00 0.000000000000000000e+00 0.000000000000000000e+00 0.000000000000000000e+00 0.000000000000000000e+00 0.000000000000000000e+00 0.000000000000000000e+00 0.000000000000000000e+00 0.000000000000000000e+00 0.000000000000000000e+00 0.000000000000000000e+00 1.628428116449705471e-311 6.066369019020438346e-259 7.806185958856695501e-212 2.590261334365499561e-170 2.054289020997361466e-134 4.945984386549208880e-104 1.084518495404207207e-78 6.766538542397896207e-58 1.200179499783942768e-41 1.449464685789127962e-29 4.439090675790950572e-21 1.467806764148468506e-15 2.349837113710863131e-12 5.788116590693816711e-11
-6.527056211535315570e-04 -5.239435855440316425e-03 -1.609504133273544774e-02 -3.473579514275405844e-02 -6.225075599356865580e-02 -9.934030393014472993e-02 -1.462658217952662598e-01 -2.027525096484082967e-01 -2.678633060778489727e-01 -3.398597059673550969e-01 5.320569052268971255e+00 -4.927838461597310316e-01 -5.652231758780722481e-01 -6.275961105221397052e-01 -6.733279089025865360e-01 -6.955610115976263996e-01 -6.880951802442878407e-01 -6.468988768275861778e-01 -5.720766032480772978e-01 -4.696702625650601148e-01 -3.521215133983678913e-01 -2.361797468443875003e-01 -1.381071062536778915e-01 -6.805293294774199253e-02 -2.690628083631220469e-02 -7.845810584350828079e-03 -1.373048965281286520e-03 -2.135882573383166398e-05 2.884585210959689485e-05 -2.081903601674589579e-05 -1.932523947486853308e-05 -7.188834721070538949e-06 -1.398400674992598668e-06 -4.802393496925542003e-09 1.021149868696667797e-07 4.153273587513487031e-08 9.655762435689499244e-09 1.038815794202406315e-09 -2.615836077068010288e-10 -1.946140966502012878e-10 -6.949079653192324074e-11 -1.749562645273601439e-11 -2.713475938498194088e-12 2.608299998222877986e-13 4.680577056345589597e-13 2.764585614626895045e-13 1.314727059511340167e-13 5.772278903753881267e-14 2.467359282337645774e-14 1.057359641458440553e-14 4.649114239419535193e-15 2.157199981413791024e-15 1.093963806888188705e-15 5.833264229892835886e-16 2.801642621623113977e-16 -1.244755520345519454e-15 -1.280017334203698882e-15 -3.665323532630896896e-16 -3.582108725798456030e-19 5.754185113370939474e-18 -7.837043640815243625e-20 -4.619831359103274105e-21 7.987031090875399225e-23 -3.717380630774113968e-25 5.587766330712064032e-28 -2.399136177781269524e-31 2.186604191916342734e-35 -1.940070022397321697e-40 -1.334302728081562439e-45 1.760270383871038881e-51 -1.071830614973990631e-58 2.858513589914425656e-67 -2.341533534230745859e-77 3.735979322716344481e-89 -6.881380496892666576e-103 8.253493369420132449e-119 -3.526888770841692393e-137 2.906573154692331825e-158 -2.517755845843235438e-182 1.279001784228601340e-209 -2.205520285807935763e-240 7.866999471056102016e-275 -3.770544688014276108e-313 0.000000000000000000e+00 0.000000000000000000e+00 0.000000000000000000e+00 0.000000000000000000e+00 0.000000000000000000e+00 0.000000000000000000e+00 0.000000000000000000e+00 0.000000000000000000e+00 0.000000000000000000e+00 0.000000000000000000e+00 0.000000000000000000e+00 0.000000000000000000e+00 0.000000000000000000e+00 0.000000000000000000e+00 0.000000000000000000e+00 0.000000000000000000e+00 0.000000000000000000e+00 0.000000000000000000e+00 0.000000000000000000e+00 0.000000000000000000e+00 0.000000000000000000e+00 0.000000000000000000e+00 0.000000000000000000e+00 1.354102927907970431e-311 5.044540264993106126e-259 6.491578298213476692e-212 2.154202098212268761e-170 1.708614588766910006e-134 4.113440659532622766e-104 9.013518477247019412e-79 5.622911410527786842e-58 9.975349452092426260e-42 1.204932957713338571e-29 3.690653034837182956e-21 1.220445843377117776e-15 1.953967982991328128e-12 4.813213781517928049e-11
-7.638804006038826247e-04 -6.131925992441516864e-03 -1.883764984811099955e-02 -4.066088363052813848e-02 -7.289305819075923842e-02 -1.163934863572450573e-01 -1.715439493500317825e-01 -2.381468979943341946e-01 -3.152818505178815456e-01 -4.011301600479933449e-01 -4.927838461597310316e-01 7.499195533315332618e+00 -6.754196495265459843e-01 -7.539044067962220597e-01 -8.134441169992451259e-01 -8.454137719699672537e-01 -8.417785604204376382e-01 -7.969346103339997045e-01 -7.101557718096891403e-01 -5.879534817613771835e-01 -4.449322770217031819e-01 -3.015531452306742244e-01 -1.784050592851589012e-01 -8.907989722047535142e-02 -3.576164531183740475e-02 -1.062131813821915426e-02 -1.904068893339128663e-03 -3.012589172974483823e-05 4.933891173916904054e-05 -2.316055506770270994e-05 -2.528933174893114992e-05 -9.908801546659600859e-06 -2.050989126059741740e-06 -5.858634874521162396e-08 1.283732513081546540e-07 5.586337497451867387e-08 1.362018097422894350e-08 1.665520187062843640e-09 -2.812647601630231086e-10 -2.502892374905824309e-10 -9.370284497950208099e-11 -2.463126128901346884e-11 -4.209414512756765378e-12 1.456780129673652553e-13 5.677050208408009454e-13 3.570799011485696357e-13 1.751728828516598862e-13 7.879453941440768728e-14 3.450516178927080031e-14 1.520705729146178167e-14 6.923081227463367520e-15 3.349123736741327613e-15 1.767814912646155739e-15 9.600936753997037079e-16 6.740079143588339343e-16 -1.452743001981970493e-15 -1.659581590259726487e-15 -4.921208173130021478e-16 -1.939843279345930690e-18 7.679784886556456372e-18 -1.031676952741713677e-19 -6.210294399271751232e-21 1.072395450185190560e-22 -4.992412173420793657e-25 7.505130268651519535e-28 -3.221042728861201625e-31 2.930215282239013706e-35 -2.566383045488233535e-40 -1.818964252214604328e-45 2.381230934571818004e-51 -1.446956384078624306e-58 3.854480350018502222e-67 -3.154606651082371151e-77 5.029392792243327810e-89 -9.256954206059505247e-103 1.109452863265727720e-118 -4.737230770286247887e-137 3.900726209691335697e-158 -3.375694136045883647e-182 1.712926269833092882e-209 -2.949843703698218882e-240 1.050444883524969467e-274 -5.023717842094169592e-313 0.000000000000000000e+00 0.000000000000000000e+00 0.000000000000000000e+00 0.000000000000000000e+00 0.000000000000000000e+00 0.000000000000000000e+00 0.000000000000000000e+00 0.000000000000000000e+00 0.000000000000000000e+00 0.000000000000000000e+00 0.000000000000000000e+00 0.000000000000000000e+00 0.000000000000000000e+00 0.000000000000000000e+00 0.000000000000000000e+00 0.000000000000000000e+00 0.000000000000000000e+00 0.000000000000000000e+00 0.000000000000000000e+00 0.000000000000000000e+00 0.000000000000000000e+00 0.000000000000000000e+00 0.000000000000000000e+00 1.130252880057423514e-311 4.210732376300801586e-259 5.418882123556179457e-212 1.798395815912152263e-170 1.426568582318365577e-134 3.434123705524200843e-104 7.518577609031981935e-79 4.689484561973276683e-58 8.321507273164122648e-42 1.005377123179381176e-29 3.079903425535250944e-21 1.018598553410554424e-15 1.630945848032437075e-12 4.017722348086353875e-11
-8.649622403463552755e-04 -6.943416122761902204e-03 -2.133172099372454902e-02 -4.605140352689263833e-02 -8.258452613588085356e-02 -1.319508117112585532e-01 -1.946731925991320722e-01 -2.706797229353228307e-01 -3.591520167025845645e-01 -4.583220262129470979e-01 -5.652231758780722481e-01 -6.754196495265459843e-01 1.027371862101656852e+01 -8.793235783062508526e-01 -9.554952379430821097e-01 -1.000703732328027007e+00 -1.004696868380033914e+00 -9.597488392231399157e-01 -8.636537064750519077e-01 -7.227768028399503830e-01 -5.535176890698603192e-01 -3.801561843299319787e-01 -2.282699594960613809e-01 -1.159007416754511410e-01 -4.742910156861804977e-02 -1.440919428755953885e-02 -2.656972739358902293e-03 -4.033912327671862773e-05 8.626088229351642188e-05 -2.201750248591751214e-05 -3.259023544284851752e-05 -1.372021530629265389e-05 -3.059322395775487575e-06 -1.725812330561462938e-07 1.562139640234468780e-07 7.498960197688624171e-08 1.940626523304918779e-08 2.709097974101077039e-09 -2.537884974829052644e-10 -3.160384579697362046e-10 -1.262512939442336940e-10 -3.499366445461613381e-11 -6.625856028191860095e-12 -1.601226055805634404e-13 6.553831548205552467e-13 4.540605795680411824e-13 2.324064704063542007e-13 1.078254981046275394e-13 4.861894181470780041e-14 2.212354524605302795e-14 1.045298226549293008e-14 5.269509477126013277e-15 2.885030797324339726e-15 1.591903395088812991e-15 1.416778508476012822e-15 -1.570958862239936027e-15 -2.123018223339817629e-15 -6.596610947245569427e-16 -5.093813763560291349e-18 1.021752003846814646e-17 -1.348327261761024022e-19 -8.339235224874772446e-21 1.437901694288994755e-22 -6.696064358228452187e-25 1.006759491588133526e-27 -4.318506557444427890e-31 3.919156374943729707e-35 -3.375012500206966690e-40 -2.485931372166992176e-45 3.223225196955728014e-51 -1.953519247802504614e-58 5.196248775331306675e-67 -4.248015237732794408e-77 6.766006088033274755e-89 -1.244170602074501337e-102 1.489743978632536775e-118 -6.354722585820183144e-137 5.226942628197877475e-158 -4.517893739244703643e-182 2.289261355994383661e-209 -3.935618526598440129e-240 1.398482129418119058e-274 -6.669479538058294831e-313 0.000000000000000000e+00 0.000000000000000000e+00 0.000000000000000000e+00 0.000000000000000000e+00 0.000000000000000000e+00 0.000000000000000000e+00 0.000000000000000000e+00 0.000000000000000000e+00 0.000000000000000000e+00 0.000000000000000000e+00 0.000000000000000000e+00 0.000000000000000000e+00 0.000000000000000000e+00 0.000000000000000000e+00 0.000000000000000000e+00 0.000000000000000000e+00 0.000000000000000000e+00 0.000000000000000000e+00 0.000000000000000000e+00 0.000000000000000000e+00 0.000000000000000000e+00 0.000000000000000000e+00 0.000000000000000000e+00 9.423122855061175078e-312 3.510682096507462710e-259 4.518267227546342145e-212 1.499668872323493236e-170 1.189770000401503470e-134 2.863783580451416177e-104 6.263434408929805111e-79 3.905796642844069241e-58 6.932997050202024072e-42 8.378387541726728207e-30 2.567148508268004758e-21 8.491382917618939524e-16 1.359753909890537360e-12 3.349870389711874783e-11
