5.797617357668715770e-05 -1.918047926363829549e-06 -5.895699042623652424e-06 -1.273788219740668440e-05 -2.286918583075109714e-05 -3.659820309018619954e-05 -5.411489364726946276e-05 -7.547580760591437240e-05 -1.005840495071337690e-04 -1.291693111168255219e-04 -1.607727667192965844e-04 -1.947405032611642642e-04 -2.302270447521866873e-04 -2.662078380510191186e-04 -3.014975222715065499e-04 -3.347708795679089802e-04 -3.645863711047368067e-04 -3.894175341108132237e-04 -4.077032873932537088e-04 -4.179316866719409002e-04 -4.187701278093634654e-04 -4.092462482890652431e-04 -3.889669524076047429e-04 -3.583394510487978657e-04 -3.187337564932072958e-04 -2.725116626197021837e-04 -2.228569966700329717e-04 -1.733861108294473547e-04 -1.275920971712809983e-04 -8.825549292617278089e-05 -5.699692051764737832e-05 -3.411821813267756437e-05 -1.877744886358316006e-05 -9.414042148244535017e-06 -4.251837454505576407e-06 -1.706119722103222430e-06 -5.979427450782646508e-07 -1.803186729504768620e-07 -4.814453772300237597e-08 -1.454244992398529955e-08 -7.670814879605326207e-09 -5.659427719578491864e-09 -3.983347710404299244e-09 -2.457017905739074642e-09 -1.337696199569685209e-09 -6.506096848622769437e-10 -2.816683012530173756e-10 -1.042122905228495545e-10 -2.750858306583959597e-11 1.467640326166866472e-12 9.956909197872124496e-12 1.064397321583854999e-11 8.922504333092427961e-12 6.850171028849930678e-12 5.080222663004902340e-12 3.729547282268050764e-12 2.739141471539795680e-12 2.008784906521158987e-12 1.434259759142461427e-12 8.843649964428587516e-13 1.612127010623982250e-12 1.800294563361195188e-12 1.234519292777276868e-12 5.165009923494334162e-13 8.041196422344596968e-14 -3.836055067620474165e-14 -2.534646332016907486e-14 -6.040177757227449619e-15 -6.344258926573182770e-16 -1.960081073386848963e-17 7.135405629500946752e-19 2.781483049605595016e-20 -4.366493939457850192e-22 -1.602942236734186336e-23 -1.663313485941493052e-25 -9.723121980192355654e-28 -2.873621276188666743e-30 -4.177577760393708220e-33 -2.872158412523753657e-36 -9.060265284293482992e-40 -1.282536645955328618e-43 -8.032845128782623972e-48 -2.205959082255884597e-52 -2.636488366212209282e-57 -1.361319076849646317e-62 -3.017444632954496821e-68 -2.863732269188351635e-74 -1.169403274779496934e-80 -2.089035032988999768e-87 -1.686018468256162222e-94 -6.457125061398951334e-102 -1.247220399939361982e-109 -1.291664592834796257e-117 -7.563115885587488642e-126 -2.631185696278124968e-134 -5.765328666433302357e-143 4.342218170034601970e-152 -1.117841805571628312e-142 1.072567474231491915e-133 -1.012916203338353995e-124 8.324535975109937845e-116 -5.255535454362716336e-107 2.253131274693816815e-98 -5.827981341842918751e-90 8.159009149956552153e-82 -5.625132742844634848e-74 1.761520750645427907e-66 -2.291993152172357996e-59 1.032916876494245389e-52 -5.675860671640613182e-47 -2.821613302295902753e-40 2.538415821774204535e-34 -4.331054589391812740e-29 9.445506226209480201e-25 6.905483129282908822e-21 -1.594737106707896503e-17 -4.735041870214515126e-15 -8.011569717514030000e-14 -3.773369388690226726e-13 2.513964813526115436e-10
-1.918047926363829549e-06 1.598933564581992133e-03 -4.733995936248101274e-05 -1.022797502088346444e-04 -1.836298095758339289e-04 -2.938680722073274375e-04 -4.345199075043515240e-04 -6.060395675226779976e-04 -8.076492700968874745e-04 -1.037178869481607734e-03 -1.290944539654826284e-03 -1.563695962954949215e-03 -1.848644559629251992e-03 -2.137563679300344584e-03 -2.420935259192092629e-03 -2.688118052137065690e-03 -2.927536642227536023e-03 -3.126933580502565431e-03 -3.273773367596449595e-03 -3.355915001817673729e-03 -3.362657441356823717e-03 -3.286192218412086440e-03 -3.123362167701073701e-03 -2.877436373819393552e-03 -2.559415071486438945e-03 -2.188262492550737456e-03 -1.789543962221928864e-03 -1.392298324911988737e-03 -1.024575105309940464e-03 -7.087024565487115612e-04 -4.576947203758896087e-04 -2.739765208645025102e-04 -1.507878297082232877e-04 -7.559773773026778594e-05 -3.414386213547347334e-05 -1.370090934943371592e-05 -4.801802962503091694e-06 -1.448077722022452119e-06 -3.866395987540213685e-07 -1.167884954329057368e-07 -6.160192531450245045e-08 -4.544841621513538826e-08 -3.198851469006589032e-08 -1.973132875939169406e-08 -1.074258999698561718e-08 -5.224887972337061500e-09 -2.262049332295986794e-09 -8.369462201953118229e-10 -2.209484445712805838e-10 1.176278271279777698e-11 7.994616843018926580e-11 8.546944940559278981e-11 7.164839999184482627e-11 5.500827322320558683e-11 4.079564662734493488e-11 2.994955603024343529e-11 2.199637446637803482e-11 1.613139078313113618e-11 1.151774251436383138e-11 7.101853999217039585e-12 1.294613880594695374e-11 1.445730580519852795e-11 9.913963231857815730e-12 4.147942266391365257e-12 6.458657480150043481e-13 -3.080088076591138206e-13 -2.035348160276052429e-13 -4.850473154026003234e-14 -5.094800007255780768e-15 -1.574186318053685070e-16 5.729260821128226991e-18 2.233552570595599963e-19 -3.506453806884055093e-21 -1.287235346436491916e-22 -1.335723026535814269e-24 -7.808145107305225824e-27 -2.307659411016187817e-29 -3.354799877427298243e-32 -2.306483602147750089e-35 -7.275834281072344368e-39 -1.029939163172222242e-42 -6.450762978352089702e-47 -1.771491351962830606e-51 -2.117226509583423267e-56 -1.093204114995343755e-61 -2.423151033511464808e-67 -2.299711856699135284e-73 -9.390855546085400301e-80 -1.677592448998460111e-86 -1.353951326419171128e-93 -5.185373873646448320e-101 -1.001577206083779189e-108 -1.037269159464623800e-116 -6.073554826583589010e-125 -2.112973718069006661e-133 -4.629850117599722028e-142 3.375044999171408095e-151 -8.879917130304548052e-142 8.520266649895201190e-133 -8.046408571607479364e-124 6.612848840575537230e-115 -4.174894736061383420e-106 1.789843479982506031e-97 -4.629634538871081871e-89 6.481357474777390938e-81 -4.468495545500506415e-73 1.399317665500738001e-65 -1.820714580403227066e-58 8.205289935192995195e-52 -4.508793232911117542e-46 -2.241434424607147897e-39 2.016467911260844098e-33 -3.440505117825013695e-28 7.503325550388824429e-24 5.485580794049587078e-20 -1.266827981798336068e-16 -3.761424677431572625e-14 -6.364234311698360709e-13 -2.997490843413296562e-12 1.997044487040599548e-09
-5.895699042623652424e-06 -4.733995936248101274e-05 9.585253397766545572e-03 -3.143875329343794175e-04 -5.644420103507689218e-04 -9.032943969130609188e-04 -1.335634947258841935e-03 -1.862862736473778298e-03 -2.482590962055337969e-03 -3.188154055777998441e-03 -3.968234245156467346e-03 -4.806698299961583223e-03 -5.682683174971432313e-03 -6.570902957682680547e-03 -7.442099076550722121e-03 -8.263557403669109791e-03 -8.999689743280348680e-03 -9.612809506962187445e-03 -1.006437409871800519e-02 -1.031705258221635342e-02 -1.033793938420500894e-02 -1.010301981100407594e-02 -9.602576942295062978e-03 -8.846648980271560464e-03 -7.869042437244488583e-03 -6.728050190889776384e-03 -5.502263862872574032e-03 -4.280960417116091120e-03 -3.150382312694095625e-03 -2.179187904999675424e-03 -1.407403749318370369e-03 -8.424984585296951259e-04 -4.636989218409943991e-04 -2.324844868938106754e-04 -1.050062450175575030e-04 -4.213782596154355844e-05 -1.476903763908094948e-05 -4.454234077212105846e-06 -1.189403912055957749e-06 -3.592849109736072993e-07 -1.894884019780108773e-07 -1.397891553567593603e-07 -9.838913126134670257e-08 -6.069050899670290071e-08 -3.304393331357685441e-08 -1.607257796961888252e-08 -6.959057140595489634e-09 -2.575261842785474035e-09 -6.802118030712348909e-10 3.580844908244028365e-11 2.456815000937654574e-10 2.627621979531449437e-10 2.203048432558061362e-10 1.691536256422782653e-10 1.254557053162817818e-10 9.210508860349191153e-11 6.764826635287702101e-11 4.961196208234549284e-11 3.542322322708818599e-11 2.184217072819720254e-11 3.981699932102056664e-11 4.446621492378769030e-11 3.049434798927677190e-11 1.276050197458582115e-11 1.988333367232779097e-12 -9.465976092343956120e-13 -6.258421920253809710e-13 -1.491688266507712014e-13 -1.567049592372029019e-14 -4.843931699893854716e-16 1.760797991102855812e-17 6.867746945879605982e-19 -1.078366934330691009e-20 -3.958964031593291989e-22 -4.108199763939861555e-24 -2.401497716857186045e-26 -7.097513435272178573e-29 -1.031812034761463621e-31 -7.093880296499315901e-35 -2.237771722245172993e-38 -3.167700125955390350e-42 -1.984006383445604400e-46 -5.448418565432419345e-51 -6.511756156329774024e-56 -3.362260494196330213e-61 -7.452634004351221706e-67 -7.072971205841574642e-73 -2.888236929327057442e-79 -5.159570207489509844e-86 -4.164185237334183918e-93 -1.594805978019957677e-100 -3.080448979100622098e-108 -3.190241475848209004e-116 -1.868003067789740303e-124 -6.498763936219950989e-133 -1.423983547969505326e-141 8.648690919326259505e-151 -2.581268525341361810e-141 2.476723084529116421e-132 -2.338979087848393221e-123 1.922263174986257503e-114 -1.213583807426052531e-105 5.202825854280939158e-97 -1.345770292816675022e-88 1.884040331624613378e-80 -1.298929389080796111e-72 4.067621443170970691e-65 -5.292563612699264683e-58 2.385163569875906367e-51 -1.310643942655156725e-45 -6.515536831226140633e-39 5.861590960999434341e-33 -1.000106861476282590e-27 2.181112118896014602e-23 1.594581780143047266e-19 -3.682492162527887825e-16 -1.093393637434051611e-13 -1.849994025466213793e-12 -8.713287101683738118e-12 5.805129410335786783e-09
-1.273788219740668440e-05 -1.022797502088346444e-04 -3.143875329343794175e-04 3.276690682983424141e-02 -1.219501320011479994e-03 -1.951615763141124156e-03 -2.885733566906823269e-03 -4.024894517648036629e-03 -5.363966707032813766e-03 -6.888580623264153012e-03 -8.574318955272714274e-03 -1.038635808357322651e-02 -1.227964599693273651e-02 -1.419955901850834465e-02 -1.608287076285607256e-02 -1.785886933098409374e-02 -1.945061670170404947e-02 -2.077662895853957248e-02 -2.175356424510854758e-02 -2.230069233521633776e-02 -2.234683958893220190e-02 -2.184003940336738669e-02 -2.075921958196432979e-02 -1.912600306191948249e-02 -1.701339218649899204e-02 -1.454733469064808243e-02 -1.189768681738740883e-02 -9.257444088784058320e-03 -6.813086233306423108e-03 -4.713116312895516621e-03 -3.044159013237940532e-03 -1.822449492225813351e-03 -1.003144104023749551e-03 -5.029977453649177180e-04 -2.272152971564043403e-04 -9.119131029182238920e-05 -3.196734072745070342e-05 -9.643256877373421060e-06 -2.575730689608015927e-06 -7.781340562138171517e-07 -4.102516554990398162e-07 -3.025832071234242811e-07 -2.129680679231540080e-07 -1.313777946114392239e-07 -7.153960586219065530e-08 -3.480292659712482983e-08 -1.507289184755424346e-08 -5.580684337896648554e-09 -1.476308272650521177e-09 7.516837569014835644e-11 5.304409345932966017e-10 5.679958918809433615e-10 4.764285144028254147e-10 3.658973946378002278e-10 2.714165784851495010e-10 1.992866029419468114e-10 1.463818059543945456e-10 1.073601571146635034e-10 7.665891139978669903e-11 4.726940378624135006e-11 8.617179202367856066e-11 9.624298456688905157e-11 6.601512756152851499e-11 2.763600429426455727e-11 4.315217081172182010e-12 -2.044145288060053816e-12 -1.353518676442209103e-12 -3.227566142292572631e-13 -3.392026696735644804e-14 -1.049823038270635273e-15 3.802611000963872427e-17 1.485220187668850002e-18 -2.333331948334704700e-20 -8.567714242733083647e-22 -8.891367668274229707e-24 -5.197527230444005066e-26 -1.536106905960058453e-28 -2.233131218128755311e-31 -1.535310089729980644e-34 -4.843135029593576591e-38 -6.855725642969872110e-42 -4.293890429854281230e-46 -1.179170908413936364e-50 -1.409297305464073206e-55 -7.276688850177035210e-61 -1.612909322220374220e-66 -1.530733568251084253e-72 -6.250693319835045413e-79 -1.116624591404463574e-85 -9.012047832206679545e-93 -3.451466014663770406e-100 -6.666762869931098606e-108 -6.904493078293806501e-116 -4.042901632689082017e-124 -1.406540525517645216e-132 -3.081984374464959088e-141 8.935102238253114188e-151 -4.739953302354247110e-141 4.547977497013433657e-132 -4.295039602208575761e-123 3.529828933221506266e-114 -2.228489355969331614e-105 9.553886083925050078e-97 -2.471221555626019761e-88 3.459640076502420986e-80 -2.385207950049363656e-72 7.469322751947245236e-65 -9.718669190328726549e-58 4.379846976739250118e-51 -2.406722369001616475e-45 -1.196439569896636115e-38 1.076356537524189910e-32 -1.836483652206869508e-27 4.005148823224549922e-23 2.928110136629977099e-19 -6.762113383359271600e-16 -2.007784643445787374e-13 -3.397120008959734404e-12 -1.600009531414110147e-11 1.065988384539140394e-08
-2.286918583075109714e-05 -1.836298095758339289e-04 -5.644420103507689218e-04 -1.219501320011479994e-03 8.346509390851157562e-02 -3.503939863351298624e-03 -5.181149462169285826e-03 -7.226628966851851750e-03 -9.631262533814976406e-03 -1.236937631393126256e-02 -1.539727071032681929e-02 -1.865255396189323053e-02 -2.205443353428506587e-02 -2.550486968550580089e-02 -2.889030018100187391e-02 -3.208364574577503292e-02 -3.494658308434796246e-02 -3.733257862739024907e-02 -3.909172927861502556e-02 -4.007879629183665193e-02 -4.016568039426245823e-02 -3.925875816719599787e-02 -3.731988739120747217e-02 -3.438763268011570812e-02 -3.059291080662887227e-02 -2.616185988398116863e-02 -2.139965671170593331e-02 -1.665323183293941287e-02 -1.225797704542369582e-02 -8.481158787643048799e-03 -5.478876841773260183e-03 -3.280670122996343432e-03 -1.806175847189513779e-03 -9.058599910044164020e-04 -4.093012478276097151e-04 -1.643190652924685991e-04 -5.762362474114018890e-05 -1.739112738137237383e-05 -4.647986094356756689e-06 -1.404465630177747646e-06 -7.399159903599549986e-07 -5.454680355116033397e-07 -3.839127619460751446e-07 -2.368730841084257956e-07 -1.290205152071776037e-07 -6.279049298765791941e-08 -2.721004013456620492e-08 -1.008559793709864779e-08 -2.676988679829096823e-09 1.262407573554994920e-10 9.508837028973329293e-10 1.020891094604096464e-09 8.571438549585839020e-10 6.586350987394485061e-10 4.887326805973790571e-10 3.589382890093435135e-10 2.636985762119037527e-10 1.934290107676858101e-10 1.381275455652596007e-10 8.517638322306434451e-11 1.552855807738157747e-10 1.734714368670963664e-10 1.190389850742935747e-10 4.987956594209090264e-11 7.823947460762771017e-12 -3.665955702645482940e-12 -2.435446577044235247e-12 -5.813312912273855425e-13 -6.115068970173461890e-14 -1.897764742170205488e-15 6.820502864332947473e-17 2.672120347889210423e-18 -4.202941934436607892e-20 -1.543843221942846193e-21 -1.602435097918613223e-23 -9.367061657703522752e-26 -2.768403794146586567e-28 -4.024563900480533653e-31 -2.766926510255891142e-34 -8.728204833907385780e-38 -1.235516824883093122e-41 -7.738253876931923890e-46 -2.125031037072804761e-50 -2.539728046367961663e-55 -1.311335852424681729e-60 -2.906598785370585931e-66 -2.758477299002946346e-72 -1.126400655076333461e-78 -2.012186169297058596e-85 -1.623992442206425656e-92 -6.219695832896622472e-100 -1.201412106877663747e-107 -1.244298655411130801e-115 -7.286216025360652875e-124 -2.534976771854584422e-132 -5.554702814789643465e-141 -1.375767197677173647e-150 -5.958330893470382651e-141 5.717008199238132447e-132 -5.399053548846915322e-123 4.437149645858058125e-114 -2.801308478144598921e-105 1.200965088604297528e-96 -3.106432762866320047e-88 4.348917236517561105e-80 -2.998309260171330334e-72 9.389260341266614106e-65 -1.221678654548993681e-57 5.505658474956365341e-51 -3.025364706874490403e-45 -1.503974580944678225e-38 1.353025925357733262e-32 -2.308538346087336706e-27 5.034643506788023640e-23 3.680758636940309854e-19 -8.500264062033512879e-16 -2.523870258874269646e-13 -4.270323118939930349e-12 -2.011279271623615826e-11 1.339992434729629143e-08
-3.659820309018619954e-05 -2.938680722073274375e-04 -9.032943969130609188e-04 -1.951615763141124156e-03 -3.503939863351298624e-03 1.773234299720649887e-01 -8.292114338435978629e-03 -1.156633824451300425e-02 -1.541603494427368042e-02 -1.980048738560761384e-02 -2.465017317281499587e-02 -2.986563115012417710e-02 -3.531784471463821767e-02 -4.085001168488563983e-02 -4.628025892887837472e-02 -5.140484937158446010e-02 -5.600185404300161984e-02 -5.983605765263660947e-02 -6.266675004376279223e-02 -6.426061162743078314e-02 -6.441169717355077484e-02 -6.296921069213438915e-02 -5.987118692722797481e-02 -5.517857525132801449e-02 -4.910043760449511741e-02 -4.199871196082873015e-02 -3.436243998073797157e-02 -2.674810986863947193e-02 -1.969422046777032434e-02 -1.363041889240640056e-02 -8.808235645683419254e-03 -5.276110505799139205e-03 -2.905881078995311076e-03 -1.458013074748553024e-03 -6.590954244109482841e-04 -2.647476641169687933e-04 -9.290511857665991716e-05 -2.806423522967012795e-05 -7.508713394415090916e-06 -2.269714744887723738e-06 -1.194101557440554292e-06 -8.795299708740511661e-07 -6.190238217252178939e-07 -3.820621918463623369e-07 -2.082086355343414517e-07 -1.014010745524592533e-07 -4.398957895769971093e-08 -1.633851332026339744e-08 -4.363447176131451340e-09 1.757994122121998216e-10 1.517266391886145629e-09 1.637063657111282744e-09 1.376984647390235416e-09 1.059129140904644564e-09 7.864191784551287711e-10 5.778314927913973657e-10 4.246550044649756401e-10 3.115713897838577359e-10 2.225302724644674278e-10 1.372359293600778000e-10 2.502244898400853438e-10 2.796399216090841330e-10 1.920467801341626992e-10 8.060905339109261833e-11 1.275011262217395600e-11 -5.854385222572931851e-12 -3.913517130358558025e-12 -9.358806502869892818e-13 -9.861169670589243399e-14 -3.075776053084564053e-15 1.089493816114580891e-16 4.292937199389766204e-18 -6.767120433948825278e-20 -2.487442547989203960e-21 -2.582657810577109024e-23 -1.509663138736541712e-25 -4.461785658932881068e-28 -6.486221805393468715e-31 -4.459281943708964242e-34 -1.406651072236200171e-37 -1.991151717932393577e-41 -1.247075402277908294e-45 -3.424589784819145544e-50 -4.092825544793022930e-55 -2.113205363765475471e-60 -4.683856995234631891e-66 -4.445064938988104136e-72 -1.815064911802935908e-78 -3.242354837973709478e-85 -2.616830308354285124e-92 -1.002236055022039130e-99 -1.936038838325111408e-107 -2.005284399180734363e-115 -1.174310707463773001e-123 -4.085815277068048096e-132 -8.953267556566712889e-141 -7.612934712064014847e-150 -4.934140868930940241e-141 4.734298793121842450e-132 -4.470997314351054401e-123 3.674436750898766609e-114 -2.319784061359692255e-105 9.945277954399282059e-97 -2.572458677537678874e-88 3.601367852917058569e-80 -2.482919562070601161e-72 7.775306510710130192e-65 -1.011679996434968971e-57 4.559275653650529221e-51 -2.505354332239594790e-45 -1.245445994994632995e-38 1.120447192987165949e-32 -1.911712875515891310e-27 4.169217355724539586e-23 3.048055241239883832e-19 -7.039116222501860306e-16 -2.090030372391170642e-13 -3.536276501147878649e-12 -1.665550380687559274e-11 1.109655062938916374e-08
-5.411489364726946276e-05 -4.345199075043515240e-04 -1.335634947258841935e-03 -2.885733566906823269e-03 -5.181149462169285826e-03 -8.292114338435978629e-03 3.330446894445112105e-01 -1.710553479132426516e-02 -2.280140667566989826e-02 -2.929060409908331580e-02 -3.647133857994672851e-02 -4.419749870646479117e-02 -5.227901452683943878e-02 -6.048428572906297540e-02 -6.854407908476829736e-02 -7.615625848889862048e-02 -8.299129440949652714e-02 -8.869964005323253964e-02 -9.292336314467461444e-02 -9.531527177289808583e-02 -9.556851350020056923e-02 -9.345772146367845035e-02 -8.888897936138843991e-02 -8.195050374853166120e-02 -7.295029725233909135e-02 -6.242361659540756474e-02 -5.109517627202943973e-02 -3.979096885845254811e-02 -2.931157029459632510e-02 -2.029703760523283301e-02 -1.312354270967728415e-02 -7.865607459781483873e-03 -4.334841620143664587e-03 -2.176508359350277141e-03 -9.846628539987847470e-04 -3.958836806675389655e-04 -1.390793058225604870e-04 -4.207374696312959629e-05 -1.127706829165082651e-05 -3.410704112229723278e-06 -1.790271670436952506e-06 -1.316792019908025877e-06 -9.267740653094953654e-07 -5.723282970145280512e-07 -3.121630566727524562e-07 -1.522087185847816928e-07 -6.614991635481183772e-08 -2.465247319311605400e-08 -6.650226735306314630e-09 1.940344247755604280e-10 2.231907888147379617e-09 2.428508507824711551e-09 2.048958544208148226e-09 1.578601642229093111e-09 1.173395410570091354e-09 8.628269030686460487e-10 6.344599548043106825e-10 4.656985082607468161e-10 3.327038258164249672e-10 2.052120622128306727e-10 3.742382720342296926e-10 4.185087666832134550e-10 2.877981022177680986e-10 1.211418253348142467e-10 1.942409908342663216e-11 -8.624525184020637878e-12 -5.826004395599545079e-12 -1.397571162306562255e-12 -1.476711334993339660e-13 -4.644296200579018428e-15 1.605754470863245898e-16 6.388645292755488286e-18 -1.010768167523698071e-19 -3.719602817903254970e-21 -3.863998325265348953e-23 -2.258571868213826775e-25 -6.675239553400307113e-28 -9.703747724474938868e-31 -6.671188989533502038e-34 -2.104335506830676643e-37 -2.978676911816236309e-41 -1.865528529503835838e-45 -5.122795620200103444e-50 -6.122230397903277471e-55 -3.160927000948371301e-60 -7.005854133544157127e-66 -6.648432462306756537e-72 -2.714674049817870742e-78 -4.849251117569009912e-85 -3.913707382982764578e-92 -1.498988464670148752e-99 -2.895859459769655569e-107 -2.999769890657542103e-115 -1.756888088655344511e-123 -6.113348770927149816e-132 -1.339702856204496870e-140 -1.703654068192345537e-149 -2.497654589633703792e-141 2.396494442240276026e-132 -2.263211325976315590e-123 1.859993442808555888e-114 -1.174270433261865300e-105 5.034280280680742514e-97 -1.302173073972788746e-88 1.823003575189459344e-80 -1.256846649261335553e-72 3.935833650958108822e-65 -5.121089147623247236e-58 2.307897709319633750e-51 -1.268270040137881876e-45 -6.304278311403525292e-39 5.671605299190675662e-33 -9.676959359158468845e-28 2.110436159830503723e-23 1.542906308738330438e-19 -3.563167187787342475e-16 -1.057962617058077348e-13 -1.790044267562054292e-12 -8.430923754513540426e-12 5.617028635248151091e-09
-7.547580760591437240e-05 -6.060395675226779976e-04 -1.862862736473778298e-03 -4.024894517648036629e-03 -7.226628966851851750e-03 -1.156633824451300425e-02 -1.710553479132426516e-02 5.721324273385515191e-01 -3.181639619215003573e-02 -4.088023981131535395e-02 -5.091627502069335370e-02 -6.172277293931410780e-02 -7.303617324831281066e-02 -8.453406262787345471e-02 -9.584034615583789107e-02 -1.065317982902258959e-01 -1.161459009992378694e-01 -1.241913871484617016e-01 -1.301647053980921342e-01 -1.335768613696946827e-01 -1.339948179113866211e-01 -1.310990539516339037e-01 -1.247536027025581695e-01 -1.150773516178076605e-01 -1.024974082514325396e-01 -8.776043420311026300e-02 -7.188060849871065472e-02 -5.601671938706382498e-02 -4.129468048213479070e-02 -2.861748799054388698e-02 -1.851900471331335146e-02 -1.110947049415301167e-02 -6.128591151323034038e-03 -3.080452214835039532e-03 -1.395289288876053581e-03 -5.617604495696379343e-04 -1.976921745991107944e-04 -5.993764912051005497e-05 -1.610787178654029639e-05 -4.875456574041076409e-06 -2.550195376928083320e-06 -1.871821368212230697e-06 -1.317472398235277080e-06 -8.143296385831474795e-07 -4.447473944554707173e-07 -2.172515253179166010e-07 -9.467802482886066621e-08 -3.546570111801818122e-08 -9.711478170396137587e-09 1.244216627421932442e-10 3.086128950112644679e-09 3.403381544357743103e-09 2.885310501373441581e-09 2.228715703680574057e-09 1.659402959820049164e-09 1.221648005718466043e-09 8.990967456372058708e-10 6.603649752966229520e-10 4.719808064701639493e-10 2.911868558243826792e-10 5.311845683134324035e-10 5.946252966553051132e-10 4.097410730988303157e-10 1.732168361698892556e-10 2.834447120213878389e-11 -1.195513213573449425e-11 -8.210334443385504312e-12 -1.979040988676762751e-12 -2.100106988556879947e-13 -6.688287823854893512e-15 2.227557462960411484e-16 8.998431807341329415e-18 -1.431827160298164721e-19 -5.278273150213388052e-21 -5.487560707178299901e-23 -3.207386525831484498e-25 -9.479614531977250976e-28 -1.377993675013160924e-30 -9.473196000520026649e-34 -2.988087680150230995e-37 -4.229480945153074706e-41 -2.648807621599864297e-45 -7.273427347116940749e-50 -8.692070918481461894e-55 -4.487526855417766440e-60 -9.945581824215206007e-66 -9.437638083304153076e-72 -3.853343876447942776e-78 -6.882991966035140842e-85 -5.555061906606056212e-92 -2.127760036955257853e-99 -4.111079213377877577e-107 -4.259325866270220662e-115 -2.495010683376932327e-123 -8.682961711693853831e-132 -1.902995660365411656e-140 -2.737701930983789337e-149 -7.990873650837071325e-142 7.667231289455792214e-133 -7.240816270798404992e-124 5.950783064864469024e-115 -3.756912361772391396e-106 1.610647116425222346e-97 -4.166116658348976148e-89 5.832426603418874935e-81 -4.021075086269807113e-73 1.259198533630931153e-65 -1.638396670982692340e-58 7.383818462767278111e-52 -4.058788649866885104e-46 -2.016706517616964351e-39 1.814414400126192250e-33 -3.095844512434983665e-28 6.751823810411009527e-24 4.936103561340891834e-20 -1.139958512827125196e-16 -3.384714596300480127e-14 -5.726841614757657391e-13 -2.697280596889748326e-12 1.797068595219189137e-09
-1.005840495071337690e-04 -8.076492700968874745e-04 -2.482590962055337969e-03 -5.363966707032813766e-03 -9.631262533814976406e-03 -1.541603494427368042e-02 -2.280140667566989826e-02 -3.181639619215003573e-02 9.186541122827055483e-01 -5.453152027891224746e-02 -6.794537782521618829e-02 -8.240452268178691253e-02 -9.756079722068010385e-02 -1.129858985516797865e-01 -1.281777206005040859e-01 -1.425689373395951365e-01 -1.555376937948602656e-01 -1.664221253846744075e-01 -1.745427721605765647e-01 -1.792386927750195258e-01 -1.799228883315536487e-01 -1.761593542447133232e-01 -1.677570985818119809e-01 -1.548663439590057256e-01 -1.380512954636397560e-01 -1.183070394939915032e-01 -9.699154273907906187e-02 -7.566204808527715597e-02 -5.583707216347830182e-02 -3.874003120029139574e-02 -2.510039604412277539e-02 -1.507750606181895540e-02 -8.329439019104314598e-03 -4.193207735824920970e-03 -1.902621770263462344e-03 -7.675642641200387589e-04 -2.707817437230355170e-04 -8.235601250336284254e-05 -2.221476765043991976e-05 -6.730096686597343935e-06 -3.502750387967397463e-06 -2.563563994252953628e-06 -1.804629447625942988e-06 -1.116936646348818336e-06 -6.112059454553315998e-07 -2.993536190495365938e-07 -1.309756578341166949e-07 -4.942163071439549419e-08 -1.381686006910095010e-08 -1.309802439557705056e-10 4.055137402555892675e-09 4.564930354698441281e-09 3.897987784841227702e-09 3.022499832370205936e-09 2.255963936845952785e-09 1.663726764872089097e-09 1.226021214109984480e-09 9.013218531675586153e-10 6.446044144314323894e-10 3.978228513931244624e-10 7.260224556545636505e-10 8.139333427867415918e-10 5.625101864419960976e-10 2.392740368748628911e-10 4.027575590752727056e-11 -1.577367125007514953e-11 -1.110545725507788310e-11 -2.695850081730200474e-12 -2.878620499143911679e-13 -9.332304387391617024e-15 2.942613281169059721e-16 1.216176061225078175e-17 -1.951603741902596721e-19 -7.212309169895656653e-21 -7.506932715793200167e-23 -4.387304602464153265e-25 -1.296719513560571135e-27 -1.884860016527235307e-30 -1.295708616046400287e-33 -4.086791303266113090e-37 -5.784354089306286246e-41 -3.622398418455711187e-45 -9.946287956640746764e-50 -1.188552458225439175e-54 -6.135806795011266474e-60 -1.359755148566766470e-65 -1.290201304611739154e-71 -5.267409844096378736e-78 -9.408301383184579451e-85 -7.593113981085354193e-92 -2.908628471133339206e-99 -5.620822535988410691e-107 -5.824962307942674111e-115 -3.412982205471409010e-123 -1.188001764980477863e-131 -2.604029205829902769e-140 -3.838553837175026075e-149 -2.969703606714730228e-142 2.849435062283134710e-133 -2.690971975990599507e-124 2.211552336016875047e-115 -1.396225110278396795e-106 5.985845413094397667e-98 -1.548303098181500847e-89 2.167559203859770092e-81 -1.494368484122289559e-73 4.679520910277081884e-66 -6.088681351814575955e-59 2.744170430689498468e-52 -1.509861780011208218e-46 -7.491638158099110349e-40 6.741400196526739164e-34 -1.150340984930246610e-28 2.508988968382526115e-24 1.834207878005312040e-20 -4.236251253548328108e-17 -1.257799794047208360e-14 -2.128158737301248471e-13 -1.002337730530461769e-12 6.678463708920811883e-10
-1.291693111168255219e-04 -1.037178869481607734e-03 -3.188154055777998441e-03 -6.888580623264153012e-03 -1.236937631393126256e-02 -1.980048738560761384e-02 -2.929060409908331580e-02 -4.088023981131535395e-02 -5.453152027891224746e-02 1.399032841749598521e+00 -8.741004660991628927e-02 -1.060775398568541555e-01 -1.256781627474228835e-01 -1.456647823823052912e-01 -1.653915872332956671e-01 -1.841247090959045318e-01 -2.010562545685891378e-01 -2.153237089352018352e-01 -2.260395607715575128e-01 -2.323383421567520590e-01 -2.334483105271287218e-01 -2.287910508378140639e-01 -2.181034368792456601e-01 -2.015632800817552528e-01 -1.798857285709102583e-01 -1.543482116064708864e-01 -1.267055936295171104e-01 -9.898051590547654599e-02 -7.315520738059268224e-02 -5.083672970583694162e-02 -3.299445522426708993e-02 -1.985573640985616520e-02 -1.099084322492296234e-02 -5.544969872287107415e-03 -2.522029889939345158e-03 -1.020273780843652467e-03 -3.611414380831921085e-04 -1.103046983678920731e-04 -2.989890491627787063e-05 -9.067060924595463420e-06 -4.687085119304927097e-06 -3.417445420464653583e-06 -2.406592751469752222e-06 -1.492395235177459196e-06 -8.188988024248972458e-07 -4.025455717339526615e-07 -1.770812965410736727e-07 -6.747845916251319828e-08 -1.938228935273145613e-08 -7.333708620548171718e-10 5.089644497944228291e-09 5.909025576800697385e-09 5.098577551804401067e-09 3.975134638995195682e-09 2.977364453113416336e-09 2.201133586716455164e-09 1.624957005279550173e-09 1.196159766474521635e-09 8.562164864608155644e-10 5.286737015223585395e-10 9.654007105884364920e-10 1.084514504665528402e-09 7.525495886314725713e-10 3.228169419733362291e-10 5.638226388767033169e-11 -1.993245314714884591e-11 -1.455353748171164813e-11 -3.568142530852937784e-12 -3.843002270640437461e-13 -1.276055232626326433e-14 3.725503114198990955e-16 1.591933858389881950e-17 -2.585596951965170905e-19 -9.587598529119034791e-21 -9.995087496697263115e-23 -5.840769038261118742e-25 -1.726352948873238150e-27 -2.509167774915156224e-30 -1.724759264408060411e-33 -5.439679926126375232e-37 -7.698676380182658858e-41 -4.820885338030162150e-45 -1.323605035233284606e-49 -1.581533613224285655e-54 -8.163743710349529338e-60 -1.808968358723332529e-65 -1.716236572288570040e-71 -7.005971085986304233e-78 -1.251258710940850057e-84 -1.009837981050004115e-91 -3.868727527269684901e-99 -7.478058358384918566e-107 -7.752335558434772638e-115 -4.543865201292646295e-123 -1.582086244700357785e-131 -3.468491546466313023e-140 -5.135153717390801171e-149 -2.073036227207486452e-142 1.989088210967863015e-133 -1.878477752917223312e-124 1.543816630470110871e-115 -9.746649409363226503e-107 4.178555326695177894e-98 -1.080826408228990434e-89 1.513099711889049092e-81 -1.043150791404091537e-73 3.266488382118831382e-66 -4.250103552332972533e-59 1.915654894174159389e-52 -1.055157579853327024e-46 -5.227048688388535557e-40 4.704589992095540802e-34 -8.028553430512195199e-29 1.751234296282232938e-24 1.280202419571601033e-20 -2.956953179988699741e-17 -8.779515653739666432e-15 -1.485465032151182419e-13 -6.996357917679297797e-13 4.661883523082794609e-10
-1.607727667192965844e-04 -1.290944539654826284e-03 -3.968234245156467346e-03 -8.574318955272714274e-03 -1.539727071032681929e-02 -2.465017317281499587e-02 -3.647133857994672851e-02 -5.091627502069335370e-02 -6.794537782521618829e-02 -8.741004660991628927e-02 2.041861140673157049e+00 -1.324317323729669316e-01 -1.570468787235946573e-01 -1.822098691630526512e-01 -2.071164783098195239e-01 -2.308457591288421984e-01 -2.523777027653815175e-01 -2.706184526599738072e-01 -2.844385419505384704e-01 -2.927326392306839886e-01 -2.945097432218227174e-01 -2.890183341820028451e-01 -2.759002472272780171e-01 -2.553505772671540441e-01 -2.282426088713225831e-01 -1.961643661019511486e-01 -1.613173227193571979e-01 -1.262564084816728549e-01 -9.350236227426822477e-02 -6.511593578975168051e-02 -4.235907339983781966e-02 -2.555394467281472612e-02 -1.418247126074400656e-02 -7.175825192743462075e-03 -3.274261162493263301e-03 -1.329453237021973851e-03 -4.726519423014518043e-04 -1.451542763922868378e-04 -3.958485161738485998e-05 -1.201476165103277811e-05 -6.156031885940364494e-06 -4.467721607922106899e-06 -3.148514781829937440e-06 -1.957800263245383667e-06 -1.078266279706240277e-06 -5.326313275816719460e-07 -2.359769591557219842e-07 -9.106457468247136479e-08 -2.704424616347720943e-08 -1.940647078766994377e-09 6.101995493369243317e-09 7.419222853522397292e-09 6.497219107245900902e-09 5.104383866986803726e-09 3.841579391747950772e-09 2.849569850796416181e-09 2.108793388772790003e-09 1.555057164547841250e-09 1.114434988369105419e-09 6.885548052888658078e-10 1.258366223139414071e-09 1.417504780668836229e-09 9.889119992316793542e-10 4.288967897998690874e-10 7.841685229327549453e-11 -2.417033537547172836e-11 -1.860021881468294963e-11 -4.622552179455038846e-12 -5.036169078883054799e-13 -1.724439902510222386e-14 4.531086434591851733e-16 2.031191809891014537e-17 -3.354909587826874239e-19 -1.249476622886974906e-20 -1.305315150955836573e-22 -7.626541115588067620e-25 -2.254240929264769208e-27 -3.276088347322707781e-30 -2.251720201819415899e-33 -7.100982644400039118e-37 -1.004896122037835845e-40 -6.292029072849079710e-45 -1.727339354316289072e-49 -2.063704473494374053e-54 -1.065127088523464339e-59 -2.359821909239934497e-65 -2.238501193779589483e-71 -9.136572008669748578e-78 -1.631602757295528542e-84 -1.316780562398050250e-91 -5.045387514092003203e-99 -9.755778732309927387e-107 -1.011830912840807820e-114 -5.933418951097951627e-123 -2.066679384102303137e-131 -4.532035637307606255e-140 -6.722492050809927624e-149 -1.690797109657234307e-142 1.622334010150989990e-133 -1.532124424137299071e-124 1.259173167128616031e-115 -7.949624607045431125e-107 3.408146263680879919e-98 -8.815503898070463291e-90 1.234112625998431559e-81 -8.507971941836748083e-74 2.664090474934333522e-66 -3.466277922575669120e-59 1.562483099091690717e-52 -8.616997246966492612e-47 -4.260846882951930259e-40 3.835890475593710042e-34 -6.546757699578416073e-29 1.428146784548679257e-24 1.043974115728643186e-20 -2.411529910040070205e-17 -7.160025583317895046e-15 -1.211451171736743882e-13 -5.705790635574828031e-13 3.802198413533610226e-10
-1.947405032611642642e-04 -1.563695962954949215e-03 -4.806698299961583223e-03 -1.038635808357322651e-02 -1.865255396189323053e-02 -2.986563115012417710e-02 -4.419749870646479117e-02 -6.172277293931410780e-02 -8.240452268178691253e-02 -1.060775398568541555e-01 -1.324317323729669316e-01 2.877719617145571007e+00 -1.911399978130412514e-01 -2.220501301405862493e-01 -2.527562524342269468e-01 -2.821337001696954672e-01 -3.089265220610574181e-01 -3.317792235430640502e-01 -3.492850729332365178e-01 -3.600604800052293331e-01 -3.628560307986664069e-01 -3.567101460034722282e-01 -3.411388226355360764e-01 -3.163348831312705611e-01 -2.833271501895419098e-01 -2.440335831382102194e-01 -2.011457519724170473e-01 -1.578158984662380027e-01 -1.171814103261015205e-01 -8.183482205935922738e-02 -5.339416301090384176e-02 -3.231411573867549319e-02 -1.799608563600245403e-02 -9.139427798735298702e-03 -4.187485081350072851e-03 -1.708254210674359881e-03 -6.107071153400395408e-04 -1.888233329711899451e-04 -5.186578587472234552e-05 -1.574855957191914114e-05 -7.979403716167576710e-06 -5.759940108199609158e-06 -4.064698108647409027e-06 -2.536987327502748253e-06 -1.404124670650163805e-06 -6.979750824047640719e-07 -3.120258610846828498e-07 -1.223062964238525590e-07 -3.777200685791821160e-08 -4.159962721232889432e-09 6.942984401552446476e-09 9.057449056785157106e-09 8.099564806241903224e-09 6.430235125013994669e-09 4.870946733064865603e-09 3.629349086109972614e-09 2.694566883898691537e-09 1.991638750576106869e-09 1.429533498879846287e-09 8.839846707377708684e-10 1.617218787129350243e-09 1.828241138934032815e-09 1.284304280801503314e-09 5.647766896813806028e-10 1.089948867480760312e-10 -2.805063125798291038e-11 -2.329204045303402865e-11 -5.894354260244562266e-12 -6.518051536523453670e-13 -2.318115258592508963e-14 5.283853631961182165e-16 2.537499045167583714e-17 -4.288618070351054564e-19 -1.605907222253528245e-20 -1.682179530455765574e-22 -9.826272845140588726e-25 -2.904525680301027197e-27 -4.220567743797651555e-30 -2.900526015147213603e-33 -9.145913192026571971e-37 -1.294128210825306293e-40 -8.102011951278772321e-45 -2.223931133524787700e-49 -2.656595687127504244e-54 -1.370896652896272936e-59 -3.036679144865326495e-65 -2.879968609012360593e-71 -1.175244193056478754e-77 -2.098440683935687165e-84 -1.693511507137170215e-91 -6.490137399749039309e-99 -1.255490407001243297e-106 -1.302939264063134228e-114 -7.645190735017474489e-123 -2.664219414579647454e-131 -5.844314804049619215e-140 -8.679529543330439371e-149 -1.415520833122973537e-142 1.358210710029197452e-133 -1.282694369932981515e-124 1.054185186429500783e-115 -6.655490458020537211e-107 2.853334635712043164e-98 -7.380410372115568052e-90 1.033196830788128530e-81 -7.122682428174682483e-74 2.230242451223324809e-66 -2.901758086760442942e-59 1.308148578353893179e-52 -7.225922904947444094e-47 -3.564544172285032174e-40 3.210035499400226988e-34 -5.479329468306385336e-29 1.195432546165453884e-24 8.738155590680734178e-21 -2.018693791640325582e-17 -5.993592088030690054e-15 -1.014093992703770215e-13 -4.776280413528440518e-13 3.183063240187024323e-10
