5.799847215743997954e-05 -1.738996129693925635e-06 -5.345247524587468278e-06 -1.154839902219986112e-05 -2.073285261288714652e-05 -3.317707611812566870e-05 -4.905098766549416894e-05 -6.840266989955527503e-05 -9.114141716151262290e-05 -1.170229292035034535e-04 -1.456422083832706533e-04 -1.764386837305324037e-04 -2.087156144998147988e-04 -2.416722300597637602e-04 -2.744435207616267749e-04 -3.061408354346820387e-04 -3.358874640812399537e-04 -3.628466033697984078e-04 -3.862423986916370703e-04 -4.053763110163447749e-04 -4.196409082415999167e-04 -4.285328898702386630e-04 -4.316673700495888980e-04 -4.287947420355117320e-04 -4.198186467676092207e-04 -4.048105919215766631e-04 -3.840170320059089972e-04 -3.578581364733536834e-04 -3.269197148896511710e-04 -2.919382160988195528e-04 -2.537765713778896543e-04 -2.133902277069708614e-04 -1.717866661098598684e-04 -1.299830719898370708e-04 -8.896462646212221917e-05 -4.964415019215157694e-05 -1.282506590308879099e-05 2.082855110871108335e-05 5.081170926731039597e-05 7.678734699307170866e-05 9.858527301776541052e-05 1.161922905458150426e-04 1.297344496323463853e-04 1.394529517894858546e-04 1.456761044227322807e-04 1.487900563144125415e-04 1.492106641058581044e-04 1.473581402395730952e-04 1.436354763611441098e-04 1.384110942400631952e-04 1.320056725187091049e-04 1.246825779951078674e-04 1.166407760657896291e-04 1.080084231337786392e-04 9.883424557834549686e-05 8.907138081492253908e-05 7.854175984413108887e-05 6.684753799577904901e-05 5.310428520728910606e-05 3.473727091981245233e-05 6.901416013145808830e-05 1.031804562478563742e-04 1.247194413756118911e-04 1.374995642998061483e-04 1.420217234241270680e-04 1.381256560969029723e-04 1.259775368579158059e-04 1.067097676484615590e-04 8.273552739513281439e-05 5.755292608452303285e-05 3.494341888815978239e-05 1.779163149399931744e-05 7.117008263022532572e-06 1.955106158595618562e-06 2.238269361030600232e-07 -4.809437648481240442e-08 6.466099998488996035e-09 3.130097442909786007e-08 1.831482282416641443e-08 5.257657948124556544e-09 5.762021635817708843e-10 -1.362694117728966143e-10 -6.540278127084736477e-11 -9.626066734772743245e-12 3.344532615637319844e-13 3.516291223090066173e-13 5.035328848371135951e-14 4.587819346183009527e-16 -7.274385022917993105e-16 -8.578451509986101323e-17 -9.863414461187547038e-19 5.980577615157770869e-19 4.918095180680568369e-20 -8.305155243869571222e-23 -2.233925848808792405e-22 -1.093862590157784923e-23 2.239326851467077698e-25 3.388823830023649044e-26 -9.188744923872352371e-26 -1.450467366633561830e-24 -2.186637879622684800e-23 -3.128993592522403493e-22 -4.187747691989830055e-21 -5.165534067907659978e-20 -5.778616000445783161e-19 -5.776201792749467579e-18 -5.103868734856127671e-17 -3.927502343199543996e-16 -2.577342786641218091e-15 -1.436547124863365749e-14 -6.885343093679592047e-14 -2.779789911280701206e-13 -8.983766823686160299e-13 -2.273269956748974734e-12 -4.620235083238599444e-12 -7.978463477840057082e-12 -1.253032797462876597e-11 -1.904407585333347506e-11 -2.834207423285481686e-11 -3.191700402328652415e-11
-1.738996129693925635e-06 1.600371188761726040e-03 -4.292021978683032595e-05 -9.272907569479178324e-05 -1.664766327420012738e-04 -2.663989241182014968e-04 -3.938604156237735703e-04 -5.492473414314260954e-04 -7.318315869087254569e-04 -9.396517905115297229e-04 -1.169456277905977018e-03 -1.416744149245303128e-03 -1.675921012523006424e-03 -1.940556994568120750e-03 -2.203706221655373464e-03 -2.458232825953011579e-03 -2.697096724303103994e-03 -2.913578243155241602e-03 -3.101447130656519689e-03 -3.255094000919281187e-03 -3.369641085621758424e-03 -3.441046831266959902e-03 -3.466220594203065983e-03 -3.443158038765578837e-03 -3.371085380612914677e-03 -3.250576747191257030e-03 -3.083611039246880910e-03 -2.873562067666677461e-03 -2.625133724454471219e-03 -2.344239516116415796e-03 -2.037808584254325369e-03 -1.713512980240381855e-03 -1.379442627796932100e-03 -1.043765418568050980e-03 -7.143922736237154824e-04 -3.986530753541518528e-04 -1.029992681877719111e-04 1.672366229226825889e-04 4.079994782102885692e-04 6.165826329814117109e-04 7.916193788015212082e-04 9.330036626419059304e-04 1.041747574139319623e-03 1.119787864851408930e-03 1.169760750839569929e-03 1.194766925351349682e-03 1.198145649202740030e-03 1.183271173114558992e-03 1.153379476186936186e-03 1.111428951693281715e-03 1.059994625283950135e-03 1.001191317570555373e-03 9.366167141399508751e-04 8.672999117132956575e-04 7.936321905946026618e-04 7.152372584717452781e-04 6.306852438807169147e-04 5.367814903279591798e-04 4.264240908888949433e-04 2.789381312664932313e-04 5.541794750721745462e-04 8.285329724590800469e-04 1.001490238097676186e-03 1.104114671504894882e-03 1.140428371357438044e-03 1.109144274121908174e-03 1.011596525938851954e-03 8.568780152992937780e-04 6.643662667756284994e-04 4.621508737006095125e-04 2.805968498982389526e-04 1.428678565341121910e-04 5.715026734376738352e-05 1.569983882110782234e-05 1.797443153640025807e-06 -3.861783420292458791e-07 5.192050849401979123e-08 2.513447271048175420e-07 1.470677400363619468e-07 4.221912406713759384e-08 4.626972757657934140e-09 -1.094229921417139588e-09 -5.251839742641244784e-10 -7.729771477507038522e-11 2.685578119419058533e-12 2.823579550590607072e-12 4.043383914255992076e-13 3.684242299315901073e-15 -5.841329435963191181e-15 -6.888521971450916170e-16 -7.920546602060095240e-18 4.802407742876497848e-18 3.949246916473383702e-19 -6.668402667390374892e-22 -1.793847002984800598e-21 -8.783759602434896460e-23 1.798180961428277445e-24 2.721431557592245235e-25 -7.375479715581862662e-25 -1.164242811636509880e-23 -1.755142709249131206e-22 -2.511540665301925774e-21 -3.361367691627868509e-20 -4.146204477613882375e-19 -4.638304906497179786e-18 -4.636366812985995211e-17 -4.096706981750322520e-16 -3.152476317679976420e-15 -2.068747746243398094e-14 -1.153068770320676285e-13 -5.526636490271826654e-13 -2.231245045152622433e-12 -7.210970924858388182e-12 -1.824678132005915719e-11 -3.708508821940958590e-11 -6.404046846597309993e-11 -1.005767692998257971e-10 -1.528604598597155544e-10 -2.274924253613331761e-10 -2.561870718939388881e-10
-5.345247524587468278e-06 -4.292021978683032595e-05 9.598840842201404946e-03 -2.850265823652779274e-04 -5.117090208589974206e-04 -8.188472826081099167e-04 -1.210636752683200449e-03 -1.688266846000324381e-03 -2.249502712167160759e-03 -2.888319607113285295e-03 -3.594726957746934622e-03 -4.354893765663817376e-03 -5.151626227817101417e-03 -5.965159912861618154e-03 -6.774141455400981698e-03 -7.556631087304978636e-03 -8.290982123610424540e-03 -8.956532587980233634e-03 -9.534125529021402271e-03 -1.000651338072000747e-02 -1.035869850209241751e-02 -1.057825483603209993e-02 -1.065568053895407999e-02 -1.058481390055734765e-02 -1.036327616562602617e-02 -9.992831933356054533e-03 -9.479564143305455395e-03 -8.833844188720600329e-03 -8.070132708754526249e-03 -7.206608941990442878e-03 -6.264574228230773006e-03 -5.267613882839631244e-03 -4.240598337901527008e-03 -3.208638183137217832e-03 -2.196054165473163618e-03 -1.225380756342298559e-03 -3.164520062914385600e-04 5.143376091469609732e-04 1.254520508430351493e-03 1.895774665794928331e-03 2.433897621871878181e-03 2.868562666330186188e-03 3.202880647736115142e-03 3.442805161244657120e-03 3.596440287251730875e-03 3.673318218239223637e-03 3.683704739586500000e-03 3.637973327737091447e-03 3.546072444562665699e-03 3.417097209720074222e-03 3.258964173473120896e-03 3.078175076969094561e-03 2.879641811259372672e-03 2.666528207327348906e-03 2.440037178240763664e-03 2.199011765661020110e-03 1.939055793650475710e-03 1.650347240311220501e-03 1.311051170943399553e-03 8.576021329174427377e-04 1.703838892136847524e-03 2.547347873172382208e-03 3.079114387466251341e-03 3.394644055746173349e-03 3.506302811044814411e-03 3.410132556754717163e-03 3.110233059362435548e-03 2.634557677565046649e-03 2.042680074018716780e-03 1.420960380027299318e-03 8.627568893277816689e-04 4.392898806429731376e-04 1.757330455138633415e-04 4.828039251886336502e-05 5.529992306359179486e-06 -1.186580792547500275e-06 1.596020571559819613e-07 7.726970672844223135e-07 4.521459706728063446e-07 1.298046754343768412e-07 1.422759928401198651e-08 -3.363671111299325803e-09 -1.614619595965830878e-09 -2.376583775251670674e-10 8.253652364927867414e-12 8.680722547396970503e-12 1.243152976169317448e-12 1.133618800365960194e-14 -1.795833507761665236e-14 -2.117905441585631095e-15 -2.436346477364833633e-17 1.476424971399022720e-17 1.214221260300042907e-18 -2.044082146941103567e-21 -5.514922909398048354e-21 -2.700670762880179390e-22 5.527010885316702211e-24 8.369575181041577373e-25 -2.262748685981514987e-24 -3.571886167925431789e-23 -5.384759314165339591e-22 -7.705377792679934238e-21 -1.031263394460905522e-19 -1.272049917193777976e-18 -1.423025188837574050e-17 -1.422430121780092095e-16 -1.256862934480140604e-15 -9.671742263896526418e-15 -6.346879995401977940e-14 -3.537592827920546329e-13 -1.695561080878610359e-12 -6.845413786882533276e-12 -2.212310441790428460e-11 -5.598072202652549811e-11 -1.137762151082484347e-10 -1.964747046789103965e-10 -3.085672608591849498e-10 -4.689725373358438020e-10 -6.979421932251997554e-10 -7.859747285297101437e-10
-1.154839902219986112e-05 -9.272907569479178324e-05 -2.850265823652779274e-04 3.283035218936159599e-02 -1.105550937251632490e-03 -1.769133184893997022e-03 -2.615619931915610669e-03 -3.647595105255725580e-03 -4.860250719725273290e-03 -6.240595921362721184e-03 -7.767073557547786791e-03 -9.409825504919703404e-03 -1.113171782123242859e-02 -1.289004659652133455e-02 -1.463865686204532737e-02 -1.633011141774531189e-02 -1.791759764946831632e-02 -1.935642921455967350e-02 -2.060517532819739622e-02 -2.162653651063828342e-02 -2.238808107686226720e-02 -2.286294104420548076e-02 -2.303057452535085814e-02 -2.287766269475619008e-02 -2.239906309216239608e-02 -2.159858616676889331e-02 -2.048937466231294524e-02 -1.909384178276479077e-02 -1.744324123709693058e-02 -1.557686424881742603e-02 -1.354074928864209236e-02 -1.138587238339297709e-02 -9.165990538148342456e-03 -6.935383025892902231e-03 -4.746623066866643460e-03 -2.648422982809055595e-03 -6.836590828999999968e-04 1.112225143005509884e-03 2.712273001881080649e-03 4.098488768289201313e-03 5.261782425016188480e-03 6.201442533006605584e-03 6.924188683654921260e-03 7.442885817777682156e-03 7.775048248785593370e-03 7.941278494720921746e-03 7.963765975684811843e-03 7.864933790607814626e-03 7.666286914028656169e-03 7.387486097931557361e-03 7.045644710891240184e-03 6.654817955701172218e-03 6.225624362897218267e-03 5.764903644848305003e-03 5.275256396987123599e-03 4.754181477041502339e-03 4.192174810909928516e-03 3.568001914350379163e-03 2.834456811732211350e-03 1.854113380035800037e-03 3.683658752848820855e-03 5.507321552569130994e-03 6.657026232944712914e-03 7.339255292376273623e-03 7.580740607885779782e-03 7.372915659514518369e-03 6.724628048022558008e-03 5.696292183115244691e-03 4.416686531229683035e-03 3.072509727734546413e-03 1.865606033120823263e-03 9.499742543928407995e-04 3.800684272403234221e-04 1.044434210045235635e-04 1.197601817330932875e-05 -2.561706315346495457e-06 3.447918417383618629e-07 1.670212970938791972e-06 9.774715330754119053e-07 2.806533072247247698e-07 3.077190214459104639e-08 -7.269312220215355190e-09 -3.490546789343627301e-09 -5.138676040524770020e-10 1.782626593688209428e-11 1.876595074852523436e-11 2.687838990692163702e-12 2.456119102149757202e-14 -3.882197464286649015e-14 -4.579172004120546556e-15 -5.274006877605185533e-17 3.191691979950666478e-17 2.625348385531799875e-18 -4.386551236485190268e-21 -1.192222322022139306e-20 -5.839584468040644494e-22 1.194195646368088749e-23 1.811225642823888689e-24 -4.861719990685162516e-24 -7.674934761225207226e-23 -1.157025262914932066e-21 -1.655655877994632382e-20 -2.215875352785431233e-19 -2.733250649834930535e-18 -3.057647887860288560e-17 -3.056366365149297021e-16 -2.700610770502187843e-15 -2.078157206679249491e-14 -1.363746286341637957e-13 -7.601176302103633605e-13 -3.643226068832712780e-12 -1.470862533218786412e-11 -4.753550630500866783e-11 -1.202846667274834179e-10 -2.444685933869056073e-10 -4.221610613807595379e-10 -6.630120634742730791e-10 -1.007672127213414707e-09 -1.499657406848362675e-09 -1.688798552777254722e-09
-2.073285261288714652e-05 -1.664766327420012738e-04 -5.117090208589974206e-04 -1.105550937251632490e-03 8.366975454629962949e-02 -3.176185148736000718e-03 -4.695986634138935890e-03 -6.548913163727325057e-03 -8.726413196081877002e-03 -1.120526494899248479e-02 -1.394687502016600175e-02 -1.689773273063004469e-02 -1.999122404592040131e-02 -2.315067179665610680e-02 -2.629313153309150233e-02 -2.933329622814232970e-02 -3.218694574399364600e-02 -3.477367209289652927e-02 -3.701892735402652346e-02 -3.885560459793018645e-02 -4.022536323630462179e-02 -4.107988211014072105e-02 -4.138223019110783690e-02 -4.110847050633433669e-02 -4.024935831795178193e-02 -3.881172705535691075e-02 -3.681917450073658032e-02 -3.431196234888389540e-02 -3.134624601521075749e-02 -2.799262450642526351e-02 -2.433381804835129877e-02 -2.046142325744322935e-02 -1.647204699770315334e-02 -1.246324708068088753e-02 -8.529520044514279919e-03 -4.758424498914603888e-03 -1.227034680944301273e-03 2.000925868485979500e-03 4.876980933501785798e-03 7.368759727057071565e-03 9.459901156327594693e-03 1.114910606386214018e-02 1.244843282439868012e-02 1.338098682730851953e-02 1.397823333768024624e-02 1.427719279204969945e-02 1.431774235908297652e-02 1.414018269882301969e-02 1.378316660765495014e-02 1.328203364193742200e-02 1.266754572159878647e-02 1.196496858974019709e-02 1.119339097072298735e-02 1.036510899699782592e-02 9.484798172337931266e-03 8.547962005489325235e-03 7.537513367564678372e-03 6.415274270103946477e-03 5.096370224219026399e-03 3.333710751568672893e-03 6.623262225965460305e-03 9.902294509078623727e-03 1.196962623689891946e-02 1.319652202359000367e-02 1.363103486552180894e-02 1.325772645340759365e-02 1.209244256731473871e-02 1.024373038651837237e-02 7.943062784322822700e-03 5.526086691958650467e-03 3.355742808444834181e-03 1.709009725492684640e-03 6.839107158367304165e-04 1.880369036264656595e-04 2.161353526971121944e-05 -4.591358984304150123e-06 6.189541289693552641e-07 3.001721452658947469e-06 1.757271774918428496e-06 5.046885355366210290e-07 5.537567830632782651e-08 -1.305899430408145920e-08 -6.275132190854518163e-09 -9.241520628125086229e-10 3.198166646278872254e-11 3.373509814398641033e-11 4.833408925019586051e-12 4.436632838684473736e-14 -6.978826432041258861e-14 -8.234575323006023744e-15 -9.508797980832092734e-17 5.737479126525776166e-17 4.721281611155405197e-18 -7.759094112817680966e-21 -2.143259380518773149e-20 -1.050268463433210615e-21 2.144303523262730012e-23 3.263428397083277425e-24 -8.622311550116419049e-24 -1.361321610972034934e-22 -2.052237891970132561e-21 -2.936662521249795806e-20 -3.930324261252082478e-19 -4.847988663140118504e-18 -5.423363071614840476e-17 -5.421078707341111345e-16 -4.790065245796738688e-15 -3.686013879790176929e-14 -2.418863133940293007e-13 -1.348210757937623135e-12 -6.461933566887328557e-12 -2.608842083857109923e-11 -8.431272288978059297e-11 -2.133460677874322090e-10 -4.336077606813021047e-10 -7.487761577375117490e-10 -1.175967687958712296e-09 -1.787284760362633667e-09 -2.659918051874383256e-09 -2.995343825095500170e-09
-3.317707611812566870e-05 -2.663989241182014968e-04 -8.188472826081099167e-04 -1.769133184893997022e-03 -3.176185148736000718e-03 1.778483317852100620e-01 -7.515076960210487385e-03 -1.048081312697483544e-02 -1.396652133787319033e-02 -1.793533964419121232e-02 -2.232583096878958118e-02 -2.705264547563901445e-02 -3.200934486286375474e-02 -3.707320095040742697e-02 -4.211124437359883843e-02 -4.698654399319282526e-02 -5.156380309292225156e-02 -5.571380717602554544e-02 -5.931676321528515927e-02 -6.226485704300780549e-02 -6.446438439061186187e-02 -6.583776672486067738e-02 -6.632574972270767477e-02 -6.588995099906060082e-02 -6.451553908468390941e-02 -6.221342732123694846e-02 -5.902138606106467622e-02 -5.500391210236072609e-02 -5.025100132054240859e-02 -4.487580400852100165e-02 -3.901089150604308137e-02 -3.280307523830613275e-02 -2.640723562098208632e-02 -1.997981386640875628e-02 -1.367235763374927138e-02 -7.625293895623823370e-03 -1.962251706043253736e-03 3.214523889477997280e-03 7.827219927252472564e-03 1.182384848740084503e-02 1.517810363003219316e-02 1.788784084599856841e-02 1.997234020960473450e-02 2.146860214488600926e-02 2.242704305379704735e-02 2.290700125650772107e-02 2.297240950103910523e-02 2.268789000298418804e-02 2.211542939666861704e-02 2.131170558525160783e-02 2.032605841370416569e-02 1.919901520914079479e-02 1.796119736365416747e-02 1.663233134726801662e-02 1.521991871127180602e-02 1.371674549952870206e-02 1.209539547399325794e-02 1.029460916589144612e-02 8.178193982066353854e-03 5.349648906609106615e-03 1.062847708893251489e-02 1.589059658910858125e-02 1.920852693572408856e-02 2.117806363049836230e-02 2.187628522867458847e-02 2.127831207229170102e-02 1.940938708154393844e-02 1.644346370036854979e-02 1.275177465206122490e-02 8.872820772593157865e-03 5.389085714190560913e-03 2.745300815199079678e-03 1.099106821318427633e-03 3.024825849732650537e-04 3.492426224962745670e-05 -7.324199631859764849e-06 9.902362464719776037e-07 4.812871957355820682e-06 2.819216553530838782e-06 8.100925709695704792e-07 8.900460067160964468e-08 -2.092195428517426056e-08 -1.006705325434078380e-08 -1.483638423317725329e-09 5.111013325509984908e-11 5.411619648513557850e-11 7.758174012107244047e-12 7.181306236029147129e-14 -1.119476589196160620e-13 -1.321766056508527763e-14 -1.533749247740805818e-16 9.203331020958939381e-17 7.578943811114478358e-18 -1.206495460474441153e-20 -3.438201357504901768e-20 -1.686300674187938755e-21 3.432305664721601515e-23 5.256756891554516038e-24 -1.348825842947410624e-23 -2.130061217855305658e-22 -3.211122186520572587e-21 -4.594957556721016908e-20 -6.149703153498754336e-19 -7.585525198018840152e-18 -8.485765274000999710e-17 -8.482158057267647050e-16 -7.494807177692658090e-15 -5.767324565650011577e-14 -3.784662297984531186e-13 -2.109464715503801053e-12 -1.011057424675890424e-11 -4.081876813579260015e-11 -1.319179482361818816e-10 -3.338060985827518612e-10 -6.784313769013293633e-10 -1.171549459883983396e-09 -1.839942458754936175e-09 -2.796427936935431855e-09 -4.161801197945146678e-09 -4.686470088956417397e-09
-4.905098766549416894e-05 -3.938604156237735703e-04 -1.210636752683200449e-03 -2.615619931915610669e-03 -4.695986634138935890e-03 -7.515076960210487385e-03 3.341950836673331926e-01 -1.549819696917875515e-02 -2.065467201856933943e-02 -2.652754885161267423e-02 -3.302677957488998201e-02 -4.002686513774236787e-02 -4.737084065315264048e-02 -5.487720623379495344e-02 -6.234880274644734321e-02 -6.958216479197228133e-02 -7.637597559222931987e-02 -8.253785468154035965e-02 -8.788945217524543607e-02 -9.227030461179533405e-02 -9.554101445958208816e-02 -9.758625482376896698e-02 -9.831802887584101258e-02 -9.767939063247856046e-02 -9.564831539369278435e-02 -9.224088659065284024e-02 -8.751297105200497861e-02 -8.156009482391593512e-02 -7.451564121266769647e-02 -6.654732995400275408e-02 -5.785165831562519984e-02 -4.864626639175267941e-02 -3.916084771649337715e-02 -2.962749733111325751e-02 -2.027108974368252090e-02 -1.130001565074655219e-02 -2.897780644443502876e-03 4.783776055155909354e-03 1.162901974877072510e-02 1.756062638896364880e-02 2.253939519096029298e-02 2.656199193366371239e-02 2.965688072413024540e-02 3.187883067599839998e-02 3.330254069213894885e-02 3.401598001095303830e-02 3.411396698663640009e-02 3.369236835527347068e-02 3.284315785384477743e-02 3.165044396521544956e-02 3.018745471209993356e-02 2.851434627571861752e-02 2.667657667388098619e-02 2.470343385326388003e-02 2.260605712175071946e-02 2.037373502960056898e-02 1.796575343692840762e-02 1.529113236093280169e-02 1.214759185416472952e-02 7.946202102500308020e-03 1.578731379126486686e-02 2.360403130944920685e-02 2.853351030473315342e-02 3.146078220880895587e-02 3.250025616787810545e-02 3.161471573332708118e-02 2.884119911963492142e-02 2.443751357738108837e-02 1.895454412886446449e-02 1.319187582799278766e-02 8.014879800542898391e-03 4.084789061323546196e-03 1.636603769394946555e-03 4.511225892912454479e-04 5.247081671633130768e-05 -1.077150953742633825e-05 1.463261638819227398e-06 7.138866295163680415e-06 4.185837661921307511e-06 1.203814683804670525e-06 1.325590067317476186e-07 -3.099239283434235196e-08 -1.494652303117667047e-08 -2.205348185909330111e-09 7.539120717544605775e-11 8.033541922602308526e-11 1.152860260700039464e-11 1.082089459640336233e-13 -1.661779225282148884e-13 -1.964192605691489356e-14 -2.297771099589033407e-16 1.366120951011794798e-16 1.126413824489246791e-17 -1.695854848024113284e-20 -5.104236680922037013e-20 -2.507086705797507184e-21 5.076585715358980875e-23 7.855780281424295958e-24 -1.920080735465791365e-23 -3.033384032812048244e-22 -4.572865417515428081e-21 -6.543503284548613805e-20 -8.757500287716432197e-19 -1.080211557986628240e-17 -1.208401659027664810e-16 -1.207880184017258366e-15 -1.067272401574699889e-14 -8.212710895404200738e-14 -5.389353080637039995e-13 -3.003858747404500070e-12 -1.439730363480932014e-11 -5.812502972852156294e-11 -1.878473058668058383e-10 -4.753280450215024864e-10 -9.660594608112722183e-10 -1.668238474105967633e-09 -2.620005113478796435e-09 -3.982018484118925303e-09 -5.926338174224090799e-09 -6.673093452426801945e-09
-6.840266989955527503e-05 -5.492473414314260954e-04 -1.688266846000324381e-03 -3.647595105255725580e-03 -6.548913163727325057e-03 -1.048081312697483544e-02 -1.549819696917875515e-02 5.743786989923685971e-01 -2.881537838341228716e-02 -3.701600714129078123e-02 -4.609626584737780419e-02 -5.588261914456588847e-02 -6.615706438557208968e-02 -7.666644558649589325e-02 -8.713467348644779453e-02 -9.727589268240963150e-02 -1.068066380386920589e-01 -1.154557475678351514e-01 -1.229718174127926167e-01 -1.291287621695520194e-01 -1.337303236254648586e-01 -1.366143083243452072e-01 -1.376571419061403678e-01 -1.367789610655539834e-01 -1.339488311252400310e-01 -1.291890751428219630e-01 -1.225776639199165768e-01 -1.142481731488224073e-01 -1.043872977934892227e-01 -9.322984183811558467e-02 -8.105089105876907285e-02 -6.815521041793443091e-02 -5.486462954205382353e-02 -4.150452134488673978e-02 -2.839022599332144403e-02 -1.581401627926500714e-02 -4.033357495146446849e-03 6.738559253207343849e-03 1.633921222099536316e-02 2.465977962472195445e-02 3.164492746333911338e-02 3.728964736155307436e-02 4.163354052885297196e-02 4.475312205557537698e-02 4.675290414798605881e-02 4.775607500187068616e-02 4.789549432180341404e-02 4.730554619274625339e-02 4.611519446362498387e-02 4.444240033777767385e-02 4.238988521992256842e-02 4.004204976079373673e-02 3.746268470044011867e-02 3.469289724742503217e-02 3.174832564121839867e-02 2.861393372712704372e-02 2.523255697638759204e-02 2.147643954945382960e-02 1.706150929325633489e-02 1.116064350377460671e-02 2.217391095406305232e-02 3.315383443737635744e-02 4.007985510908435023e-02 4.419514184149925945e-02 4.566020967201406960e-02 4.442222287560076283e-02 4.053221642638975275e-02 3.435103728901743592e-02 2.665126162376831032e-02 1.855530552742437958e-02 1.127896808810549024e-02 5.752356849161084466e-03 2.307367081124449878e-03 6.375639405136779595e-04 7.498578950255953453e-05 -1.489610042412105481e-05 2.038506813045004224e-06 1.000493671511152121e-05 5.875342834711392106e-06 1.691938410558712935e-06 1.869527445882214655e-07 -4.334622717088757302e-08 -2.097813370575833735e-08 -3.100956432621884641e-09 1.047434751556959038e-10 1.127309063273069811e-10 1.620282895042430744e-11 1.553372341761860405e-13 -2.331715818383950762e-13 -2.760687427117912113e-14 -3.269942542636182514e-16 1.916769710378671859e-16 1.583523083431455703e-17 -2.172274372422437405e-20 -7.163056823589971260e-20 -3.526320251277571281e-21 7.083011201960126688e-23 1.113113207591002035e-23 -2.525067244399362592e-23 -3.991739702535989337e-22 -6.017518536665786358e-21 -8.610633481127186992e-20 -1.152393054455147710e-18 -1.421428237200013826e-17 -1.590094892190970126e-16 -1.589392991777612095e-15 -1.404360518353164223e-14 -1.080651779122046762e-13 -7.091397522229540938e-13 -3.952494148829836930e-12 -1.894392576872761545e-11 -7.648017444149434025e-11 -2.471651636120565430e-10 -6.254214820893936798e-10 -1.271104660468576477e-09 -2.195002080898368738e-09 -3.447303891914058752e-09 -5.239423122382124168e-09 -7.797859596309227301e-09 -8.779668976971083536e-09
-9.114141716151262290e-05 -7.318315869087254569e-04 -2.249502712167160759e-03 -4.860250719725273290e-03 -8.726413196081877002e-03 -1.396652133787319033e-02 -2.065467201856933943e-02 -2.881537838341228716e-02 9.226652536339984279e-01 -4.936347865551423547e-02 -6.149393301636373738e-02 -7.457963680332628520e-02 -8.833191415227283072e-02 -1.024135196089082239e-01 -1.164545805312749566e-01 -1.300703152571663079e-01 -1.428778729970583139e-01 -1.545103825127980002e-01 -1.646275957238383381e-01 -1.729237109582639209e-01 -1.791335627231748773e-01 -1.830383506338325583e-01 -1.844716994125350229e-01 -1.833262609947542698e-01 -1.795603547839711711e-01 -1.732035310503965975e-01 -1.643598268242595362e-01 -1.532079146860356178e-01 -1.399978428977639300e-01 -1.250442076672500513e-01 -1.087156025679216348e-01 -9.142055175075186613e-02 -7.359078616469422185e-02 -5.566311461315500558e-02 -3.806106302896503785e-02 -2.117729430765653842e-02 -5.357898521107335929e-03 9.110261327224833741e-03 2.200819572460738574e-02 3.318899025169895489e-02 4.257761094314189976e-02 5.016667050292919483e-02 5.600874056233268866e-02 6.020603211419500722e-02 6.289845859369583292e-02 6.425114503859440107e-02 6.444233338484800511e-02 6.365241762869265629e-02 6.205458892874341631e-02 5.980731473468994808e-02 5.704862959412444062e-02 5.389198047092440269e-02 5.042313480737933840e-02 4.669737659869915847e-02 4.273574405630269774e-02 3.851801095614216380e-02 3.396725850744890945e-02 2.891155221410496301e-02 2.296853429423961063e-02 1.502479376692091549e-02 2.985162792164170950e-02 4.463537017524933648e-02 5.396416521174295100e-02 5.951183847848842690e-02 6.149413583756489082e-02 5.983882535694488164e-02 5.461268840470279162e-02 4.629906299448149909e-02 3.593574262302805938e-02 2.503254135753040302e-02 1.522691382505891866e-02 7.773710292575325594e-03 3.123327692141228407e-03 8.660529686050640703e-04 1.034763654789526541e-04 -1.959699872978135115e-05 2.711533685843940756e-06 1.342617255925757464e-05 7.902153642530821670e-06 2.279998413945615137e-06 2.531950256708595934e-07 -5.799372242842702845e-08 -2.821269500568564708e-08 -4.181477626592723848e-09 1.387550644183615500e-10 1.515609075634324762e-10 2.183368568447071674e-11 2.157258501796311336e-13 -3.134513734473634396e-13 -3.720327112800571995e-14 -4.486101235709001597e-16 2.576519984126876038e-16 2.134642580825512225e-17 -2.511676872766956548e-20 -9.631415080164465408e-20 -4.757226167193967857e-21 9.442376499027345706e-23 1.516090298376101658e-23 -3.087299685366795562e-23 -4.885584222952946943e-22 -7.364837328985011544e-21 -1.053840155377748732e-19 -1.410373334473037630e-18 -1.739610992250604016e-17 -1.946004952552168716e-16 -1.945118319903976940e-15 -1.718650001831920830e-14 -1.322478797786592311e-13 -8.678186114836253883e-13 -4.836858499177841837e-12 -2.318237632551703182e-11 -9.359062004108198259e-11 -3.024585189931384720e-10 -7.653271503878514486e-10 -1.555438677413891025e-09 -2.685997479451146610e-09 -4.218433469511174133e-09 -6.411495491398914210e-09 -9.542560191035494879e-09 -1.074258957776180230e-08
-1.170229292035034535e-04 -9.396517905115297229e-04 -2.888319607113285295e-03 -6.240595921362721184e-03 -1.120526494899248479e-02 -1.793533964419121232e-02 -2.652754885161267423e-02 -3.701600714129078123e-02 -4.936347865551423547e-02 1.405696987101980655e+00 -7.908184197342167654e-02 -9.596209896687044050e-02 -1.137264006065513283e-01 -1.319422346785442401e-01 -1.501316433962601171e-01 -1.677941284403622890e-01 -1.844292571785738910e-01 -1.995561259485933436e-01 -2.127283505007991904e-01 -2.235449830175979258e-01 -2.316588784957612779e-01 -2.367841916818252956e-01 -2.387040938895477471e-01 -2.372789341293795318e-01 -2.324542854043093465e-01 -2.242677608397786460e-01 -2.128532506213974551e-01 -1.984413780462397359e-01 -1.813554021767821156e-01 -1.620022706876097784e-01 -1.408589106993350104e-01 -1.184542227674809517e-01 -9.534768562097305222e-02 -7.210589140442152933e-02 -4.927856037339867906e-02 -2.737562026838509521e-02 -6.846874161493157578e-03 1.193436533568830935e-02 2.868259395554210306e-02 4.320576438360521770e-02 5.540517799298971119e-02 6.527003150983989865e-02 7.286744346376956838e-02 7.832909299175011553e-02 8.183578316072653847e-02 8.360126659697277030e-02 8.385654315436413819e-02 8.283559220661824984e-02 8.076318508423310782e-02 7.784508226471328896e-02 7.426058800089645195e-02 7.015712511715371802e-02 6.564618887407046299e-02 6.079967304304349784e-02 5.564494812330482432e-02 5.015570179361254072e-02 4.423183228363342795e-02 3.764953135136912821e-02 2.991098838352251876e-02 1.956639374132317782e-02 3.887579031786021072e-02 5.813231975865736784e-02 7.028960796843630732e-02 7.752785793688604654e-02 8.012740577959183430e-02 7.799219374845287045e-02 7.120572323962545691e-02 6.039301032181045026e-02 4.690141318272367937e-02 3.269491991975221473e-02 1.990722252910407178e-02 1.017737073777352265e-02 4.098412130467652369e-03 1.141896997651096384e-03 1.393481964262156738e-04 -2.468933702502580744e-05 3.472384405082857676e-06 1.740695616806538139e-05 1.027729345041366591e-05 2.973280748596599629e-06 3.324785455054166578e-07 -7.486900120670863394e-08 -3.668849634050151738e-08 -5.457936045013824188e-09 1.765984189891671019e-10 1.970086730090712792e-10 2.847158035744076339e-11 2.929551558061380101e-13 -4.073787396923921355e-13 -4.851816585778616288e-14 -5.995018615719328922e-16 3.348255365609155478e-16 2.785094310239818768e-17 -2.519663721579725795e-20 -1.252147658209762327e-19 -6.213429248764714557e-21 1.212706419638686811e-22 2.002655055699851723e-23 -3.512427281029152174e-23 -5.567440820602366698e-22 -8.392475372500732553e-21 -1.200862816978837670e-19 -1.607105323919564244e-18 -1.982229303186850609e-17 -2.217364583386817626e-16 -2.216311450457859653e-15 -1.958232148176574404e-14 -1.506806307287842579e-13 -9.887573734167623921e-13 -5.510834492902998784e-12 -2.641230207547017548e-11 -1.066287878220262453e-10 -3.445888849723550474e-10 -8.719202187268028482e-10 -1.772061396142981926e-09 -3.060062233578058750e-09 -4.805928915849575280e-09 -7.304522338421549142e-09 -1.087221912390429717e-08 -1.223696255505279419e-08
-1.456422083832706533e-04 -1.169456277905977018e-03 -3.594726957746934622e-03 -7.767073557547786791e-03 -1.394687502016600175e-02 -2.232583096878958118e-02 -3.302677957488998201e-02 -4.609626584737780419e-02 -6.149393301636373738e-02 -7.908184197342167654e-02 2.052284045823185021e+00 -1.197483489754016944e-01 -1.420254301618187054e-01 -1.649113352899816975e-01 -1.878072371134960616e-01 -2.100806077399424432e-01 -2.310946492080790671e-01 -2.502347044251109764e-01 -2.669291953431044973e-01 -2.806649132103743449e-01 -2.909983381533686186e-01 -2.975652358263715658e-01 -3.000900884117736478e-01 -2.983957431813572536e-01 -2.924127574219080317e-01 -2.821874018115528848e-01 -2.678868995298967493e-01 -2.498002466150755774e-01 -2.283332428285703153e-01 -2.039972141014557427e-01 -1.773917804552913313e-01 -1.491824500146983201e-01 -1.200739915361277443e-01 -9.078094031079719795e-02 -6.199719550153036385e-02 -3.436697219049597574e-02 -8.459155418889008002e-03 1.525334741558594283e-02 3.640804117039529719e-02 5.476022919465655531e-02 7.018308686311126865e-02 8.266088037500532448e-02 9.227642864685842161e-02 9.919430121512992637e-02 1.036414059110608160e-01 1.058866146595900115e-01 1.062209322759634644e-01 1.049394349662711029e-01 1.023258181961295560e-01 9.863995520258349303e-02 9.410843614028238657e-02 8.891766046266581791e-02 8.320867113432393880e-02 7.707245774406699945e-02 7.054367869902314347e-02 6.358901479345333008e-02 5.608164885357164869e-02 4.773795391739640848e-02 3.792691012349933000e-02 2.481040738924990274e-02 4.929629901168160883e-02 7.372067524124432947e-02 8.915093723599644415e-02 9.835232996532927707e-02 1.016792627945209276e-01 9.900655729192034404e-02 9.043423087951912853e-02 7.674729891734256848e-02 5.964715947501372101e-02 4.162041649748800254e-02 2.537477005079242370e-02 1.299683473951005613e-02 5.249684995585189064e-03 1.471945285620156977e-03 1.845526524359297630e-04 -2.987820138776953931e-05 4.305524875858282635e-06 2.194014537358132672e-05 1.300867193873427266e-05 3.777117408444905595e-06 4.262747532609536468e-07 -9.381679112775646584e-08 -4.643212918885866789e-08 -6.942036165079180132e-09 2.169313893937195293e-10 2.491849768737248661e-10 3.616731846279746407e-11 3.920024860362528817e-13 -5.151572280592857039e-13 -6.163985511315132794e-14 -7.862981675176692141e-16 4.233517153551649535e-16 3.540419391162574452e-17 -1.910905115730669397e-20 -1.584100416741463077e-19 -7.909839952439078045e-21 1.508697577456829048e-22 2.580192199863795646e-23 -3.706466295123752094e-23 -5.890461656840941833e-22 -8.879057886572467599e-21 -1.270455812757431931e-19 -1.700198646964655461e-18 -2.096999052356930662e-17 -2.345688527363253653e-16 -2.344515739744050589e-15 -2.071458031034575279e-14 -1.593892367641703431e-13 -1.045877899596857476e-12 -5.829077314048661539e-12 -2.793710296268160196e-11 -1.127824678555712926e-10 -3.644681770775487095e-10 -9.222049794556523278e-10 -1.874237260309831384e-09 -3.236492304069595197e-09 -5.083044752797855828e-09 -7.725878395819462383e-09 -1.150021623012749767e-08 -1.293981385748192122e-08
-1.764386837305324037e-04 -1.416744149245303128e-03 -4.354893765663817376e-03 -9.409825504919703404e-03 -1.689773273063004469e-02 -2.705264547563901445e-02 -4.002686513774236787e-02 -5.588261914456588847e-02 -7.457963680332628520e-02 -9.596209896687044050e-02 -1.197483489754016944e-01 2.893191032550580299e+00 -1.727605457133513933e-01 -2.008035385317752941e-01 -2.289260886716247834e-01 -2.563489940126356115e-01 -2.822805244456355056e-01 -3.059514335055625867e-01 -3.266439390972440404e-01 -3.437133152156531812e-01 -3.566034434736807257e-01 -3.648590211210217538e-01 -3.681366856504775797e-01 -3.662159395151908248e-01 -3.590095929708812528e-01 -3.465727898887650538e-01 -3.291091068472497549e-01 -3.069716520212890654e-01 -2.806572036797640446e-01 -2.507925466132203129e-01 -2.181134846694285645e-01 -1.834375856117585746e-01 -1.476317373751557527e-01 -1.115759885293899772e-01 -7.612604509108233941e-02 -4.207735249228248403e-02 -1.013338879727246518e-02 1.911991088342760228e-02 4.523217824933189329e-02 6.789802508545510207e-02 8.695741965203944435e-02 1.023875322974388685e-01 1.142874188344736031e-01 1.228574143485261921e-01 1.283752784612901543e-01 1.311711054798268827e-01 1.316028456614456443e-01 1.300339615444439378e-01 1.268142757681373911e-01 1.222645225778563605e-01 1.166645751975255163e-01 1.102448254612357070e-01 1.031797154041525638e-01 9.558184820273589455e-02 8.749414135664143610e-02 7.887532748013310890e-02 6.956825381091694127e-02 5.922130999978872379e-02 4.705197683204729447e-02 3.078028468733033998e-02 6.116016118011631530e-02 9.147262418916152216e-02 1.106394006301624072e-01 1.220922828648068059e-01 1.262692546563891349e-01 1.230095880105240985e-01 1.124279468606155519e-01 9.548611520602277858e-02 7.428339916318520142e-02 5.189863168582574404e-02 3.169447284103206475e-02 1.627292991837574546e-02 6.598622276775291222e-03 1.865140204404528617e-03 2.417627331291939837e-04 -3.472444991117471690e-05 5.190877775829983114e-06 2.700610036235852186e-05 1.610127446878646801e-05 4.697174006109532841e-06 5.364356885671574125e-07 -1.145765026792151014e-07 -5.745886045861625528e-08 -8.646824551459994389e-09 2.577865968389290284e-10 3.081284592489316517e-10 4.497486217103403784e-11 5.196186218725346881e-13 -6.368312408372028594e-13 -7.666278602574594784e-14 -1.017882366171964551e-15 5.232475031705523080e-16 4.406693820138851082e-17 -2.860606819908469729e-21 -1.959337878173820887e-19 -9.863546932059004257e-21 1.824477775783866745e-22 3.253639993090625754e-23 -3.602907001602735894e-23 -5.750879152154673187e-22 -8.668193381205650447e-21 -1.240247470518471343e-19 -1.659721668443974202e-18 -2.047012210159630074e-17 -2.289701974141025286e-16 -2.288486984708981706e-15 -2.021895448623941654e-14 -1.555710464732800798e-13 -1.020793880747487934e-12 -5.689132872867322047e-12 -2.726582833143883992e-11 -1.100700313275867348e-10 -3.556936945332552312e-10 -8.999832554969631345e-10 -1.829049326631846608e-09 -3.158448554477035180e-09 -4.960514420083622282e-09 -7.539888243157892810e-09 -1.122463512143441597e-08 -1.262383450756185150e-08
-2.087156144998147988e-04 -1.675921012523006424e-03 -5.151626227817101417e-03 -1.113171782123242859e-02 -1.999122404592040131e-02 -3.200934486286375474e-02 -4.737084065315264048e-02 -6.615706438557208968e-02 -8.833191415227283072e-02 -1.137264006065513283e-01 -1.420254301618187054e-01 -1.727605457133513933e-01 3.960899024499162646e+00 -2.389239079014021661e-01 -2.727299049359961924e-01 -3.057930423396034714e-01 -3.371497825073540566e-01 -3.658552200045984693e-01 -3.910225674493114090e-01 -4.118537515696679696e-01 -4.276612673654958119e-01 -4.378839741890389603e-01 -4.420999726853691580e-01 -4.400384799890473264e-01 -4.315910405296917163e-01 -4.168212635086543383e-01 -3.959714198318931011e-01 -3.694635252962953365e-01 -3.378925392435306874e-01 -3.020104266816265315e-01 -2.627013573465798446e-01 -2.209491932512704648e-01 -1.777986296983663228e-01 -1.343118064148366431e-01 -9.152316381305772297e-02 -5.039598681374556771e-02 -1.178384070863873478e-02 2.360066600612239010e-02 5.520800384221252743e-02 8.266345318259774033e-02 1.057679361016776315e-01 1.244885229395538417e-01 1.389402100202845880e-01 1.493612010146197766e-01 1.560841644556024976e-01 1.595059211292968737e-01 1.600578087217846279e-01 1.581785761239521693e-01 1.542910960118500374e-01 1.487835302673161109e-01 1.419949306551651080e-01 1.342046536951587710e-01 1.256243853722230075e-01 1.163908706735623660e-01 1.065562649658328281e-01 9.607039336806871832e-02 8.474207046287489387e-02 7.214333653304008664e-02 5.732137659884862374e-02 3.749919224704534315e-02 7.451395833338830821e-02 1.114603451573460274e-01 1.348475504283737636e-01 1.488583140440532249e-01 1.540236179005442241e-01 1.501392973348055215e-01 1.373305442187815195e-01 1.167503455625523434e-01 9.093838996589229118e-02 6.363605522655085833e-02 3.894522960217350338e-02 2.005639681056715570e-02 8.172539982565809463e-03 2.333154679116565978e-03 3.145856340418395230e-04 -3.859957348164754691e-05 6.106640220850304934e-06 3.257162427151365057e-05 1.955724130120229214e-05 5.739724279628250219e-06 6.653019413030952372e-07 -1.367633490173299638e-07 -6.977244744539074668e-08 -1.058732617970393306e-08 2.964494577937554698e-10 3.738034456038099321e-10 5.495396770761307413e-11 6.847349531831051801e-13 -7.722794452328197978e-13 -9.369231987943987871e-14 -1.305941429323630872e-15 6.343845416774282446e-16 5.390836986080172275e-17 2.893928140425439255e-20 -2.377741491139350253e-19 -1.209470018737548470e-20 2.149042412877227562e-22 4.023698374908387704e-23 -3.190818707359949773e-23 -5.132010495320267463e-22 -7.734813771789178949e-21 -1.106662663923968430e-19 -1.480905805010242475e-18 -1.826406929735201190e-17 -2.042869927435132377e-16 -2.041714921088975247e-15 -1.803810508519360624e-14 -1.387862474297900840e-13 -9.106282619890951409e-13 -5.075009139626128125e-12 -2.432200884922095522e-11 -9.818352093963307039e-11 -3.172727835616568678e-10 -8.027488498066225327e-10 -1.631411532890889582e-09 -2.817153613343124984e-09 -4.424551010295692811e-09 -6.725576137971135257e-09 -1.001417650252410811e-08 -1.125427064842928540e-08
