5.803288751365675332e-05 -1.462644894728116501e-06 -4.495636284100903337e-06 -9.711775621229746145e-06 -1.743144474013371068e-05 -2.788181988782280468e-05 -4.119189946361155580e-05 -5.737806101157124803e-05 -7.632655768692927091e-05 -9.777851636230691450e-05 -1.213228840429993020e-04 -1.464018033087276661e-04 -1.723304289420081047e-04 -1.983296042802750879e-04 -2.235662340795906925e-04 -2.471944020607311221e-04 -2.683912469790282517e-04 -2.863847929049007416e-04 -3.004741769183090060e-04 -3.100442610098031685e-04 -3.145764795422577417e-04 -3.136575463080344098e-04 -3.069879966586610848e-04 -2.943920507499391188e-04 -2.758277543411979862e-04 -2.513936394324823697e-04 -2.213286116003394029e-04 -1.860053389279074871e-04 -1.459197519158563167e-04 -1.016776190971248117e-04 -5.397661352719894737e-05 -3.583274249638620635e-06 4.869229375828211797e-05 1.020201730868051042e-04 1.555717693426184663e-04 2.085396245046995981e-04 2.601562426560256923e-04 3.097101179179831453e-04 3.565571788237833855e-04 4.001278230106247247e-04 4.399309286311425750e-04 4.755556095723232918e-04 5.066704081998368598e-04 5.330195039808437391e-04 5.544161834047115151e-04 5.707342972071492325e-04 5.818982993317201816e-04 5.878720267573152476e-04 5.886460412726712225e-04 5.842231664597966100e-04 5.746015945810881370e-04 5.597543340002047530e-04 5.396025101752864855e-04 5.139775130663733378e-04 4.825616031804493304e-04 4.447838021706667245e-04 3.996131610319563756e-04 3.450787271970309636e-04 2.768666817008292647e-04 1.820367292243791810e-04 3.651868663714274901e-04 5.625293061179632067e-04 7.167221560758409854e-04 8.552819265876948629e-04 9.871543967649302250e-04 1.115325605125824142e-03 1.239605134790778976e-03 1.357586321161432553e-03 1.465138274825780349e-03 1.556825059466359316e-03 1.626394887177748123e-03 1.667410072839074862e-03 1.674052219789403566e-03 1.642026144815810374e-03 1.569502409025929843e-03 1.457890309142036286e-03 1.312274425329398647e-03 1.141278826517116160e-03 9.562725296023512128e-04 7.699266504476477702e-04 5.943782465634027314e-04 4.394130648073460020e-04 3.111288811866342739e-04 2.114529786677856675e-04 1.386064303370852151e-04 8.829021544994106044e-05 5.515257145128293713e-05 3.405933289420771053e-05 2.086480690120010820e-05 1.263724398554007212e-05 7.497862127074923637e-06 4.305925821891983397e-06 2.365828750617540138e-06 1.231386496468469053e-06 6.020210637433317407e-07 2.739908065650626597e-07 1.145574058569709050e-07 4.287092130607197911e-08 1.344086818603564482e-08 2.717996831033049804e-09 -4.909923976662338931e-10 -1.047538031947135181e-09 -8.547734176366703065e-10 -5.599856182149692359e-10 -3.332186845670346399e-10 -1.891094433435036308e-10 -1.051436738015826609e-10 -5.824982947114217674e-11 -3.247726482812386137e-11 -1.828369418716741444e-11 -1.035549225938136635e-11 -5.839160785619298230e-12 -3.220268799072700729e-12 -1.688774972112138732e-12 -8.008853205756622894e-13 -3.050685330588584514e-13 -5.338671485780152198e-14 4.468690886423423421e-14 4.840804054346692525e-14 5.812186230568627676e-15
-1.462644894728116501e-06 1.602590256453562470e-03 -3.609794212713593231e-05 -7.798120720836859785e-05 -1.399667181585815612e-04 -2.238786425693205608e-04 -3.307528650139701415e-04 -4.607210303185948932e-04 -6.128700040421159855e-04 -7.851214034866047572e-04 -9.741749269203661601e-04 -1.175551459314509327e-03 -1.383752122710160204e-03 -1.592520595163550434e-03 -1.795167265081217033e-03 -1.984899414121482370e-03 -2.155109352355782677e-03 -2.299597958160582573e-03 -2.412737151832614925e-03 -2.489587248550164094e-03 -2.525984071647933895e-03 -2.518608880638902817e-03 -2.465056968150053374e-03 -2.363916839639873448e-03 -2.214851600501672579e-03 -2.018652410367785012e-03 -1.777237586008502878e-03 -1.493599542290158276e-03 -1.171720486496319368e-03 -8.164646071350160168e-04 -4.334340633211736194e-04 -2.878400913005063893e-05 3.909805375718329958e-04 8.191954351118264444e-04 1.249207157356370564e-03 1.674531906612344162e-03 2.089006772454357445e-03 2.486918419671623262e-03 2.863094986140131415e-03 3.212962583602588327e-03 3.532577517461690103e-03 3.818640378639290810e-03 4.068489555820313172e-03 4.280070791258429840e-03 4.451884750952404129e-03 4.582918433085929159e-03 4.672565183745635078e-03 4.720534598118574822e-03 4.726750873536402983e-03 4.691236671352623337e-03 4.613977467001204209e-03 4.494756515544862802e-03 4.332940461995049390e-03 4.127175389434307139e-03 3.874909892268252071e-03 3.571559089986119876e-03 3.208844595638867848e-03 2.770939910150622878e-03 2.223205605242058094e-03 1.461732703625654144e-03 2.932405997139771268e-03 4.517042020700233820e-03 5.755192535273298028e-03 6.867811844556740222e-03 7.926733500044620337e-03 8.955935001627795058e-03 9.953887214687645937e-03 1.090126473186417942e-02 1.176489679678360128e-02 1.250113321797000250e-02 1.305977258066816533e-02 1.338912079673778774e-02 1.344245661167286360e-02 1.318529027382500662e-02 1.260293178320604640e-02 1.170669794847459429e-02 1.053741770963326566e-02 9.164341767755766407e-03 7.678762170009041134e-03 6.182426442693413592e-03 4.772793548757149965e-03 3.528441504515363730e-03 2.498334421570898474e-03 1.697948034068213650e-03 1.112997814169040464e-03 7.089633526077267168e-04 4.428708616509341900e-04 2.734937603965068606e-04 1.675426749223452689e-04 1.014759590116531032e-04 6.020713887424546519e-05 3.457617189768384046e-05 1.899737458229101841e-05 9.887913544025004223e-06 4.834171038796335056e-06 2.200120280644682064e-06 9.198855293304746635e-07 3.442498455089613415e-07 1.079291933814702463e-07 2.182543802483278508e-08 -3.942523269030805749e-09 -8.411581405533464467e-09 -6.863726453554483540e-09 -4.496621508271639646e-09 -2.675710547942725123e-09 -1.518529570346012002e-09 -8.442934095435854973e-10 -4.677406351290976808e-10 -2.607894766613989027e-10 -1.468164523377103505e-10 -8.315372002279193469e-11 -4.688798202413688213e-11 -2.585850768430299068e-11 -1.356074264415752978e-11 -6.431062348929194509e-12 -2.449693056387072252e-12 -4.287065190895750168e-13 3.588194383055643679e-13 3.887031108746643418e-13 4.666580203137358822e-14
-4.495636284100903337e-06 -3.609794212713593231e-05 9.619815178829765542e-03 -2.396858942072293739e-04 -4.302072214594168274e-04 -6.881233714780174123e-04 -1.016619531532226076e-03 -1.416102390137660922e-03 -1.883768242741399538e-03 -2.413232530715025276e-03 -2.994355118100249825e-03 -3.613371899385643422e-03 -4.253382618263129925e-03 -4.895156290755731457e-03 -5.518127272999881656e-03 -6.101410639204034141e-03 -6.624688920114886297e-03 -7.068900402111383610e-03 -7.416739352378047198e-03 -7.653017068658639344e-03 -7.764929757476541836e-03 -7.742273619233752853e-03 -7.577655768715965863e-03 -7.266737330273308378e-03 -6.808483019694738618e-03 -6.205325064116795457e-03 -5.463160602646195858e-03 -4.591188986612117912e-03 -3.601652674024628537e-03 -2.509505450069240105e-03 -1.331969496081969245e-03 -8.796699911558637059e-05 1.202503932939645408e-03 2.518955654008578002e-03 3.840933131645315243e-03 5.148503278383008940e-03 6.422719482385238869e-03 7.646017005487500823e-03 8.802495536155840669e-03 9.878093109934885097e-03 1.086068529695587495e-02 1.174012846578001770e-02 1.250823971639481759e-02 1.315870325304600678e-02 1.368690926689067680e-02 1.408974314357749717e-02 1.436533958920633604e-02 1.451280560905577471e-02 1.453190797287620510e-02 1.442271614919542894e-02 1.418518527348225193e-02 1.381864878487575228e-02 1.332115932087241106e-02 1.268855425506962113e-02 1.191298943665060166e-02 1.098036903880624318e-02 9.865241970218463149e-03 8.518951309792324039e-03 6.835001859495240008e-03 4.493936799533554405e-03 9.015360314890199026e-03 1.388714889772934419e-02 1.769370452523658793e-02 2.111432723498359032e-02 2.436986228759592185e-02 2.753402725814523000e-02 3.060212261994872326e-02 3.351473650002924354e-02 3.616989154776931864e-02 3.843339184663317060e-02 4.015089965916020937e-02 4.116348799750718657e-02 4.132751560683093489e-02 4.053694494932975900e-02 3.874660765540077073e-02 3.599128991859662507e-02 3.239650818981747865e-02 2.817516016373261198e-02 2.360790899227699358e-02 1.900756574462095921e-02 1.467376100658085263e-02 1.084808088342837165e-02 7.681068496065476120e-03 5.220310261577801661e-03 3.421895620400894605e-03 2.179698019141233182e-03 1.361599163870480349e-03 8.408505643072444616e-04 5.151051321520771185e-04 3.119842616446846101e-04 1.851044512954553060e-04 1.063029935434303208e-04 5.840664406180702295e-05 3.040001128651952678e-05 1.486249809076450490e-05 6.764212485572327291e-06 2.828173317169315495e-06 1.058395857150265346e-06 3.318313223735375646e-07 6.710507372118730795e-08 -1.211946836785832362e-08 -2.586037155926336053e-08 -2.110198615225582809e-08 -1.382459608113062884e-08 -8.226345638398059533e-09 -4.668660788635314829e-09 -2.595753524758276879e-09 -1.438056539075213304e-09 -8.017917653517433388e-10 -4.513846893101019550e-10 -2.556550131768077970e-10 -1.441566784137149307e-10 -7.950190044977291327e-11 -4.169259486521555816e-11 -1.977247465986432784e-11 -7.531782966507199067e-12 -1.318254340497135309e-12 1.103022042752033902e-12 1.194942767118957693e-12 1.434044768939875657e-13
-9.711775621229746145e-06 -7.798120720836859785e-05 -2.396858942072293739e-04 3.292836616459703103e-02 -9.293666622544443636e-04 -1.486544301991258622e-03 -2.196208296844212246e-03 -3.059250415735067369e-03 -4.069632776647303003e-03 -5.213586424209501816e-03 -6.469230504583743137e-03 -7.806850996912790761e-03 -9.189947914084936609e-03 -1.057696980736301702e-02 -1.192346377889811140e-02 -1.318427212444097003e-02 -1.431545488281378738e-02 -1.527578439333094479e-02 -1.602783122008982417e-02 -1.653874634690992093e-02 -1.678084066783887968e-02 -1.673205059027407446e-02 -1.637639417550811397e-02 -1.570449457607842741e-02 -1.471411562299576418e-02 -1.341051357449746413e-02 -1.180643250994735903e-02 -9.921755293034626930e-03 -7.782943995247054540e-03 -5.422320653732624895e-03 -2.877108611197527668e-03 -1.882056567239264789e-04 2.601162469188292997e-03 5.446709532123903200e-03 8.304219503206367037e-03 1.113060537423236039e-02 1.388491219542469998e-02 1.652917036435711667e-02 1.902900661025623205e-02 2.135402134201768581e-02 2.347800391689985194e-02 2.537902581612313038e-02 2.703939652773208746e-02 2.844546097679385641e-02 2.958725169308939681e-02 3.045803366728052491e-02 3.105377301616669278e-02 3.137253799077147076e-02 3.141382315184206020e-02 3.117777740504148326e-02 3.066430253949333981e-02 2.987195654234243297e-02 2.879652886435675116e-02 2.742902039326198041e-02 2.575247379838015160e-02 2.373641756610223724e-02 2.132583347400820659e-02 1.841553903583127011e-02 1.477532203298292761e-02 9.714608142568699478e-03 1.948863595657615924e-02 3.002005786498815332e-02 3.824875817918330784e-02 4.564319395912691535e-02 5.268077556824635188e-02 5.952086618501194193e-02 6.615331279862668445e-02 7.244968969556805916e-02 7.818955795154641786e-02 8.308282553718929209e-02 8.679585425896327311e-02 8.898508542999085391e-02 8.933999009469925645e-02 8.763132835519406305e-02 8.376142927033200514e-02 7.780546327012809182e-02 7.003472783514975986e-02 6.090942473839944249e-02 5.103625315387704670e-02 4.109142375840673517e-02 3.172267399702952823e-02 2.345227823406620046e-02 1.660571041732483016e-02 1.128588091669947488e-02 7.397899420946995458e-03 4.712367905537233163e-03 2.943686801297449012e-03 1.817853387060451098e-03 1.113608171879602220e-03 6.744743150943311545e-04 4.001717176705667472e-04 2.298121462416205670e-04 1.262667547400818878e-04 6.572053375577884774e-05 3.213075448112421597e-05 1.462343446447054471e-05 6.114244922174251568e-06 2.288192187732269826e-06 7.174252562546343390e-07 1.450997139560372600e-07 -2.618694661480950521e-08 -5.590036943813902122e-08 -4.561702764640067626e-08 -2.988593796064423587e-08 -1.778395772692956336e-08 -1.009297566972184477e-08 -5.611706440673250690e-09 -3.108933599183388942e-09 -1.733407151456677296e-09 -9.758632119201856499e-10 -5.527126576490821894e-10 -3.116614669108966601e-10 -1.718819037731211011e-10 -9.014020408843567566e-11 -4.274984139041680234e-11 -1.628578968623113164e-11 -2.852093535326706371e-12 2.382990887213089733e-12 2.582170189893154479e-12 3.093160251984622740e-13
-1.743144474013371068e-05 -1.399667181585815612e-04 -4.302072214594168274e-04 -9.293666622544443636e-04 8.398645332883493408e-02 -2.668219285688284547e-03 -3.942075307204326827e-03 -5.491335786551115872e-03 -7.305237632328639985e-03 -9.359159277670635324e-03 -1.161392392192517678e-02 -1.401627793563998796e-02 -1.650074442879176026e-02 -1.899271504614872055e-02 -2.141230185776753572e-02 -2.367829223620444498e-02 -2.571162681637876798e-02 -2.743811218950342745e-02 -2.879039114825877183e-02 -2.970935573615065758e-02 -3.014519067959666593e-02 -3.005821280321281305e-02 -2.941969155792313606e-02 -2.821278178626367150e-02 -2.643347110041173800e-02 -2.409120198984827238e-02 -2.120886737186557583e-02 -1.782219350653653847e-02 -1.397873625499525436e-02 -9.736580427604779597e-03 -5.162612071288524146e-03 -3.303202784061856872e-04 4.682613103933106445e-03 9.796591207839029300e-03 1.493214214998100052e-02 2.001182622968421948e-02 2.496203450465078744e-02 2.971451700654475711e-02 3.420748171875467175e-02 3.838627821489640213e-02 4.220378792229225601e-02 4.562059027413986612e-02 4.860488056327348649e-02 5.113210514514366506e-02 5.318433796853012929e-02 5.474946448924705028e-02 5.582022725958805248e-02 5.639314864126419857e-02 5.646731516503103454e-02 5.604298955043773844e-02 5.511999046392370566e-02 5.369572153718141228e-02 5.176261060688558402e-02 4.930447870911587593e-02 4.629084245068020020e-02 4.266692687575112525e-02 3.833383406083250983e-02 3.310249470655759335e-02 2.655909512363934313e-02 1.746230699031215208e-02 3.503142696685723756e-02 5.396200251623474442e-02 6.875339173080897981e-02 8.204520734858697373e-02 9.469563182696623393e-02 1.069911516582683353e-01 1.189135399318036468e-01 1.302319702785472988e-01 1.405502246517279785e-01 1.493468594089671919e-01 1.560221351250257737e-01 1.599584808627536603e-01 1.605976451068241440e-01 1.575274982626717335e-01 1.505723606087884525e-01 1.398672495123520487e-01 1.258997040116209831e-01 1.094968666543328362e-01 9.174924336682385717e-02 7.387235367756288251e-02 5.703060877159515235e-02 4.216294305544316529e-02 2.985456762985541287e-02 2.029062531094240340e-02 1.330066568240571498e-02 8.472401123052206509e-03 5.292464211368558269e-03 3.268292196841756769e-03 2.002110025193622016e-03 1.212590144675564866e-03 7.194313595575289096e-04 4.131545590854992459e-04 2.270009457940383175e-04 1.181520214785031290e-04 5.776497164915468771e-05 2.629049774645430038e-05 1.099261382201313151e-05 4.114002945000436972e-06 1.289960059374610903e-06 2.609528745901305678e-07 -4.703333475133191136e-08 -1.004769464898422864e-07 -8.200159529940773244e-08 -5.372565725205050950e-08 -3.197096717901312258e-08 -1.814496498014120017e-08 -1.008880707912721552e-08 -5.589374600436336038e-09 -3.116437406925699176e-09 -1.754495256292967822e-09 -9.937287789715725318e-10 -5.603473283277071850e-10 -3.090380883269116344e-10 -1.620738064537624641e-10 -7.686941868996589112e-11 -2.928836138960100908e-11 -5.134564022792923582e-12 4.278972912171494547e-12 4.638523384941211132e-12 5.537904912635859437e-13
-2.788181988782280468e-05 -2.238786425693205608e-04 -6.881233714780174123e-04 -1.486544301991258622e-03 -2.668219285688284547e-03 1.786630792921175825e-01 -6.305845572941079155e-03 -8.784514692561216920e-03 -1.168702323841386802e-02 -1.497426077074017099e-02 -1.858384990921116767e-02 -2.243084719880304029e-02 -2.641063103134665135e-02 -3.040378316002833453e-02 -3.428222764652982119e-02 -3.791559127068974688e-02 -4.117684606871700737e-02 -4.394673770793076917e-02 -4.611700097049227509e-02 -4.759264874426355485e-02 -4.829365176545184074e-02 -4.815629187232082359e-02 -4.713447901106384424e-02 -4.520122328076595086e-02 -4.235010986585171361e-02 -3.859626712471044691e-02 -3.397636989146306241e-02 -2.854767907271682156e-02 -2.238643801629077584e-02 -1.558576445940632570e-02 -8.252866782386923672e-03 -5.055387204644394474e-04 7.531677631674392991e-03 1.573114330081420639e-02 2.396541581173619942e-02 3.211031944954551021e-02 4.004781750684820868e-02 4.766844748533000109e-02 5.487308580907764716e-02 6.157405960328201505e-02 6.769578217423798117e-02 7.317501579352518604e-02 7.796073189359431499e-02 8.201352408171178054e-02 8.530461322008082992e-02 8.781454436420978171e-02 8.953165793866846300e-02 9.045036022692819200e-02 9.056917124427259214e-02 8.988849753822168720e-02 8.840803391457867366e-02 8.612360312594036227e-02 8.302304930766997437e-02 7.908041428908592352e-02 7.424679882978306444e-02 6.843434371171051855e-02 6.148442144141045423e-02 5.309377804948266222e-02 4.259868851074698898e-02 2.800816091986206569e-02 5.618765374572477767e-02 8.655086023697669551e-02 1.102752143447395389e-01 1.315944935145457462e-01 1.518852220120447405e-01 1.716069804364235840e-01 1.907306058584015418e-01 2.088859410475970568e-01 2.254375672082393756e-01 2.395491497972616624e-01 2.502587142841949386e-01 2.565756854002865239e-01 2.576044779542677188e-01 2.526838769538177765e-01 2.415317691554384749e-01 2.243643981808592369e-01 2.019633585189201386e-01 1.756550641862569262e-01 1.471884337935444043e-01 1.185130909808383703e-01 9.149690482002288683e-02 6.764624082421960560e-02 4.790021614886316031e-02 3.255626094236865886e-02 2.134134188313191113e-02 1.359437169697490580e-02 8.491971041472963153e-03 5.244005646946368372e-03 3.212312816856209997e-03 1.945498147880978012e-03 1.154238425156486761e-03 6.628456384645840587e-04 3.641882695885684186e-04 1.895581015238952918e-04 9.267716241598602243e-05 4.218112272440527891e-05 1.763749836101699529e-05 6.601265382389223293e-06 2.070098364359447202e-06 4.189459701597631410e-07 -7.532093581901246778e-08 -1.611396294837226787e-07 -1.315347941149465930e-07 -8.618606198030925159e-08 -5.129023896668881943e-08 -2.911072919305445700e-08 -1.618645388119789111e-08 -8.967842699779778831e-09 -5.000280784764926547e-09 -2.815128162193438191e-09 -1.594495772089228065e-09 -8.991316935894530301e-10 -4.958976546591505204e-10 -2.600852810735726361e-10 -1.233679284023791161e-10 -4.701838485761972225e-11 -8.258702800308475300e-12 6.849760522969986480e-12 7.430970874428409605e-12 8.817089379029685063e-13
-4.119189946361155580e-05 -3.307528650139701415e-04 -1.016619531532226076e-03 -2.196208296844212246e-03 -3.942075307204326827e-03 -6.305845572941079155e-03 3.359898041890739817e-01 -1.298057057516760482e-02 -1.727144943231898738e-02 -2.213269439999574970e-02 -2.747285072860392030e-02 -3.316700789719451148e-02 -3.906087945476124229e-02 -4.497785743455386814e-02 -5.072802299085250183e-02 -5.611762089917687185e-02 -6.095758481151931224e-02 -6.507029794348395679e-02 -6.829450566312497695e-02 -7.048877511296218479e-02 -7.153400709879893793e-02 -7.133545968809121285e-02 -6.982470176659349992e-02 -6.696173930000810792e-02 -6.273709926576870322e-02 -5.717319560510526061e-02 -5.032435586002097228e-02 -4.227546236897215814e-02 -3.313958764629369030e-02 -2.305481704920169309e-02 -1.218008921316810454e-02 -6.900407482027446065e-04 1.123062174119016966e-02 2.339253593209165288e-02 3.560661988060974392e-02 4.768865454566264400e-02 5.946351838434035114e-02 7.076876537198947825e-02 8.145724879698448828e-02 9.139880632300073637e-02 1.004812252372410675e-01 1.086106243986696973e-01 1.157112286671392876e-01 1.217244935872719980e-01 1.266076404680174239e-01 1.303317359739249448e-01 1.328794277691463244e-01 1.342423740588452041e-01 1.344183410722663563e-01 1.334078953329581041e-01 1.312105484960776614e-01 1.278200692230875013e-01 1.232183900014943434e-01 1.173669642715715333e-01 1.101932026301929296e-01 1.015666975938158412e-01 9.125201465201787654e-02 7.879907521177673124e-02 6.322281076623674501e-02 4.156829357141259007e-02 8.339089962842292925e-02 1.284545773241545508e-01 1.636653926289134142e-01 1.953070199223786996e-01 2.254225928955255753e-01 2.546943929752217284e-01 2.830793178967655477e-01 3.100281744560063890e-01 3.345981094489368091e-01 3.555479294002052426e-01 3.714498266293703721e-01 3.808335328145003307e-01 3.823693946049379067e-01 3.750755880701492906e-01 3.585325876965875236e-01 3.330605471354441960e-01 2.998185344287268572e-01 2.607745018881456045e-01 2.185236932762407158e-01 1.759597055705550417e-01 1.358553394781495671e-01 1.004472306925160707e-01 7.113037104927587284e-02 4.834736992447184745e-02 3.169388813599345600e-02 2.018924508125098313e-02 1.261147734263680896e-02 7.787654220323641033e-03 4.770243313324003427e-03 2.888893247303972889e-03 1.713871742810375116e-03 9.842026821812014954e-04 5.407486035565796812e-04 2.814599665072310903e-04 1.376127476613331639e-04 6.263582185365582165e-05 2.619205774201824820e-05 9.804024952897959482e-06 3.075074227487200435e-06 6.227679127613148609e-07 -1.114961186427129956e-07 -2.391109613873666629e-07 -1.952433166634252465e-07 -1.279483360863700470e-07 -7.615038093891475918e-08 -4.322357881809838278e-08 -2.403502097078039732e-08 -1.331687832494077626e-08 -7.425534551845790984e-09 -4.180693300219850733e-09 -2.368042732497829008e-09 -1.335386883536593375e-09 -7.365452650812911802e-10 -3.863328230086492394e-10 -1.832841336118975659e-10 -6.988730051330200086e-11 -1.231516241181097590e-11 1.013267338968785134e-11 1.100655369269670151e-11 1.292307205555271457e-12
-5.737806101157124803e-05 -4.607210303185948932e-04 -1.416102390137660922e-03 -3.059250415735067369e-03 -5.491335786551115872e-03 -8.784514692561216920e-03 -1.298057057516760482e-02 5.779104347096705174e-01 -2.406934227311629745e-02 -3.085076908634834872e-02 -3.830492643459052632e-02 -4.625907296774351557e-02 -5.449892466487359088e-02 -6.277814320881387744e-02 -7.083074727501904866e-02 -7.838445297983329119e-02 -8.517293247831228542e-02 -9.094569292121192083e-02 -9.547528092432776281e-02 -9.856229168437818933e-02 -1.000389459317724133e-01 -9.977195612612797804e-02 -9.766525398439988848e-02 -9.366284985127491802e-02 -8.775154536393077465e-02 -7.996270509897543399e-02 -7.037232792345912702e-02 -5.909926542186063475e-02 -4.630193749080147719e-02 -3.217378769239088304e-02 -1.693739798630115173e-02 -8.373477896816599111e-04 1.586755206937614029e-02 3.291184162485505382e-02 5.003042538368591974e-02 6.696504951995815857e-02 8.347018960389632203e-02 9.931800184493545791e-02 1.143020127126325447e-01 1.282395494907129507e-01 1.409731373210262872e-01 1.523710210969442258e-01 1.623268158124997751e-01 1.707582714151441583e-01 1.776052403823527859e-01 1.828270099026640116e-01 1.863991347912752894e-01 1.883098253235952202e-01 1.885558659642657120e-01 1.871379712905412995e-01 1.840553801833147429e-01 1.792992837840408915e-01 1.728442812414661411e-01 1.646362565403376443e-01 1.545733508606099427e-01 1.424726102964619934e-01 1.280037620895430328e-01 1.105354482433042462e-01 8.868585953374129305e-02 5.830997105357357130e-02 1.169767448344310456e-01 1.801901828636071623e-01 2.295829090749074430e-01 2.739696059454055366e-01 3.162166384977824207e-01 3.572814990909313759e-01 3.971041225822252718e-01 4.349145121972578520e-01 4.693905048960790860e-01 4.987911339126646637e-01 5.211133509717253975e-01 5.342944804328810804e-01 5.364683566642503010e-01 5.262566571977803642e-01 5.030691239668936277e-01 4.673531333538321619e-01 4.207325659344308688e-01 3.659665570056276906e-01 3.066947005922645020e-01 2.469761339981782211e-01 1.907017042719300892e-01 1.410109463478047831e-01 9.986328947968092784e-02 6.788215326324717469e-02 4.450226371771661554e-02 2.834899351512616336e-02 1.770835100816995494e-02 1.093445776572799302e-02 6.697287737317285036e-03 4.055607037375160394e-03 2.405886005478539806e-03 1.381544244989782325e-03 7.590519281723920883e-04 3.950937424050989378e-04 1.931791180582552849e-04 8.793326083778831221e-05 3.677419990412495501e-05 1.376723867840656311e-05 4.319494197333065974e-06 8.757322159062930749e-07 -1.557692103947665517e-07 -3.353165096667833334e-07 -2.739337927075724760e-07 -1.795560420345897717e-07 -1.068806044824671962e-07 -6.067284289099247424e-08 -3.374092626639609087e-08 -1.869598693106243683e-08 -1.042564320168649614e-08 -5.870152713194826624e-09 -3.325181605207374080e-09 -1.875254259714399004e-09 -1.034400909471635888e-09 -5.426382092347914362e-10 -2.575087736925347443e-10 -9.826206843144973995e-11 -1.740089976796813052e-11 1.414118169870161674e-11 1.539147601931221835e-11 1.777481830147807140e-12
-7.632655768692927091e-05 -6.128700040421159855e-04 -1.883768242741399538e-03 -4.069632776647303003e-03 -7.305237632328639985e-03 -1.168702323841386802e-02 -1.727144943231898738e-02 -2.406934227311629745e-02 9.290431727869363776e-01 -4.107824262240652308e-02 -5.102321410220168885e-02 -6.164627434612165308e-02 -7.266366896171713718e-02 -8.374722652534341560e-02 -9.454056191603062154e-02 -1.046770330283835898e-01 -1.137967248951583243e-01 -1.215604605873063931e-01 -1.276601166773496387e-01 -1.318257147684480102e-01 -1.338303684139154903e-01 -1.334941787538790059e-01 -1.306878492392427038e-01 -1.253362954407878094e-01 -1.174219216853759767e-01 -1.069867423553198249e-01 -9.413251063830123389e-02 -7.901851671586056225e-02 -6.185723501045640310e-02 -4.290809121891282080e-02 -2.246948232213658025e-02 -8.693295968433457531e-04 2.154514645371220088e-02 4.441758636639982910e-02 6.739205286973672104e-02 9.012181277335272467e-02 1.122771687737450091e-01 1.335520073018484910e-01 1.536687716893096745e-01 1.723818358138868578e-01 1.894794530268987531e-01 2.047844394104837151e-01 2.181536542212375029e-01 2.294763302699218410e-01 2.386713796275461430e-01 2.456838511951623116e-01 2.504806908580005098e-01 2.530458784342288769e-01 2.533749285831668474e-01 2.514686439371939253e-01 2.473258542133690008e-01 2.409345916159393863e-01 2.322606140109616524e-01 2.212311151669759390e-01 2.077091544115128030e-01 1.914488364912843299e-01 1.720063202662960866e-01 1.485331916673379438e-01 1.191726220160668065e-01 7.835469287376693737e-02 1.571889716230616407e-01 2.421333656507285159e-01 3.085068051757521856e-01 3.681546101444586605e-01 4.249291828181212538e-01 4.801179855727179535e-01 5.336410996605983614e-01 5.844645982377969506e-01 6.308126040260357836e-01 6.703459216586583613e-01 7.003725966446475715e-01 7.181203229904947749e-01 7.210795465784960445e-01 7.073959790537904802e-01 6.762730541105111959e-01 6.283085183728009948e-01 5.656806138910280835e-01 4.920941530782486639e-01 4.124381635708320171e-01 3.321674379893463924e-01 2.565128601401795994e-01 1.896973191590888841e-01 1.343589160048713760e-01 9.134035671797964551e-02 5.988579460501883278e-02 3.815006650858798753e-02 2.383021121881940055e-02 1.471348767129414953e-02 9.010948402350869163e-03 5.456043480210207366e-03 3.236359312442942896e-03 1.858328481701458038e-03 1.020993752109835119e-03 5.314501850971223513e-04 2.598655904712883122e-04 1.182997483422408634e-04 4.948080567494296691e-05 1.852850940225735460e-05 5.815975525386068230e-06 1.180972530773601000e-06 -2.080780920572570533e-07 -4.503953038503513755e-07 -3.682108098454750513e-07 -2.414297284783002664e-07 -1.437404883707926551e-07 -8.160987515771897480e-08 -4.539018635702568879e-08 -2.515371149866048403e-08 -1.402810419611658562e-08 -7.899203105561325855e-09 -4.474919512417730830e-09 -2.523885149509971342e-09 -1.392358974145231903e-09 -7.305650195319348209e-10 -3.468266666509923899e-10 -1.324863756320027272e-10 -2.362900461125726314e-11 1.886048630830988514e-11 2.058848698420338267e-11 2.319373722119321879e-12
-9.777851636230691450e-05 -7.851214034866047572e-04 -2.413232530715025276e-03 -5.213586424209501816e-03 -9.359159277670635324e-03 -1.497426077074017099e-02 -2.213269439999574970e-02 -3.085076908634834872e-02 -4.107824262240652308e-02 1.416460164361114771e+00 -6.547914589475661851e-02 -7.915950127288463867e-02 -9.336977473031826680e-02 -1.076890823742494147e-01 -1.216568129315811764e-01 -1.347958530469010319e-01 -1.466353936321533602e-01 -1.567303584125538385e-01 -1.646759835232241009e-01 -1.701178002390759947e-01 -1.727584036657529576e-01 -1.723625853408183028e-01 -1.687618903805306880e-01 -1.618589051288021330e-01 -1.516309389316559675e-01 -1.381323608385159885e-01 -1.214947547941347822e-01 -1.019242951785930551e-01 -7.969619268069351448e-02 -5.514646566054767773e-02 -2.866150403780829206e-02 -6.660068848180103300e-04 2.839000689550545339e-02 5.804433797805407663e-02 8.783519070202752688e-02 1.173126822437332850e-01 1.460489187987004112e-01 1.736463689741845617e-01 1.997443463305449696e-01 2.240235365376339605e-01 2.462086310893229768e-01 2.660692013412853663e-01 2.834189665638421340e-01 2.981136170017834597e-01 3.100473653383377659e-01 3.191484038760578068e-01 3.253734213001220898e-01 3.287012765495075928e-01 3.291258380253215821e-01 3.266478615874000013e-01 3.212655632830645480e-01 3.129631651105393986e-01 3.016959928806992597e-01 2.873693173410363233e-01 2.698051366388860561e-01 2.486839527962609042e-01 2.234291718335838228e-01 1.929387004963575014e-01 1.548005776177261983e-01 1.017797062819444653e-01 2.041826069598962068e-01 3.145231809325685912e-01 4.007422224144117084e-01 4.782272223141418865e-01 5.519835367289704919e-01 6.236850065945725996e-01 6.932292966885221785e-01 7.592747873207063014e-01 8.195160387708358973e-01 8.709150112992393167e-01 9.099744307080093186e-01 9.330920286010376818e-01 9.370047561008404413e-01 9.192999412329155851e-01 8.789368550156537729e-01 8.166856434091259720e-01 7.353688839551737466e-01 6.397938129525690965e-01 5.363080170808204317e-01 4.319975757708062192e-01 3.336616917319772391e-01 2.467931736721644398e-01 1.748280290981173435e-01 1.188698838146386993e-01 7.794370356865289173e-02 4.965633587571022245e-02 3.101675325800532304e-02 1.914875248321238135e-02 1.172547011260597315e-02 7.098533337216750803e-03 4.210091387277032499e-03 2.417262825876567538e-03 1.328054782087107919e-03 6.913062559270055380e-04 3.380594706180772065e-04 1.539170057259030928e-04 6.439126495195389129e-05 2.411958068062084007e-05 7.575720294854651458e-06 1.541632908262436147e-06 -2.680425366431175451e-07 -5.847007043656416777e-07 -4.784882094739344753e-07 -3.138774426417197716e-07 -1.869274195490085090e-07 -1.061527889350525046e-07 -5.905128529980963311e-08 -3.272933443523520295e-08 -1.825547152838556639e-08 -1.028086818692191607e-08 -5.824809017011457707e-09 -3.285647515398291100e-09 -1.812908981539251292e-09 -9.514877376446315910e-10 -4.519549586473488137e-10 -1.729008655636866944e-10 -3.113893680070540610e-11 2.424224239423562760e-11 2.657354093395086931e-11 2.887667056171220407e-12
-1.213228840429993020e-04 -9.741749269203661601e-04 -2.994355118100249825e-03 -6.469230504583743137e-03 -1.161392392192517678e-02 -1.858384990921116767e-02 -2.747285072860392030e-02 -3.830492643459052632e-02 -5.102321410220168885e-02 -6.547914589475661851e-02 2.069476052999369209e+00 -9.851101894391281477e-02 -1.162944396597815483e-01 -1.342527710319695311e-01 -1.518088097395251523e-01 -1.683592740838303903e-01 -1.833045098074177481e-01 -1.960748820866108633e-01 -2.061512209408287999e-01 -2.130789582860169729e-01 -2.164774568045947367e-01 -2.160466473534104481e-01 -2.115724942782718498e-01 -2.029317706050037251e-01 -1.900958960765362360e-01 -1.731332687509345714e-01 -1.522093145096830857e-01 -1.275833661350613824e-01 -9.960178694511932773e-02 -6.868751247445817332e-02 -3.532685014424323533e-02 -5.448761305537510972e-05 3.656258273204932019e-02 7.394156042511303151e-02 1.114998732634931156e-01 1.486698216062983247e-01 1.849112287276183375e-01 2.197219028333255719e-01 2.526458604985645784e-01 2.832792060108363374e-01 3.112735831028584088e-01 3.363372894214308184e-01 3.582343129935292581e-01 3.767815853031390438e-01 3.918446837178887754e-01 4.033321579857356842e-01 4.111886333816484052e-01 4.153868135906288450e-01 4.159184179014794314e-01 4.127839116817022536e-01 4.059805980131416803e-01 3.954881514610240067e-01 3.812497916587251345e-01 3.631455450672860796e-01 3.409502644413467953e-01 3.142600468061804708e-01 2.823461452539600125e-01 2.438157844240770034e-01 1.956209534325294153e-01 1.286187004448943183e-01 2.580253196246307112e-01 3.974642211103130429e-01 5.064232096109096970e-01 6.043488939814568583e-01 6.975685962741184909e-01 7.882000382229670254e-01 8.761164752885475249e-01 9.596249534607912413e-01 1.035814256039457426e+00 1.100846105325142377e+00 1.150300247960253985e+00 1.179622319132994424e+00 1.184683592431114096e+00 1.162428121087810018e+00 1.111530750788494615e+00 1.032953806082629544e+00 9.302527092901134997e-01 8.094934021754888187e-01 6.786921626451321021e-01 5.468045306994252508e-01 4.224301444970839370e-01 3.125229064455127825e-01 2.214405315373354777e-01 1.505928783874508070e-01 9.875932261341241469e-02 6.292185202848420145e-02 3.930145841563518344e-02 2.426021036158338209e-02 1.485241809085081043e-02 8.989656307627158505e-03 5.330780895857912399e-03 3.060400864777307502e-03 1.681353290835152850e-03 8.752528520759775667e-04 4.280602632651608831e-04 1.949291301064994301e-04 8.157070369515910264e-05 3.056773476429869421e-05 9.609071459139851865e-06 1.961063312282357648e-06 -3.349098029692081812e-07 -7.382945069355488060e-07 -6.049961498238388932e-07 -3.971028559109756853e-07 -2.365827667863963399e-07 -1.343905426035141332e-07 -7.477771655044663563e-08 -4.145441571748215486e-08 -2.312627690958941089e-08 -1.302604933805011575e-08 -7.381277386729764741e-09 -4.164322388430952989e-09 -2.298251829310455297e-09 -1.206659435654862465e-09 -5.735815750173131838e-10 -2.198643380449230811e-10 -4.010798973708123747e-11 3.019812288317052115e-11 3.329157031871444503e-11 3.436407310950069478e-12
-1.464018033087276661e-04 -1.175551459314509327e-03 -3.613371899385643422e-03 -7.806850996912790761e-03 -1.401627793563998796e-02 -2.243084719880304029e-02 -3.316700789719451148e-02 -4.625907296774351557e-02 -6.164627434612165308e-02 -7.915950127288463867e-02 -9.851101894391281477e-02 2.919427259029113486e+00 -1.409703643476994672e-01 -1.629217221777214120e-01 -1.844411822513414290e-01 -2.047851655745394628e-01 -2.232073404933456739e-01 -2.389936526522660476e-01 -2.514907406337791307e-01 -2.601261477350559348e-01 -2.644214598945422989e-01 -2.640009037641282696e-01 -2.585976151440527726e-01 -2.480585771978185416e-01 -2.323482759323095836e-01 -2.115507068797337631e-01 -1.858690170183538437e-01 -1.556216552277829845e-01 -1.212340441023912196e-01 -8.322578934101551584e-02 -4.219451484334856006e-02 1.202388599199702857e-03 4.626730177022594925e-02 9.228257555239312293e-02 1.385303462012058562e-01 1.843106732233718015e-01 2.289571427872454101e-01 2.718497491648462216e-01 3.124250967195542072e-01 3.501837916430680098e-01 3.846948297049887500e-01 4.155970334458896076e-01 4.425978839236588969e-01 4.654701619818547575e-01 4.840467001101079192e-01 4.982134364557233575e-01 5.079009349102744375e-01 5.130745210384677346e-01 5.137230896237724442e-01 5.098464216940429283e-01 5.014404805204668580e-01 4.884795487740884457e-01 4.708929774109778532e-01 4.485321584888522506e-01 4.211186686621821718e-01 3.881533789687173774e-01 3.487360091016704078e-01 3.011461812499545143e-01 2.416191363239939272e-01 1.588620772481617038e-01 3.186979671678569770e-01 4.909274726961919133e-01 6.255138474816075433e-01 7.464787479691966654e-01 8.616405952950396685e-01 9.736190713410102227e-01 1.082261883589283435e+00 1.185482020143196147e+00 1.279687004363095459e+00 1.360137541265653116e+00 1.421372990540036296e+00 1.457764211274534150e+00 1.464203631154455065e+00 1.436905027048329009e+00 1.374215892564881303e+00 1.277306970430295507e+00 1.150551541356883867e+00 1.001427223521126564e+00 8.398270333483756067e-01 6.768137321211297186e-01 5.230209892344304112e-01 3.870582663602820106e-01 2.743331384607164414e-01 1.866114238403112358e-01 1.224040729462371191e-01 7.799346307757271113e-02 4.871322311569756952e-02 3.006473328421946714e-02 1.840122636726825370e-02 1.113454489648044513e-02 6.601191572960742396e-03 3.789232601998224724e-03 2.081693804140595603e-03 1.083720623455544608e-03 5.300929633500323611e-04 2.414491532614757203e-04 1.010730514963068249e-04 3.789713708303961491e-05 1.192605607851025790e-05 2.443015458902484074e-06 -4.074970648600333213e-07 -9.109382099250786072e-07 -7.477862521613470288e-07 -4.912122393764206857e-07 -2.927974053694057173e-07 -1.663866701910584327e-07 -9.261033311942568693e-08 -5.135422728723784637e-08 -2.865589432808892579e-08 -1.614404504676228684e-08 -9.149938556592959006e-09 -5.163290806578651484e-09 -2.850410992301953429e-09 -1.497276986175910791e-09 -7.124026559898542406e-10 -2.737747218053414481e-10 -5.076290080679085089e-11 3.659311928700520652e-11 4.065203974705867456e-11 3.900727148360333803e-12
-1.723304289420081047e-04 -1.383752122710160204e-03 -4.253382618263129925e-03 -9.189947914084936609e-03 -1.650074442879176026e-02 -2.641063103134665135e-02 -3.906087945476124229e-02 -5.449892466487359088e-02 -7.266366896171713718e-02 -9.336977473031826680e-02 -1.162944396597815483e-01 -1.409703643476994672e-01 3.999422764264970009e+00 -1.930126180768871602e-01 -2.188080896110840279e-01 -2.432800960913100163e-01 -2.655193403026986365e-01 -2.846471173575274571e-01 -2.998541859068157289e-01 -3.104297619744213477e-01 -3.157805181204487721e-01 -3.154420738637822574e-01 -3.090860514690555449e-01 -2.965247465580979624e-01 -2.777141387880386336e-01 -2.527551097168407868e-01 -2.218921495843105829e-01 -1.855083213737575842e-01 -1.441152967585253852e-01 -9.833826593452969778e-02 -4.889674869350429248e-02 3.417244469821011793e-03 5.776264896354733891e-02 1.132735553528241568e-01 1.690830037245966144e-01 2.243448986352938324e-01 2.782529891955455303e-01 3.300565797903093901e-01 3.790729603164484374e-01 4.246964257817771871e-01 4.664036960259175246e-01 5.037557937760905880e-01 5.363967551203387973e-01 5.640496467594907637e-01 5.865102620699025326e-01 6.036387495558540595e-01 6.153493830288073729e-01 6.215986510931840181e-01 6.223717260158845299e-01 6.176671131461181075e-01 6.074788414830468719e-01 5.917748217732440308e-01 5.704686745729159458e-01 5.433797137348151951e-01 5.101701176582846831e-01 4.702348111396278396e-01 4.224828522799349839e-01 3.648298824068904600e-01 2.927149325491329446e-01 1.924571212540934773e-01 3.860949388430560680e-01 5.947508504220647696e-01 7.578089432511374568e-01 9.043744470697099302e-01 1.043924203317853072e+00 1.179638035051888245e+00 1.311338127322998481e+00 1.436502432689017672e+00 1.550783624594632037e+00 1.648442618609248900e+00 1.722862699721759538e+00 1.767218001650860293e+00 1.775308921975788934e+00 1.742530168817797875e+00 1.666855861811692430e+00 1.549676475269185616e+00 1.396262442582580032e+00 1.215649782457457695e+00 1.019811035708154234e+00 8.221505706301402983e-01 6.355689094726002519e-01 4.705276658291526193e-01 3.336167639215952829e-01 2.270130677292200583e-01 1.489413570050646674e-01 9.491339575412177654e-02 5.927797360002993315e-02 3.657706618374350488e-02 2.237974369103970865e-02 1.353718608541775413e-02 8.023316094867923368e-03 4.604772746159859625e-03 2.529614358819273247e-03 1.317004902055903155e-03 6.443208673132936508e-04 2.935653735662570557e-04 1.229440173879337516e-04 4.613015165219950636e-05 1.453692390953358831e-05 2.991841323097504891e-06 -4.841302657400660696e-07 -1.102081592374954947e-06 -9.067350797679159620e-07 -5.962205078081747424e-07 -3.556167548756480313e-07 -2.021827691177012239e-07 -1.125795808173249124e-07 -6.244913279166022762e-08 -3.485737982676821083e-08 -1.964305960955782886e-08 -1.113590087470062415e-08 -6.285719525479397008e-09 -3.471343839470016978e-09 -1.824546958314298736e-09 -8.691608745377959737e-10 -3.350909449853299510e-10 -6.339228117917088016e-11 4.323815518809634639e-11 4.852398182525542881e-11 4.193263781657582552e-12
