5.800421243794496386e-05 -1.692905401452105877e-06 -5.203616047937334189e-06 -1.124236075275771763e-05 -2.018318345474929599e-05 -3.229684549070087248e-05 -4.774812214606635735e-05 -6.658289142572224007e-05 -8.871184185492687294e-05 -1.138966011118800750e-04 -1.417438116400497399e-04 -1.717115584776983958e-04 -2.031300821898684788e-04 -2.352351943564855294e-04 -2.672094141796635706e-04 -2.982240159954762477e-04 -3.274757803158512455e-04 -3.542149246200111917e-04 -3.777640630886441690e-04 -3.975306029978209975e-04 -4.130158505129314338e-04 -4.238233822250641919e-04 -4.296677705990885050e-04 -4.303832279667843411e-04 -4.259307460373909721e-04 -4.164020024417828484e-04 -4.020185551307869053e-04 -3.831254337602781859e-04 -3.601789552940892281e-04 -3.337293049145444624e-04 -3.043989524666289997e-04 -2.728582229817066757e-04 -2.397998711215384147e-04 -2.059139235784706787e-04 -1.718644540479774725e-04 -1.382694089650558312e-04 -1.056842622943430783e-04 -7.459005187060857307e-05 -4.538595752795596588e-05 -1.838623993761878442e-05 6.178975197308863966e-06 2.815919672845082703e-05 4.747684529792498318e-05 6.411802540376868660e-05 7.812255641725644891e-05 8.957300886452202241e-05 9.858380793841163624e-05 1.052906929978697856e-04 1.098407684597144329e-04 1.123832834916365492e-04 1.130610675296365937e-04 1.120023822894306102e-04 1.093127064149006147e-04 1.050648663523382669e-04 9.928593030972278062e-05 9.193522576540625441e-05 8.286192528192553339e-05 7.170602509730537226e-05 5.760802667883915227e-05 3.790303354192480487e-05 7.608682621594429650e-05 1.174316934828739710e-04 1.499488231867333052e-04 1.789876054759176934e-04 2.057157594628428795e-04 2.297968405294772574e-04 2.500841056839278359e-04 2.650016614103653393e-04 2.728838535212766282e-04 2.723224518557527648e-04 2.625031202154975269e-04 2.434798357723736220e-04 2.163237003875426764e-04 1.830919868464376827e-04 1.465946329827265903e-04 1.099841965321914907e-04 7.624864005556669948e-05 4.772467685814162341e-05 2.575484267625231216e-05 1.057611053796255368e-05 1.459850346730436186e-06 -2.954352649951185927e-06 -4.245237668581793348e-06 -3.844110137216194145e-06 -2.809012195984558487e-06 -1.765647654661055374e-06 -9.790472230362343294e-07 -4.851175509895365515e-07 -2.168262181328371948e-07 -8.833213346566945784e-08 -3.329607708808685111e-08 -1.186801739081544446e-08 -4.108202217792362379e-09 -1.413129976811228430e-09 -4.865112562644725541e-10 -1.655307423639694194e-10 -5.430028397366082933e-11 -1.670608537849568396e-11 -4.675382619538642310e-12 -1.132039495726379448e-12 -2.051740705093882216e-13 -5.974982796919347691e-15 1.940643488812462754e-14 1.424542820006099035e-14 8.670350780601994769e-15 6.047552962138301048e-15 5.216662047071268174e-15 7.190409792528465712e-15 8.637914675737716610e-15 1.107495504951250734e-14 1.246977379961062219e-14 9.388573799906136139e-15 -4.308366887128156808e-16 -1.559991052523531781e-14 -3.141109555504146053e-14 -4.325819806077538349e-14 -4.892818104335746027e-14 -4.849398964346198059e-14 -4.221064851287946454e-14 -2.898013222109740473e-14
-1.692905401452105877e-06 1.600741382537675074e-03 -4.178276793949416140e-05 -9.027121965306445818e-05 -1.620621156413005527e-04 -2.593296058926119986e-04 -3.833968215417837529e-04 -5.346322931625020324e-04 -7.123190911990814845e-04 -9.145434406194924730e-04 -1.138147117116519984e-03 -1.378779003724413038e-03 -1.631061343714462113e-03 -1.888858001138143169e-03 -2.145604751418430690e-03 -2.394646930871244077e-03 -2.629534591172376021e-03 -2.844246830408836673e-03 -3.033344107646703067e-03 -3.192067825698965619e-03 -3.316413428706150267e-03 -3.403197644237505957e-03 -3.450128524064793954e-03 -3.455874828914718387e-03 -3.420123342702621663e-03 -3.343610235799512626e-03 -3.228114586092856349e-03 -3.076406921475995180e-03 -2.892151396127289747e-03 -2.679765905340572660e-03 -2.444248732290230184e-03 -2.190982520548824704e-03 -1.925529939321065200e-03 -1.653431792010995110e-03 -1.380020506306254766e-03 -1.110258096639545793e-03 -8.486049423209389257e-04 -5.989237208521400353e-04 -3.644197986597167522e-04 -1.476166168131124313e-04 4.963786711719657391e-05 2.261352799172267427e-04 3.812525967740577437e-04 5.148782970207521495e-04 6.273320715725458265e-04 7.192769437972225876e-04 7.916317306202571083e-04 8.454863956438965532e-04 8.820221596836175584e-04 9.024374637684642441e-04 9.078792029426042357e-04 8.993773257664280799e-04 8.777787603423458989e-04 8.436683117199694987e-04 7.972633062683659065e-04 7.382371500844508213e-04 6.653786698517221571e-04 5.757970467343755550e-04 4.625905339091020705e-04 3.043600796258589592e-04 6.109746077181406982e-04 9.429722754331724011e-04 1.204083242966192627e-03 1.437262915150821791e-03 1.651888099281033709e-03 1.845257242076124441e-03 2.008162155099871716e-03 2.127948645084118667e-03 2.191241699768295848e-03 2.186733391910737102e-03 2.107884706665639606e-03 1.955129087694680405e-03 1.737067383443589505e-03 1.470219294273655830e-03 1.177148340146706414e-03 8.831692529680069481e-04 6.122750908221956997e-04 3.832294565389106930e-04 2.068128207754983867e-04 8.492810858884199002e-05 1.172455163430321327e-05 -2.372179725355300634e-05 -3.408803289558098328e-05 -3.086739973112010614e-05 -2.255589610767320979e-05 -1.417790506700947839e-05 -7.861635724762428576e-06 -3.895448115276662298e-06 -1.741098375342668318e-06 -7.093022303923354651e-07 -2.673663384802601590e-07 -9.529995828514201440e-08 -3.298883218300120803e-08 -1.134742819281195580e-08 -3.906682356712589201e-09 -1.329210064505613777e-09 -4.360305360345214957e-10 -1.341496744246674980e-10 -3.754331522008156841e-11 -9.090302979160447719e-12 -1.647567209011035200e-12 -4.798907950923067374e-14 1.558293590170440393e-13 1.143890464693559443e-13 6.962218753686961518e-14 4.856149575288140667e-14 4.188963301070038237e-14 5.773908123956772635e-14 6.936282641180959141e-14 8.893317272736985666e-14 1.001357984895571845e-13 7.539762994259920837e-14 -3.447346602634350229e-15 -1.252505102070995580e-13 -2.522116039760454186e-13 -3.473433050513190664e-13 -3.928744205037929869e-13 -3.893900583932184058e-13 -3.389378854192378825e-13 -2.327013879435929218e-13
-5.203616047937334189e-06 -4.178276793949416140e-05 9.602336081344904281e-03 -2.774735559940300902e-04 -4.981432841835024047e-04 -7.971235075353469250e-04 -1.178482545761118383e-03 -1.643355517932646196e-03 -2.189541974292875687e-03 -2.811163404089759253e-03 -3.498516357671086451e-03 -4.238230033369789519e-03 -5.013776285234648571e-03 -5.806293381917262270e-03 -6.595600960686342183e-03 -7.361238279113517004e-03 -8.083372391096556309e-03 -8.743488806599043414e-03 -9.324860699102766048e-03 -9.812855644755053702e-03 -1.019516042708920774e-02 -1.046198769169171677e-02 -1.060629101818651859e-02 -1.062397786740211514e-02 -1.051408555467076185e-02 -1.027887752594901921e-02 -9.923823345894981079e-03 -9.457440470334572621e-03 -8.890993691787045863e-03 -8.238064993127753449e-03 -7.514020243021383126e-03 -6.735407828439740965e-03 -5.919328796576841557e-03 -5.082817416593569428e-03 -4.242267641372272219e-03 -3.412934457211651632e-03 -2.608530761279815625e-03 -1.840932044414075484e-03 -1.119992862173757511e-03 -4.534710291280147202e-04 1.529511509926079497e-04 6.955593119865827265e-04 1.172437023833903949e-03 1.583242090634938903e-03 1.928956757502670299e-03 2.211619224122639456e-03 2.434054256209259703e-03 2.599612739267462194e-03 2.711926075863556676e-03 2.774678580539485882e-03 2.791396203649228365e-03 2.765245640146770604e-03 2.698830007791397888e-03 2.593947464744419257e-03 2.451265718398071714e-03 2.269780697974373065e-03 2.045768008450009248e-03 1.770339582052247443e-03 1.422275288947222240e-03 9.357815776145234901e-04 1.878494045867096880e-03 2.899246259172095965e-03 3.702046879992070168e-03 4.418965761394898044e-03 5.078833711334401584e-03 5.673345942629965180e-03 6.174192991409871954e-03 6.542471287676585034e-03 6.737060361603963363e-03 6.723194820145279860e-03 6.480771132935153958e-03 6.011122101942401388e-03 5.340690770103673039e-03 4.520266300383728522e-03 3.619219220348033998e-03 2.715378665191255439e-03 1.882510489967452894e-03 1.178303003160389604e-03 6.359009628393068802e-04 2.611557127335000970e-04 3.608026675399223383e-05 -7.290979983981920307e-05 -1.047892702703408322e-04 -9.489368498172958213e-05 -6.934402041622663045e-05 -4.358822042657803549e-05 -2.416999342094516774e-05 -1.197642199550437897e-05 -5.353016698980131938e-06 -2.180782217400167288e-06 -8.220404651584061332e-07 -2.930108814992106408e-07 -1.014287487868455259e-07 -3.488933067150014726e-08 -1.201164918878282140e-08 -4.086832652313864115e-09 -1.340631231609087201e-09 -4.124608070554992668e-10 -1.154325986461531787e-10 -2.794995252568049692e-11 -5.066010679840219208e-12 -1.477094925261089064e-13 4.790523167885824946e-13 3.516788699468823586e-13 2.140524795808890957e-13 1.493041369435645739e-13 1.287935327696030003e-13 1.775291865876568291e-13 2.132726986594137435e-13 2.734593838635378049e-13 3.079393621103280413e-13 2.319400367549411867e-13 -1.040265079581795744e-14 -3.848331811673762545e-13 -7.751510493629198550e-13 -1.067639631774833650e-12 -1.207650544735881069e-12 -1.196972516702072397e-12 -1.041898511164213961e-12 -7.153309020376013709e-13
-1.124236075275771763e-05 -9.027121965306445818e-05 -2.774735559940300902e-04 3.284667437824245056e-02 -1.076235675503238237e-03 -1.722188486046819043e-03 -2.546135551193021498e-03 -3.550543441383668952e-03 -4.730678488099993896e-03 -6.073865507442842426e-03 -7.559166982175571751e-03 -9.157717953357369725e-03 -1.083382147718043448e-02 -1.254672320216391850e-02 -1.425280234812277384e-02 -1.590781726385615685e-02 -1.746887339758897845e-02 -1.889592268667368916e-02 -2.015278355194428245e-02 -2.120780749488472561e-02 -2.203436618374737116e-02 -2.261129729347033726e-02 -2.292336758086385359e-02 -2.296173132481887924e-02 -2.272430914451646633e-02 -2.221599510295049762e-02 -2.144861299361449508e-02 -2.044057422904037302e-02 -1.921622829531915988e-02 -1.780493335952426995e-02 -1.623990350749865766e-02 -1.455690950591995159e-02 -1.279291680040854987e-02 -1.098474709734516969e-02 -9.167838740110696022e-03 -7.375168319117008514e-03 -5.636379396607329832e-03 -3.977144172712458216e-03 -2.418766055893829207e-03 -9.780156372572689199e-04 3.328205781534665096e-04 1.505713976900082633e-03 2.536518398774145842e-03 3.424495141072052534e-03 4.171765668641825957e-03 4.782734657200835710e-03 5.263508079222865323e-03 5.621329119946599957e-03 5.864047144859539130e-03 5.999625796519257419e-03 6.035687132304548910e-03 5.979076937438763603e-03 5.835419918846729281e-03 5.608603795987892118e-03 5.300069774398862878e-03 4.907646657319872895e-03 4.423279046863454536e-03 3.827749407646156930e-03 3.075175538844213477e-03 2.023300447768848920e-03 4.061582664021456089e-03 6.268580074774516599e-03 8.004306472343286974e-03 9.554315129145066893e-03 1.098094846242737496e-02 1.226625931672441217e-02 1.334905066233418348e-02 1.414522438390659193e-02 1.456588605010202334e-02 1.453587915542554898e-02 1.401174456920568218e-02 1.299636490819575108e-02 1.154690761734250212e-02 9.773173215444146480e-03 7.825132483618327944e-03 5.871043357326953885e-03 4.070380460097122038e-03 2.547861810434555625e-03 1.375146693954994431e-03 5.648906016983264384e-04 7.821376777528305250e-05 -1.574844752049172172e-04 -2.264605267784534286e-04 -2.051060303167978572e-04 -1.498939959817402066e-04 -9.422543398759881473e-05 -5.225100496476331284e-05 -2.589183780201716059e-05 -1.157312929118665287e-05 -4.714993544979014280e-06 -1.777370745584909062e-06 -6.335515359017617725e-07 -2.193149723454537383e-07 -7.544022348760570701e-08 -2.597233809149535855e-08 -8.836727179210293354e-09 -2.898755409677238728e-09 -8.918396460780452232e-10 -2.495977668053510181e-10 -6.043845069135141393e-11 -1.095613620245009850e-11 -3.203978156370610942e-13 1.035413095880890662e-12 7.602549198755643382e-13 4.627694207091750835e-13 3.228027517769901148e-13 2.784722887882096882e-13 3.838786272481026133e-13 4.611949479432126874e-13 5.914283700377711785e-13 6.662099312763948632e-13 5.022688381508211771e-13 -2.125126614459218356e-14 -8.304229401277039946e-13 -1.674127418061880021e-12 -2.306518294778020081e-12 -2.609378847525177871e-12 -2.586511971406223741e-12 -2.251506541364822876e-12 -1.545833469653375610e-12
-2.018318345474929599e-05 -1.620621156413005527e-04 -4.981432841835024047e-04 -1.076235675503238237e-03 8.372240652892840029e-02 -3.091870759741636391e-03 -4.571191255475251687e-03 -6.374608354512845652e-03 -8.493703922872792092e-03 -1.090582184842191563e-02 -1.357347845636298206e-02 -1.644494184048301069e-02 -1.945617327344393438e-02 -2.253399270725135045e-02 -2.560000484903304785e-02 -2.857463993121890644e-02 -3.138070979656525095e-02 -3.394612820050632584e-02 -3.620576688664669390e-02 -3.810266793984017075e-02 -3.958892364798444891e-02 -4.062647461278586641e-02 -4.118793502996073025e-02 -4.125740904092303069e-02 -4.083116542457008308e-02 -3.991800587522831983e-02 -3.853918455583824065e-02 -3.672779294151271717e-02 -3.452759308774121239e-02 -3.199134804928664699e-02 -2.917875160826933004e-02 -2.615409318925181192e-02 -2.298381178700552654e-02 -1.973408978460738927e-02 -1.646862471796336352e-02 -1.324669165023234681e-02 -1.012157640850981991e-02 -7.139427678015185935e-03 -4.338542870090669572e-03 -1.749072583883447187e-03 6.068945234843647635e-04 2.714920267311432978e-03 4.567548434908939858e-03 6.163445768676683104e-03 7.506422178292332728e-03 8.604391947561570303e-03 9.468327744794604803e-03 1.011124695050310586e-02 1.054725691445401389e-02 1.079067046566655613e-02 1.085518657311534962e-02 1.075310910661664461e-02 1.049454522814929555e-02 1.008648047501925320e-02 9.531500158391950639e-03 8.825695018351429472e-03 7.954572967604814013e-03 6.883570660336273822e-03 5.530172641091039495e-03 3.638549954431590655e-03 7.304026349737851448e-03 1.127283491413836984e-02 1.439403853955274586e-02 1.718115003815880518e-02 1.974630123736397652e-02 2.205725521505478084e-02 2.400401115679340336e-02 2.543539609356659792e-02 2.619160733447131392e-02 2.613753641203498540e-02 2.519505924444774558e-02 2.336936315725643767e-02 2.076322834975002571e-02 1.757405891155934888e-02 1.407147743533530664e-02 1.055798544070596368e-02 7.320297718470165221e-03 4.582647231344490896e-03 2.473882150668944933e-03 1.016776998830900419e-03 1.414560866311802116e-04 -2.825850988443915669e-04 -4.068156780866179299e-04 -3.685765022717153380e-04 -2.694068343524876280e-04 -1.693732742737806410e-04 -9.393197223459767177e-05 -4.655009161879818027e-05 -2.080868387690138185e-05 -8.478351650017374079e-06 -3.196270448295347846e-06 -1.139401831455260751e-06 -3.944419159954736600e-07 -1.356827321461443039e-07 -4.671199557310031833e-08 -1.589279984518749165e-08 -5.213331987283037805e-09 -1.603963953589345881e-09 -4.489173581877933919e-10 -1.087133881936253614e-10 -1.971319082531686350e-11 -5.802410686762990056e-13 1.860545212803196275e-12 1.366679801129465118e-12 8.320344591681589938e-13 5.804436617071888756e-13 5.007885890718349363e-13 6.904721571136907795e-13 8.296444508350679403e-13 1.064244919548260723e-12 1.199638561643902704e-12 9.063253344451045354e-13 -3.330983964097706674e-14 -1.486867550568279042e-12 -3.003245893619772776e-12 -4.140436384754236975e-12 -4.685615087465246674e-12 -4.645365460760626814e-12 -4.044055635295597133e-12 -2.776668753918504616e-12
-3.229684549070087248e-05 -2.593296058926119986e-04 -7.971235075353469250e-04 -1.722188486046819043e-03 -3.091870759741636391e-03 1.779833481752153834e-01 -7.315240278007033824e-03 -1.020170180101357023e-02 -1.359389471889915942e-02 -1.745585920983390785e-02 -2.172792615297431881e-02 -2.632757975971256742e-02 -3.115248943971042975e-02 -3.608551423197543795e-02 -4.100096233336299884e-02 -4.577108361957273747e-02 -5.027182759911467957e-02 -5.438728091837703726e-02 -5.801271205202592623e-02 -6.105655867494615835e-02 -6.344185236034169395e-02 -6.510748944566603635e-02 -6.600953363319207734e-02 -6.612250236936159653e-02 -6.544043027579984906e-02 -6.397744776743981288e-02 -6.176764638318891359e-02 -5.886409139311735844e-02 -5.533695257360995989e-02 -5.127083044144138679e-02 -4.676143967707589721e-02 -4.191186734737090136e-02 -3.682865231088238572e-02 -3.161792768294195005e-02 -2.638184820620391099e-02 -2.121548176361672672e-02 -1.620429605256792568e-02 -1.142231650978936704e-02 -6.930979066981046884e-03 -2.778655555425457897e-03 9.992105099673666713e-04 4.379447514916000317e-03 7.350082193132496944e-03 9.908962560936783459e-03 1.206218793494913399e-02 1.382244242416340828e-02 1.520731643911886304e-02 1.623768126458180819e-02 1.693615765731651748e-02 1.732569673302341087e-02 1.742826414925077380e-02 1.726358656038371256e-02 1.684786997917185614e-02 1.619230610637371198e-02 1.530102882130530105e-02 1.416774482765804748e-02 1.276917840669708135e-02 1.104983226418559256e-02 8.877236626945094952e-03 5.840713726460844586e-03 1.172460350743752960e-02 1.809519595519233637e-02 2.310486681705299639e-02 2.757791165320692267e-02 3.169438311326299579e-02 3.540264895854251109e-02 3.852629131132710022e-02 4.082281945975329424e-02 4.203589038407459788e-02 4.194876901065026920e-02 4.043613502463599269e-02 3.750632487259748099e-02 3.332424766381088255e-02 2.820662468525505368e-02 2.258604443156199404e-02 1.694785074771589309e-02 1.175206998966339678e-02 7.358497541936007656e-03 3.973909778155631373e-03 1.634912521190837317e-03 2.294666557500897011e-04 -4.517533901108095377e-04 -6.517376429030125084e-04 -5.908420066075384695e-04 -4.320088169014347362e-04 -2.716604520015673710e-04 -1.506861642994907879e-04 -7.468832430751497957e-05 -3.339213892709704147e-05 -1.360752127891662184e-05 -5.130696912859043536e-06 -1.829214953014710342e-06 -6.332974393172258699e-07 -2.178521852068419189e-07 -7.499940610283133421e-08 -2.551609059055992773e-08 -8.369886360751307317e-09 -2.575171406002002613e-09 -7.207939726610501156e-10 -1.745860556286697432e-10 -3.167557895205041556e-11 -9.435437378719214596e-13 2.982237628673271473e-12 2.192329460474064945e-12 1.335085221480196233e-12 9.315660597451876438e-13 8.038967282435676036e-13 1.108767689724638248e-12 1.332566971395470327e-12 1.710344547545525469e-12 1.930404915110581551e-12 1.464064019719631798e-12 -3.882448522002725907e-14 -2.367358485551712642e-12 -4.798880923301917730e-12 -6.624174261697218865e-12 -7.500915215266679612e-12 -7.438909610192966649e-12 -6.477067396123334957e-12 -4.447520526323417809e-12
-4.774812214606635735e-05 -3.833968215417837529e-04 -1.178482545761118383e-03 -2.546135551193021498e-03 -4.571191255475251687e-03 -7.315240278007033824e-03 3.344908540240937311e-01 -1.508510725280940053e-02 -2.010319176354713466e-02 -2.581793321087225146e-02 -3.214187896870120825e-02 -3.895369071030094915e-02 -4.610244446439809574e-02 -5.341487788912130386e-02 -6.070458362762713722e-02 -6.778166758696682614e-02 -7.446142351030639317e-02 -8.057110035561532158e-02 -8.595458921812980380e-02 -9.047548159035098680e-02 -9.401922024892470087e-02 -9.649496468780104086e-02 -9.783747328850028735e-02 -9.800895572743192896e-02 -9.700060461997997430e-02 -9.483342386760210130e-02 -9.155801434443869291e-02 -8.725310623171031454e-02 -8.202279035376137950e-02 -7.599255942004939923e-02 -6.930439516448815007e-02 -6.211122509404852499e-02 -5.457110924676745328e-02 -4.684152026551458015e-02 -3.907404290754966369e-02 -3.140976035342400718e-02 -2.397552265734600660e-02 -1.688121030922645760e-02 -1.021802929642024772e-02 -4.057802574088073197e-03 1.546832460710860025e-03 6.561448750902982262e-03 1.096824144858403634e-02 1.476398506330052138e-02 1.795770281294805162e-02 2.056819406197111372e-02 2.262154427751061903e-02 2.414871128720743124e-02 2.518325135678741930e-02 2.575921219977566484e-02 2.590918028244667409e-02 2.566241790430736497e-02 2.504295498137331169e-02 2.406737869088817344e-02 2.274178700854651014e-02 2.105678878938868626e-02 1.897775395504156665e-02 1.642217128812423557e-02 1.319313593581016887e-02 8.680277939051492947e-03 1.742460678222987683e-02 2.689172342701011062e-02 3.433549254112126803e-02 4.098092560907325849e-02 4.709575176620848375e-02 5.260351956448314908e-02 5.724243264445356971e-02 6.065255223948016333e-02 6.245334487582845928e-02 6.232306514326237112e-02 6.007568159080588915e-02 5.572360767146306709e-02 4.951173520051615345e-02 4.191037316172666061e-02 3.356188237156176174e-02 2.518696981145987848e-02 1.746877238060410426e-02 1.094163331694528001e-02 5.912723555274299568e-03 2.436563620837523848e-03 3.469595946760436339e-04 -6.667750074786638319e-04 -9.653849949550994411e-04 -8.760890495318946793e-04 -6.409206542512229775e-04 -4.031815920437145239e-04 -2.237065866424313583e-04 -1.109119155646391409e-04 -4.960011132538663919e-05 -2.021765127948380698e-05 -7.624938839894101305e-06 -2.719045934489581768e-06 -9.415012750001178165e-07 -3.238889043672423229e-07 -1.115009652780787253e-07 -3.793226183360105507e-08 -1.244223345617273008e-08 -3.828220372769312218e-09 -1.071660264579188656e-09 -2.596518961373124846e-10 -4.715276106022051694e-11 -1.432247488433754478e-12 4.421302180130720021e-12 3.254440119620853853e-12 1.982867877326165165e-12 1.384016961285845533e-12 1.194762180047435796e-12 1.648804528627080952e-12 1.982385081169290301e-12 2.546765133388063043e-12 2.880539598784047664e-12 2.198589691258606968e-12 -2.149538514362895037e-14 -3.470307890836480231e-12 -7.077484300785617117e-12 -9.789774137273932672e-12 -1.109671988196225636e-11 -1.101101005665283351e-11 -9.589958761240734805e-12 -6.585835697093486123e-12
-6.658289142572224007e-05 -5.346322931625020324e-04 -1.643355517932646196e-03 -3.550543441383668952e-03 -6.374608354512845652e-03 -1.020170180101357023e-02 -1.508510725280940053e-02 5.749556255973424790e-01 -2.804519370518311280e-02 -3.602497596055944523e-02 -4.486038103258679216e-02 -5.438361650704343075e-02 -6.438503693967259633e-02 -7.462292158363252603e-02 -8.483614945241775562e-02 -9.475777616978113549e-02 -1.041274625178601893e-01 -1.127013502740142753e-01 -1.202590020627056361e-01 -1.266079350650954061e-01 -1.315867274260359987e-01 -1.350675977553187634e-01 -1.369589387780127676e-01 -1.372077936883563942e-01 -1.358019025693492643e-01 -1.327707969490840301e-01 -1.281854663033247244e-01 -1.221562933904039167e-01 -1.148291818077150500e-01 -1.063800225741234062e-01 -9.700782416444408973e-02 -8.692695609689021774e-02 -7.635900936036139897e-02 -6.552478220855290081e-02 -5.463684895664083080e-02 -4.389308862152244139e-02 -3.347144733598188260e-02 -2.352609440121163423e-02 -1.418502336277735996e-02 -5.549051478079505828e-03 2.307906295350692881e-03 9.337482061281531312e-03 1.551462309718281730e-02 2.083473572928817505e-02 2.531041449027592385e-02 2.896797604955108144e-02 3.184396504839569902e-02 3.398176747958402827e-02 3.542841975244038349e-02 3.623165071302687779e-02 3.643713832837765926e-02 3.608589469816370771e-02 3.521158847807068920e-02 3.383742962740510229e-02 3.197189703355668433e-02 2.960170158791253572e-02 2.667808679302879557e-02 2.308499363184772155e-02 1.854556501353776463e-02 1.220174014670376110e-02 2.449326505982313273e-02 3.779964993857069105e-02 4.826013855473947761e-02 5.759664781745191947e-02 6.618582401619266253e-02 7.392081275969261678e-02 8.043444929238025010e-02 8.522173595117155109e-02 8.774870095958051119e-02 8.756384216084042715e-02 8.440612404911278233e-02 7.829304807122794418e-02 6.956844394857979175e-02 5.889257181926792206e-02 4.716722475930811703e-02 3.540420482671990943e-02 2.456262335346312206e-02 1.539279307317952851e-02 8.326212285730712898e-03 3.439776590952710236e-03 5.005503783978311862e-04 -9.273164002710258206e-04 -1.350096614383154876e-03 -1.227179946258632982e-03 -8.985203795012000876e-04 -5.655553339743908149e-04 -3.139468142742915546e-04 -1.557184722458389802e-04 -6.966579653723938351e-05 -2.840808199810136622e-05 -1.071800327356272722e-05 -3.823275320251723512e-06 -1.324141612073786014e-06 -4.555558182755082737e-07 -1.568206815520734494e-07 -5.334491222063247921e-08 -1.749678488700604511e-08 -5.383626117317598064e-09 -1.507369377953184242e-09 -3.653951450212947132e-10 -6.644964624442813881e-11 -2.078090358542471783e-12 6.191623604851367727e-12 4.566667289695725104e-12 2.784497762705001872e-12 1.944527686949457052e-12 1.679533907351413045e-12 2.319838142886066676e-12 2.790853129520360450e-12 3.590530755953207638e-12 4.074226624226279740e-12 3.139600563197816908e-12 4.792190916216332431e-14 -4.774574779218780512e-12 -9.831131150940102269e-12 -1.364287291359717720e-11 -1.548857694910322361e-11 -1.538200851675087486e-11 -1.340261929042743953e-11 -9.205950842714613270e-12
-8.871184185492687294e-05 -7.123190911990814845e-04 -2.189541974292875687e-03 -4.730678488099993896e-03 -8.493703922872792092e-03 -1.359389471889915942e-02 -2.010319176354713466e-02 -2.804519370518311280e-02 9.236934203216818906e-01 -4.804046364316102991e-02 -5.984390642755199607e-02 -7.257798139997985454e-02 -8.596502362208524595e-02 -9.968291570330688189e-02 -1.133816581758215064e-01 -1.267016148558014199e-01 -1.392906684689629304e-01 -1.508182096470301881e-01 -1.609851775371747840e-01 -1.695306518803240126e-01 -1.762362309902755775e-01 -1.809294484500161559e-01 -1.834869812812373602e-01 -1.838377417232143762e-01 -1.819654247205528541e-01 -1.779098421144164888e-01 -1.717664057717835646e-01 -1.636833383019815624e-01 -1.538564892446738219e-01 -1.425219368307139578e-01 -1.299467982798820642e-01 -1.164188445182176845e-01 -1.022355920366635473e-01 -8.769355211070642420e-02 -7.307825404075893316e-02 -5.865554957629082883e-02 -4.466456880806565083e-02 -3.131254411959912692e-02 -1.877157365415936530e-02 -7.177265545902098212e-03 3.370910042520632813e-03 1.280780472643282090e-02 2.109960946932770004e-02 2.824001302117523995e-02 3.424581784298209169e-02 3.915228099695062386e-02 4.300841795537933138e-02 4.587245072886696889e-02 4.780751631225285680e-02 4.887768768585465384e-02 4.914428382626036262e-02 4.866234779141886957e-02 4.747703673287756443e-02 4.561943487228404398e-02 4.310078277258948265e-02 3.990300292558411621e-02 3.596022364094821067e-02 3.111587436646588711e-02 2.499666030154361340e-02 1.644591605382170890e-02 3.301235900665446671e-02 5.094441978618815398e-02 6.503736193407178012e-02 7.761192031435532046e-02 8.917634212693979767e-02 9.958779789688507189e-02 1.083530533265003315e-01 1.147933187190487425e-01 1.181907232354992565e-01 1.179382227497486890e-01 1.136848889030973031e-01 1.054544082777312403e-01 9.370940173348364655e-02 7.933814038188603812e-02 6.355382070181915533e-02 4.771767707416758875e-02 3.312016674382602804e-02 2.077101827463459852e-02 1.125126041545494900e-02 4.665038549783210968e-03 6.997235330926876917e-04 -1.230426494519552653e-03 -1.806180885492911529e-03 -1.645595410164509042e-03 -1.206352980136135393e-03 -7.599527292735813472e-04 -4.221469500240524072e-04 -2.095152067089789698e-04 -9.378880052839543480e-05 -3.826711396628322662e-05 -1.444569598471807585e-05 -5.155437684027205556e-06 -1.786081774034182537e-06 -6.145460510762767751e-07 -2.115365794719939477e-07 -7.194758165366538943e-08 -2.359640788767614805e-08 -7.260859464298504605e-09 -2.033549327732886111e-09 -4.932865722615637852e-10 -8.989073780364895729e-11 -2.927390272710166828e-12 8.299770931085032213e-12 6.139417970695742406e-12 3.747601610337875518e-12 2.619016010640252820e-12 2.263845752341786545e-12 3.130916096149103797e-12 3.769851322206286433e-12 4.859996291401892303e-12 5.540173790667070976e-12 4.327148205371150658e-12 2.167127555579046541e-13 -6.233577182523009929e-12 -1.302163142241461442e-11 -1.815745139697028050e-11 -2.066179681404911950e-11 -2.054528305637833035e-11 -1.791280591211836757e-11 -1.230742638952096716e-11
-1.138966011118800750e-04 -9.145434406194924730e-04 -2.811163404089759253e-03 -6.073865507442842426e-03 -1.090582184842191563e-02 -1.745585920983390785e-02 -2.581793321087225146e-02 -3.602497596055944523e-02 -4.804046364316102991e-02 1.407399517477147866e+00 -7.695819227177252975e-02 -9.338524173824737373e-02 -1.106781738724973430e-01 -1.284236911065567144e-01 -1.461691793285978813e-01 -1.634462808832421177e-01 -1.797938633571277978e-01 -1.947774034658074083e-01 -2.080033136841798191e-01 -2.191284601347114613e-01 -2.278662901386454831e-01 -2.339912412560269384e-01 -2.373425874582600903e-01 -2.378280384964907845e-01 -2.354266775716765125e-01 -2.301904362810492100e-01 -2.222432873245367146e-01 -2.117775855097006887e-01 -1.990473647102683485e-01 -1.843587914260667870e-01 -1.680583024788368518e-01 -1.505191823009484342e-01 -1.321274466796310831e-01 -1.132679120237562731e-01 -9.431125301909551450e-02 -7.560270816332341492e-02 -5.745291923638555509e-02 -4.013118908302758941e-02 -2.386125577454769123e-02 -8.819507343434274810e-03 4.864584698338571787e-03 1.710612194891136459e-02 2.786092340246061963e-02 3.712054592306009843e-02 4.490659478140515692e-02 5.126467394735838290e-02 5.625828702125380831e-02 5.996292012476137079e-02 6.246046163712196120e-02 6.383402636634813443e-02 6.416315154234017437e-02 6.351921122059681069e-02 6.196071668995030424e-02 5.952784705564335976e-02 5.623493554806408695e-02 5.205809589599259823e-02 4.691113112545561986e-02 4.058955269427318158e-02 3.260618742968996592e-02 2.145202820071947722e-02 4.306039476988760689e-02 6.644604021099269342e-02 8.481797816853355043e-02 1.012031506066195657e-01 1.162655780976321329e-01 1.298211003177490441e-01 1.412292860135293260e-01 1.496080865090514966e-01 1.540243975014670141e-01 1.536890908457802241e-01 1.481460394976634454e-01 1.374263117026458814e-01 1.221318973831175825e-01 1.034184823791011176e-01 8.286447630342916315e-02 6.224096656878425754e-02 4.322715302921879138e-02 2.713731396432954301e-02 1.472834493235770058e-02 6.137003470220047177e-03 9.578925503528518430e-04 -1.569948404572095706e-03 -2.331632889214263135e-03 -2.131328170481702582e-03 -1.565109334636319380e-03 -9.871097931849759366e-04 -5.488519815362066356e-04 -2.726331985269300198e-04 -1.221437363761836213e-04 -4.987642870274128345e-05 -1.884260741332921578e-05 -6.729027383280316435e-06 -2.332261152428714924e-06 -8.025885280505012122e-07 -2.762362169396794808e-07 -9.393536303263098506e-08 -3.080413376226025717e-08 -9.479497725453490489e-09 -2.655945458895766569e-09 -6.448797402859266938e-10 -1.178447420236805404e-10 -4.046306093130990535e-12 1.074434512926635846e-11 7.980054943138072075e-12 4.878586808042247639e-12 3.412842144890034266e-12 2.953068452396034032e-12 4.091419395926233232e-12 4.932136104226098662e-12 6.376146252075883968e-12 7.313981727994328071e-12 5.815528352993707412e-12 5.556530709416601832e-13 -7.768793459170729340e-12 -1.657382357733776286e-11 -2.326966497111273466e-11 -2.656619682861197080e-11 -2.646298569657281589e-11 -2.309286350559445494e-11 -1.587293287154757102e-11
-1.417438116400497399e-04 -1.138147117116519984e-03 -3.498516357671086451e-03 -7.559166982175571751e-03 -1.357347845636298206e-02 -2.172792615297431881e-02 -3.214187896870120825e-02 -4.486038103258679216e-02 -5.984390642755199607e-02 -7.695819227177252975e-02 2.054933599689412471e+00 -1.165321926753454668e-01 -1.382189650385771684e-01 -1.605143917741548576e-01 -1.828508172732565829e-01 -2.046353756011075331e-01 -2.252798706984990851e-01 -2.442271156401361054e-01 -2.609711678326543938e-01 -2.750710721855166296e-01 -2.861595102869711749e-01 -2.939484645530511253e-01 -2.982336200702770945e-01 -2.988982352023062949e-01 -2.959162157478358313e-01 -2.893535161391879162e-01 -2.793668634003723672e-01 -2.661990508721395199e-01 -2.501705056089190138e-01 -2.316673246718146117e-01 -2.111264077419493235e-01 -1.890186077794091812e-01 -1.658309822888128782e-01 -1.420492491947600300e-01 -1.181414602651451595e-01 -9.454373221132678085e-02 -7.164865281000708241e-02 -4.979673078211124121e-02 -2.927101862606005384e-02 -1.029481541711229492e-02 6.967821022104005169e-03 2.240914765889756577e-02 3.597288592826239362e-02 4.764795163611854067e-02 5.746127410467596897e-02 6.547015569928325840e-02 7.175456427330582920e-02 7.640964965070055903e-02 7.953868222813401112e-02 8.124649905105194025e-02 8.163341759215635152e-02 8.078942373061968885e-02 7.878820420613907860e-02 7.568020441958460409e-02 7.148307755690311294e-02 6.616596354833206850e-02 5.961886251183702579e-02 5.158149441768439952e-02 4.143438212117536018e-02 2.725956802710498630e-02 5.471632600895078719e-02 8.442473920831292111e-02 1.077520958429076664e-01 1.285444332837242798e-01 1.476473301139528405e-01 1.648303793890805169e-01 1.792847291108644048e-01 1.898951838029299677e-01 1.954815584965232667e-01 1.950456248671149362e-01 1.880104868134938323e-01 1.744158950981532508e-01 1.550243554773755306e-01 1.312994131189836322e-01 1.052399108220777868e-01 7.908883054578204341e-02 5.497312685101378438e-02 3.455816458026404053e-02 1.880409003448960462e-02 7.886236493020257893e-03 1.293504458368338085e-03 -1.935882378229694840e-03 -2.921809778144541028e-03 -2.682747877832708516e-03 -1.974587241748314813e-03 -1.247330646352748937e-03 -6.944252999856685010e-04 -3.453400662221095801e-04 -1.548881198058382085e-04 -6.331536592075920106e-05 -2.394407301518944829e-05 -8.558301684007268859e-06 -2.967995961654686443e-06 -1.021553128296787748e-06 -3.515517528726295921e-07 -1.195162518153982852e-07 -3.918675249723726403e-08 -1.206033636074685523e-08 -3.380752396649063498e-09 -8.219053857481507689e-10 -1.507491904703454757e-10 -5.526336794341508076e-12 1.351516880646045201e-11 1.009301355440724461e-11 6.182846578030877911e-12 4.331007719756022712e-12 3.752504645971334636e-12 5.211553067291140062e-12 6.292010855247971515e-12 8.163762252608746331e-12 9.440329898223094841e-12 7.676981624343815956e-12 1.164341754170951070e-12 -9.263236962374969188e-12 -2.036868113912684601e-11 -2.887137071442595798e-11 -3.311049841967446443e-11 -3.306145232810469074e-11 -2.888617809586292778e-11 -1.986596231132807089e-11
-1.717115584776983958e-04 -1.378779003724413038e-03 -4.238230033369789519e-03 -9.157717953357369725e-03 -1.644494184048301069e-02 -2.632757975971256742e-02 -3.895369071030094915e-02 -5.438361650704343075e-02 -7.257798139997985454e-02 -9.338524173824737373e-02 -1.165321926753454668e-01 2.897096946135456985e+00 -1.681344809589918887e-01 -1.954548003803336653e-01 -2.228892155275974674e-01 -2.497058894131496953e-01 -2.751713986115926769e-01 -2.985857541237849078e-01 -3.193106525063061918e-01 -3.367893487637730887e-01 -3.505591009077944076e-01 -3.602586177196991923e-01 -3.656329580231989507e-01 -3.665373013348120490e-01 -3.629397127048764049e-01 -3.549220825877516527e-01 -3.426780833584859298e-01 -3.265071806890821327e-01 -3.068042453376105816e-01 -2.840449221486806564e-01 -2.587674528541293872e-01 -2.315520449509929080e-01 -2.029990951452843861e-01 -1.737076176312729592e-01 -1.442551273068231332e-01 -1.151800246029536096e-01 -8.696724998880432655e-02 -6.003767607712964804e-02 -3.474140726613692692e-02 -1.135487914620325091e-02 9.918567188480491292e-03 2.894512529950223761e-02 4.565457050179842075e-02 6.003254727652591882e-02 7.211171796279344792e-02 8.196233322623595885e-02 8.968271051185378040e-02 9.538998192156943057e-02 9.921135736184534537e-02 1.012760096228335349e-01 1.017075334936700381e-01 1.006167334633684407e-01 9.809421395563307222e-02 9.420175553692948511e-02 8.896042527939464206e-02 8.233102579741399807e-02 7.417598020810348136e-02 6.417082214674948992e-02 5.154428516028630031e-02 3.390982466809382145e-02 6.806260509310836648e-02 1.050055926890834379e-01 1.339948684874797957e-01 1.598141759315136190e-01 1.835182400429848371e-01 2.048261945221319935e-01 2.227397537690621876e-01 2.358806407447527065e-01 2.427895398231584012e-01 2.422318899120458613e-01 2.334943537684986137e-01 2.166267842278163380e-01 1.925737659950597369e-01 1.631478839979333406e-01 1.308246602791721669e-01 9.838221107365942297e-02 6.845551119253506789e-02 4.310873017999214407e-02 2.353364764265943737e-02 9.950882260032160170e-03 1.731125191105236045e-03 -2.313743210227865114e-03 -3.569092190481410430e-03 -3.296449338640145346e-03 -2.433643301299939950e-03 -1.540484067159870281e-03 -8.590592948298366675e-04 -4.278514519615050395e-04 -1.921698462761236236e-04 -7.866500871995710893e-05 -2.978811240551486504e-05 -1.065907753757540587e-05 -3.699276787440843870e-06 -1.273553843713792477e-06 -4.381938791978155160e-07 -1.489219608120845553e-07 -4.881819293147926917e-08 -1.502642621328041639e-08 -4.214924038861796959e-09 -1.026360135771688417e-09 -1.891339597804258972e-10 -7.489745488602554500e-12 1.659239783369922083e-11 1.247984620682515792e-11 7.664900041973513322e-12 5.378289864850241070e-12 4.667503090300631019e-12 6.502745474516404028e-12 7.865847132080500050e-12 1.025231909045467295e-11 1.197471239721760650e-11 1.000476652430409594e-11 2.175812772311600993e-12 -1.055561160603787100e-11 -2.423695596965520464e-11 -3.480402177530012235e-11 -4.015696548977572746e-11 -4.022678610098934261e-11 -3.520376781703322794e-11 -2.422863469518781884e-11
-2.031300821898684788e-04 -1.631061343714462113e-03 -5.013776285234648571e-03 -1.083382147718043448e-02 -1.945617327344393438e-02 -3.115248943971042975e-02 -4.610244446439809574e-02 -6.438503693967259633e-02 -8.596502362208524595e-02 -1.106781738724973430e-01 -1.382189650385771684e-01 -1.681344809589918887e-01 3.966383120757703828e+00 -2.325752943576806231e-01 -2.655529247565996953e-01 -2.978786586640971845e-01 -3.286569235655021903e-01 -3.570241575966188186e-01 -3.821875665391014643e-01 -4.034537703948948284e-01 -4.202470968939182039e-01 -4.321198856918939124e-01 -4.387580294319327612e-01 -4.399841933059661647e-01 -4.357595988052447855e-01 -4.261838684654826737e-01 -4.114917295016745635e-01 -3.920453935981358384e-01 -3.683219523245268578e-01 -3.408958340691394806e-01 -3.104170504510329054e-01 -2.775864735730766975e-01 -2.431296770123241580e-01 -2.077709558741556994e-01 -1.722090384944969244e-01 -1.370957617157590180e-01 -1.030186591546996822e-01 -7.048804088927164424e-02 -3.992878769918823539e-02 -1.167674246487010285e-02 1.402068380718636195e-02 3.700027995253361845e-02 5.717588475431138045e-02 7.452908993377899138e-02 8.909854561676666673e-02 1.009685493586277294e-01 1.102575088263883646e-01 1.171067204368792386e-01 1.216697624828728119e-01 1.241026346700946636e-01 1.245545840256704201e-01 1.231593189034896757e-01 1.200259774603918694e-01 1.152285910599999547e-01 1.087915593724530089e-01 1.006657406582355530e-01 9.068185573880310768e-02 7.844227639907500049e-02 6.300330399898626532e-02 4.144690798246860458e-02 8.318722723498281346e-02 1.283216241656280621e-01 1.637103265309635125e-01 1.951994934659949110e-01 2.240826373160936247e-01 2.500252053816713893e-01 2.718190019782650846e-01 2.877930360746243088e-01 2.961769463913467293e-01 2.954726585058018995e-01 2.848147531894164586e-01 2.642647122958164951e-01 2.349710229698882824e-01 1.991369489234264822e-01 1.597715699533614753e-01 1.202521738332465590e-01 8.378292958188027217e-02 5.287551483080255021e-02 2.898273308891780725e-02 1.237812962733775453e-02 2.302421204660416894e-03 -2.683959980337088502e-03 -4.262557459241947573e-03 -3.967098702897534079e-03 -2.940141596640475155e-03 -1.865995180623161893e-03 -1.042784116584104942e-03 -5.203406156953600337e-04 -2.341342136780660637e-04 -9.601202814602018414e-05 -3.641729493404416082e-05 -1.304950350350464006e-05 -4.533055573700152719e-06 -1.561047243457469072e-06 -5.369835071638799090e-07 -1.824177444630085746e-07 -5.978252782622957138e-08 -1.840398221141351238e-08 -5.166445338547261158e-09 -1.260584227057815370e-09 -2.336421417973888712e-10 -1.009450192561720371e-11 1.994564261420346146e-11 1.513920077216434125e-11 9.328451599008332841e-12 6.559290709032257752e-12 5.703463066480008360e-12 7.977903242335288728e-12 9.672368877538653317e-12 1.267643933169482715e-11 1.498440625648737259e-11 1.291509465979537700e-11 3.759736841896727978e-12 -1.143594188486047002e-11 -2.795415199475490300e-11 -4.085364695208585220e-11 -4.751689939097358026e-11 -4.780112869081030245e-11 -4.192142307112126354e-11 -2.887987257849484100e-11
