5.798266353957060764e-05 -1.865935826695199688e-06 -5.735509160346814843e-06 -1.239173771072428356e-05 -2.224753928325431943e-05 -3.560282780009521743e-05 -5.264192416626846171e-05 -7.341935339386291594e-05 -9.784096758641977140e-05 -1.256459411320413519e-04 -1.563947349522852766e-04 -1.894670019678725275e-04 -2.240711521726152238e-04 -2.592642720704776277e-04 -2.939784810996962918e-04 -3.270490502804645713e-04 -3.572415226258638136e-04 -3.832791998280388147e-04 -4.038770418402621806e-04 -4.177912453999099588e-04 -4.238938227071320768e-04 -4.212774913973229098e-04 -4.093880790973210911e-04 -3.881700470779822108e-04 -3.581977174738266469e-04 -3.207541040910348086e-04 -2.778163345193189948e-04 -2.319171117344578903e-04 -1.858781165292421999e-04 -1.424497125128964257e-04 -1.039295577563731924e-04 -7.185353288987055432e-05 -4.684176430028331458e-05 -2.863838370321807283e-05 -1.632220943101640384e-05 -8.612568922337773077e-06 -4.173999870867624244e-06 -1.842015659938413034e-06 -7.359030786470281003e-07 -2.696193074147604582e-07 -9.884124884063408096e-08 -4.580077660725021084e-08 -3.113298558980705065e-08 -2.538302541636608725e-08 -2.042294021266510903e-08 -1.534879680515989186e-08 -1.078625279485027058e-08 -7.182761654553834235e-09 -4.595964163044810725e-09 -2.860130902068058656e-09 -1.748754296040872786e-09 -1.059483460544200111e-09 -6.406250124594658254e-10 -3.890063618503554690e-10 -2.385338358303027796e-10 -1.484312333924200458e-10 -9.408430017038977164e-11 -6.071721894915174915e-11 -3.919149308573430262e-11 -2.268545498993730069e-11 -3.870739516035880711e-11 -3.182153080952246249e-11 -4.286220751446195969e-12 1.610710256590253370e-11 1.804653496231757546e-11 9.853379264531074689e-12 2.903916580958872264e-12 3.088360646816063936e-13 -6.991359560229639139e-14 -2.703263280188132471e-14 -3.489002731247256535e-15 -2.155780757426570715e-16 -7.581475333302643292e-18 -2.231079957137092834e-19 -5.706346698747499596e-21 -8.989183911249396864e-23 -8.163406741164410983e-25 -4.244095144679851828e-27 -1.211675202911763628e-29 -1.848874062074382594e-32 -1.470986727997574868e-35 -5.985897940153225938e-39 -1.230541567294925362e-42 -1.272542749990787209e-46 -6.645913122768235520e-51 -1.771648955678466337e-55 -2.447663051232681958e-60 -1.783804650616624687e-65 -6.987820142977775218e-71 -1.500899621661893619e-76 -1.806327246670935155e-82 -1.248808783590470213e-88 -5.107818781108448401e-95 -1.279489067548993531e-101 -2.041219858619283907e-108 -2.160460652680884389e-115 -1.582773082868791556e-122 1.242769877979395304e-117 -1.384476916333116109e-110 1.520015202710014674e-103 -1.513379018617708062e-96 1.259704577149250376e-89 -8.176125864526132649e-83 3.976360888148205370e-76 -1.452063128765898640e-69 3.949204186916382409e-63 -7.111855106752116396e-57 6.867377058246181720e-51 -2.727604905072864062e-45 1.963985013290861932e-40 5.401503067068601279e-35 -4.015642524116103795e-30 1.310573472521131354e-26 2.088939734099370436e-22 -6.042520408387766027e-20 -1.124593529233909420e-16 -5.094362511649371438e-15 -3.859899628037441719e-14 -1.403494697458830221e-13 9.000050626608772509e-11
-1.865935826695199688e-06 1.599352006259734983e-03 -4.605369135354064029e-05 -9.950033216726665315e-05 -1.786382055341494395e-04 -2.858755522025098971e-04 -4.226924585423390388e-04 -5.895269058826411914e-04 -7.856231583939011272e-04 -1.008887189927885680e-03 -1.255790009336476588e-03 -1.521350784868692697e-03 -1.799213580377020992e-03 -2.081807240744248076e-03 -2.360556992853131506e-03 -2.626110238338274106e-03 -2.868554362522412852e-03 -3.077637483890709007e-03 -3.243040715289626560e-03 -3.354776293491477501e-03 -3.403786396168028729e-03 -3.382785397252178767e-03 -3.287323028246468080e-03 -3.116952900175723549e-03 -2.876286260897697577e-03 -2.575625050081912799e-03 -2.230844912185845578e-03 -1.862282838905744611e-03 -1.492596501526333164e-03 -1.143871146385579303e-03 -8.345570548420972118e-04 -5.769877060136864751e-04 -3.761431823097503109e-04 -2.299693655606334743e-04 -1.310695927230566592e-04 -6.916034588129126828e-05 -3.351800107860306781e-05 -1.479175603418054841e-05 -5.909443759234718480e-06 -2.165079116076009221e-06 -7.936938873248319209e-07 -3.677720602157635630e-07 -2.499929931468009030e-07 -2.038250747869196451e-07 -1.639982103214763249e-07 -1.232537711890437939e-07 -8.661645158238963366e-08 -5.767989974830892980e-08 -3.690732471383144268e-08 -2.296807445548539431e-08 -1.404333415011633325e-08 -8.508216280728630918e-09 -5.144597660976828873e-09 -3.123976898594061839e-09 -1.915601616725737131e-09 -1.192024413295204855e-09 -7.555829395902323610e-10 -4.876206972390907662e-10 -3.147507634057870267e-10 -1.821904706198118029e-10 -3.108681522253588449e-10 -2.555793947739867569e-10 -3.445319015674474289e-11 1.293264939585688622e-10 1.449127167178220472e-10 7.912483113434095328e-11 2.331978621815399332e-11 2.480321923806627154e-12 -5.613602482278278246e-13 -2.170721341743799472e-13 -2.801735237868618090e-14 -1.731159270228543895e-15 -6.088208007149308132e-17 -1.791625886411089513e-18 -4.582337472267150816e-20 -7.218524975040186893e-22 -6.555397587842926066e-24 -3.408099790829452451e-26 -9.730006774315855453e-29 -1.484684024389002449e-31 -1.181232244509267476e-34 -4.806796179022661002e-38 -9.881493074489487896e-42 -1.021876858936853219e-45 -5.336797991664611576e-50 -1.422668514622855395e-54 -1.965520811144820665e-59 -1.432429629568255503e-64 -5.611354773283279146e-70 -1.205251461896875039e-75 -1.450515755129720587e-81 -1.002817566231574533e-87 -4.101676389717050069e-94 -1.027453902818542179e-100 -1.639137179262280165e-107 -1.734888040092681427e-114 -1.270917341973453619e-121 9.901285188867060882e-117 -1.103028084578084339e-109 1.211012936982983245e-102 -1.205725814086162036e-95 1.003620575576787300e-88 -6.514009896280429722e-82 3.168010645523896490e-75 -1.156874710403107102e-68 3.146374483563884733e-62 -5.666093303921005447e-56 5.471314992773117441e-50 -2.173112916959106662e-44 1.564728580614964762e-39 4.303437031982661664e-34 -3.199306705667242668e-29 1.044148364398683865e-25 1.664281338300302207e-21 -4.814142744604482984e-19 -8.959760770728581805e-16 -4.058734833669507811e-14 -3.075224626765653410e-13 -1.118179711319909345e-12 7.170439672079602456e-10
-5.735509160346814843e-06 -4.605369135354064029e-05 9.589207319991001344e-03 -3.058437367953749614e-04 -5.490980346257107528e-04 -8.787256539400416710e-04 -1.299277559999351735e-03 -1.812102653333867155e-03 -2.414881651067502227e-03 -3.101182612990141356e-03 -3.860163241545714208e-03 -4.676518101160820340e-03 -5.530713402979820989e-03 -6.399477518632536860e-03 -7.256450928744741929e-03 -8.072880426089159775e-03 -8.818289296606465072e-03 -9.461156718474604543e-03 -9.969755439572928687e-03 -1.031337603998034105e-02 -1.046416768175938150e-02 -1.039972719594557150e-02 -1.010636729264859264e-02 -9.582708868668108476e-03 -8.842920993441496375e-03 -7.918667984040934568e-03 -6.858750935406893699e-03 -5.725689241515590465e-03 -4.589140541092395949e-03 -3.517006530846266722e-03 -2.566016937595275247e-03 -1.774098533121359986e-03 -1.156570885126538030e-03 -7.071263459037509334e-04 -4.030295372300717418e-04 -2.126667342942455520e-04 -1.030687222403548804e-04 -4.548542795905996338e-05 -1.817174937742909745e-05 -6.657436561602159906e-06 -2.440306635521526009e-06 -1.130637480476997322e-06 -7.685616080628510136e-07 -6.266803806567377306e-07 -5.042689890194756569e-07 -3.790091720833631475e-07 -2.663608220566224335e-07 -1.773827622401729409e-07 -1.135048879833958914e-07 -7.063840715620332541e-08 -4.319176110721660376e-08 -2.616883193160401881e-08 -1.582391058174283802e-08 -9.609236565696419178e-09 -5.892608330459372053e-09 -3.667007016967619254e-09 -2.324531514752587655e-09 -1.500247388782449923e-09 -9.684386620578471526e-10 -5.605928248032562242e-10 -9.565761668585852909e-10 -7.866582868325426106e-10 -1.064893701269355149e-10 3.974171518802418959e-10 4.455408064191303551e-10 2.433164756694398098e-10 7.172162265373847207e-11 7.632025512386822849e-12 -1.725251802033601295e-12 -6.674227185128840647e-13 -8.615417846191073425e-14 -5.323789684451193149e-15 -1.872365353303814001e-16 -5.509724577314708509e-18 -1.409134949353722640e-19 -2.219781618378703477e-21 -2.015847737785898614e-23 -1.048018291603977305e-25 -2.992046291414305903e-28 -4.565497151837397873e-31 -3.632356544270240523e-34 -1.478114783394772110e-37 -3.038606170125841213e-41 -3.142316301075291883e-45 -1.641087318409252718e-49 -4.374761192783340841e-54 -6.044050804277273849e-59 -4.404774706388106261e-64 -1.725512696584299926e-69 -3.706193997867533820e-75 -4.460390938759860503e-81 -3.083700955632452596e-87 -1.261279456770782769e-93 -3.159450261331712181e-100 -5.040378866758546021e-107 -5.334787662208089319e-114 -3.906867295138714097e-121 2.922303019718344310e-116 -3.255519090353953453e-109 3.574229683970557016e-102 -3.558625042712073076e-95 2.962123900189938206e-88 -1.922569553747083167e-81 9.350185879338746111e-75 -3.414443199165146105e-68 9.286326338196010644e-62 -1.672311777201475678e-55 1.614824248922572799e-49 -6.413806643270362233e-44 4.618199194062825639e-39 1.270132412071155264e-33 -9.442553446565195701e-29 3.081738794911956452e-25 4.912022226227152090e-21 -1.420864182528595821e-18 -2.644417351637693155e-15 -1.197910190120030673e-13 -9.076333001045689050e-13 -3.300237407336766689e-12 2.116310421235778382e-09
-1.239173771072428356e-05 -9.950033216726665315e-05 -3.058437367953749614e-04 3.278536865586745286e-02 -1.186345183211048437e-03 -1.898525714656571200e-03 -2.807168446813346381e-03 -3.915203744920593872e-03 -5.217644028095581865e-03 -6.700622352749136153e-03 -8.340745813887712537e-03 -1.010497580093500970e-02 -1.195112840651720368e-02 -1.382892824942187800e-02 -1.568140972876906972e-02 -1.744641784602675438e-02 -1.905806040193565309e-02 -2.044818146924375774e-02 -2.154817608235231469e-02 -2.229163824414535575e-02 -2.261833922848292822e-02 -2.247982199246842741e-02 -2.184646374258565962e-02 -2.071524082017413282e-02 -1.911673464426073485e-02 -1.711934585315420809e-02 -1.482852700262464463e-02 -1.237940116941257940e-02 -9.922544477164813026e-03 -7.604762061314104989e-03 -5.548730042302031651e-03 -3.836491079040413137e-03 -2.501218668479553760e-03 -1.529324489379053648e-03 -8.716908119543914689e-04 -4.599884004928553923e-04 -2.229423967124683306e-04 -9.838950464723869311e-05 -3.930661718605116690e-05 -1.439879667098300978e-05 -5.276425512822896960e-06 -2.443890606047891696e-06 -1.661327724814941056e-06 -1.354982742872960012e-06 -1.090565607689182061e-06 -8.198162865915073192e-07 -5.762316151220733304e-07 -3.837847981237700957e-07 -2.456037580889202507e-07 -1.528632694834940628e-07 -9.347707378262647833e-08 -5.664123379329953513e-08 -3.425394259604053301e-08 -2.080367503232798305e-08 -1.275912405311240864e-08 -7.941372671790218973e-09 -5.034972066399902304e-09 -3.250157860417725231e-09 -2.098385420649328609e-09 -1.214811389101287346e-09 -2.073210016134161693e-09 -1.706279027206797855e-09 -2.337803800456951945e-10 8.579575761298116242e-10 9.632858304438048610e-10 5.263396586427905880e-10 1.552171147778586077e-10 1.653979484097137664e-11 -3.725829476451970352e-12 -1.443162237378265672e-12 -1.863559456173969689e-13 -1.151830800777975371e-14 -4.051432182108439666e-16 -1.192047974852720374e-17 -3.048363765950552925e-19 -4.801905528157462656e-21 -4.360658403907653416e-23 -2.267028681464453798e-25 -6.472207135170838658e-28 -9.875723155993182475e-31 -7.857181695143177009e-34 -3.197307323870234305e-37 -6.572776598017742869e-41 -6.797087685183144738e-45 -3.549796673927278653e-49 -9.462922553953401420e-54 -1.307370089355207725e-58 -9.527829534871044497e-64 -3.732402884733110847e-69 -8.016755701713001440e-75 -9.648135750635689842e-81 -6.670252819616249361e-87 -2.728225237843313099e-93 -6.834051398525927707e-100 -1.090250124105751492e-106 -1.153914783253627162e-113 -8.443502862579916179e-121 5.608610620824754287e-116 -6.248133305172569041e-109 6.859816420846800168e-102 -6.829867174610575397e-95 5.685036079420570261e-88 -3.689878062884464600e-81 1.794527425582890120e-74 -6.553142485942885441e-68 1.782270255221263378e-61 -3.209570026131784424e-55 3.099237938307481347e-49 -1.230964691173788724e-43 8.863446208878708176e-39 2.437691048262199735e-33 -1.812254555480485912e-28 5.914604133513854145e-25 9.427359837640774052e-21 -2.726982774453266106e-18 -5.075277247453441438e-15 -2.299079673520445352e-13 -1.741968008487066506e-12 -6.333954332459003995e-12 4.061712165079669131e-09
-2.224753928325431943e-05 -1.786382055341494395e-04 -5.490980346257107528e-04 -1.186345183211048437e-03 8.352464066533617226e-02 -3.408590795718058255e-03 -5.040042543793504803e-03 -7.029608197719467225e-03 -9.368424919637057674e-03 -1.203171250531565040e-02 -1.497759920473496799e-02 -1.814688430782870204e-02 -2.146390957329409599e-02 -2.483842768492966133e-02 -2.816810606519298474e-02 -3.134122500965483282e-02 -3.423930153432334922e-02 -3.673975687379432697e-02 -3.871919381339869459e-02 -4.005816272714107784e-02 -4.064830912408665814e-02 -4.040242026618640764e-02 -3.926711111341745636e-02 -3.723677905592797516e-02 -3.436620523461607346e-02 -3.077814977665128612e-02 -2.666200250241675812e-02 -2.226054780563800628e-02 -1.784443502409161636e-02 -1.367763285874019560e-02 -9.980823188990241637e-03 -6.901699615227661205e-03 -4.500117568363229403e-03 -2.751837343671006183e-03 -1.568685600095477868e-03 -8.278808720244541872e-04 -4.012858531901238339e-04 -1.771058341342202384e-04 -7.075090693375149964e-05 -2.591084112688667542e-05 -9.488974557492353194e-06 -4.391952073427550619e-06 -2.985876560854534021e-06 -2.436674562863865767e-06 -1.962192564774341168e-06 -1.475629679435988491e-06 -1.037505173733757793e-06 -6.911788208430862835e-07 -4.424200548413682534e-07 -2.754196604752397445e-07 -1.684570361737246402e-07 -1.020972043356680428e-07 -6.175867281893931814e-08 -3.751862654254387260e-08 -2.301780854936141233e-08 -1.433155728984967668e-08 -9.090029893407183844e-09 -5.870130610976992019e-09 -3.791274183948826952e-09 -2.195402648735259563e-09 -3.747875219243938198e-09 -3.089830179875227089e-09 -4.344096773276900715e-10 1.537652619363435350e-09 1.732126708140139938e-09 9.475235991368276851e-10 2.796996565036063068e-10 2.989501774111391805e-11 -6.682678263011421541e-12 -2.595626693390724751e-12 -3.354334317586390608e-13 -2.074308629929562754e-14 -7.297989265899166559e-16 -2.146690427972580810e-17 -5.488245875081508961e-19 -8.644833265794758672e-21 -7.850101949025732274e-23 -4.081000833614793788e-25 -1.165073171279415701e-27 -1.777716670739914113e-30 -1.414343671502602157e-33 -5.755299626037921453e-37 -1.183119374345855431e-40 -1.223486914548221616e-44 -6.389654032581695103e-49 -1.703324079301461721e-53 -2.353257549368908239e-58 -1.715001656879984643e-63 -6.718297847817905383e-69 -1.443011194575415213e-74 -1.736658439361983549e-80 -1.200638699211500140e-86 -4.910749429880394188e-93 -1.230101727758428639e-99 -1.962369259294613618e-106 -2.076894463068083395e-113 -1.517394414169565153e-120 7.761346500817213016e-116 -8.646335130589095259e-109 9.492798545616342436e-102 -9.451353590760556697e-95 7.867104732361354352e-88 -5.106150472554293640e-81 2.483313050786751121e-74 -9.068399982515740051e-68 2.466348139205438836e-61 -4.441479369208131609e-55 4.288800343037898476e-49 -1.703439381276645464e-43 1.226547093590029330e-38 3.373335883636341293e-33 -2.507842920926463316e-28 8.184781393728254859e-25 1.304581607644402937e-20 -3.773668403213358391e-18 -7.023296074731621111e-15 -3.181523995981597423e-13 -2.410578818577067087e-12 -8.765083742923228927e-12 5.620699402089835890e-09
-3.560282780009521743e-05 -2.858755522025098971e-04 -8.787256539400416710e-04 -1.898525714656571200e-03 -3.408590795718058255e-03 1.774761133489007048e-01 -8.066143792504790536e-03 -1.125079495155820695e-02 -1.499502001433776835e-02 -1.925950627523957334e-02 -2.397762266492323852e-02 -2.905497384354475618e-02 -3.437071485743386362e-02 -3.978047087791549558e-02 -4.512030747673675957e-02 -5.021105787910561113e-02 -5.486257039641916078e-02 -5.887804267622695487e-02 -6.205932439607141776e-02 -6.421458071183104577e-02 -6.516974627511425144e-02 -6.478461134710380986e-02 -6.297314146252912248e-02 -5.972585086623211081e-02 -5.513003730144517417e-02 -4.938202400690135108e-02 -4.278508474293159919e-02 -3.572831463677214603e-02 -2.864576252293234496e-02 -2.196105416504854149e-02 -1.602864287463129020e-02 -1.108607020836333348e-02 -7.230009770093006639e-03 -4.422137565762917014e-03 -2.521382146796699759e-03 -1.330940182145847308e-03 -6.452360253908145460e-04 -2.847993818115829691e-04 -1.137635018891121807e-04 -4.164293704075840743e-05 -1.523203478825254076e-05 -7.040818869536241463e-06 -4.787579745956975516e-06 -3.911189959247954948e-06 -3.152671024549267655e-06 -2.372659907896132587e-06 -1.669153545988484044e-06 -1.112502723440717139e-06 -7.124046897845979526e-07 -4.436682471393248451e-07 -2.714715171668573169e-07 -1.645998765933895185e-07 -9.961183265767886913e-08 -6.054546255415326548e-08 -3.716645775934057269e-08 -2.315618520490228110e-08 -1.469786155633804317e-08 -9.498608530243244047e-09 -6.138841569174975882e-09 -3.556392823760017416e-09 -6.074801755123163277e-09 -5.023956131326621116e-09 -7.393044704621920052e-10 2.452540608931742064e-09 2.779889775674174051e-09 1.523947741655649103e-09 4.506805390874688914e-10 4.844059733910676187e-11 -1.067438858102347561e-11 -4.167569580939781565e-12 -5.393533560066457637e-13 -3.338508325169327134e-14 -1.175130805931939250e-15 -3.454866351898909941e-17 -8.828626164579204960e-19 -1.390503611346024987e-20 -1.262565957480142968e-22 -6.563270590421069725e-25 -1.873658226226186111e-27 -2.858817664380840646e-30 -2.274409749608612089e-33 -9.254930873310375149e-37 -1.902508745197441651e-40 -1.967394405681236321e-44 -1.027459365924093180e-48 -2.738931349373851135e-53 -3.784001643786078939e-58 -2.757691952174968752e-63 -1.080291052566120416e-68 -2.320340948124894893e-74 -2.792520889144548276e-80 -1.930601212724602068e-86 -7.896295786685386973e-93 -1.977916035638247308e-99 -3.155239961683576966e-106 -3.339184372215259806e-113 -2.434741705187830740e-120 7.648221490629620259e-116 -8.520311081129994209e-109 9.354436966355541610e-102 -9.313595738359972824e-95 7.752436697311031845e-88 -5.031722593482844774e-81 2.447113347882885419e-74 -8.936194091604543596e-68 2.430388844763931722e-61 -4.376721895532698002e-55 4.226271451262854099e-49 -1.678605591082463834e-43 1.208669355592034592e-38 3.324154309096415086e-33 -2.471282860889652506e-28 8.065474987513502560e-25 1.285563427602321948e-20 -3.718660251253495213e-18 -6.920912909414413711e-15 -3.135144499533980741e-13 -2.375437760683142763e-12 -8.637306847630644409e-12 5.538764003832048235e-09
-5.264192416626846171e-05 -4.226924585423390388e-04 -1.299277559999351735e-03 -2.807168446813346381e-03 -5.040042543793504803e-03 -8.066143792504790536e-03 3.333791607359828935e-01 -1.663840436227480638e-02 -2.217798557518915054e-02 -2.848927356607816944e-02 -3.547467124403966277e-02 -4.299545606034860246e-02 -5.087352903792870945e-02 -5.889555744464982506e-02 -6.681875066254544526e-02 -7.437727566836038751e-02 -8.128865183728423149e-02 -8.726031906531958593e-02 -9.199762250675097564e-02 -9.521523626523090145e-02 -9.665414103867214779e-02 -9.610543137928680146e-02 -9.344040555590918395e-02 -8.864374865709236107e-02 -8.184362050866068883e-02 -7.332997143292031839e-02 -6.355168247224048106e-02 -5.308545114618459793e-02 -4.257533623610675749e-02 -3.265064949124198146e-02 -2.383867533545011921e-02 -1.649357182186900195e-02 -1.076047430572410653e-02 -6.583878369524352563e-03 -3.755286577500276373e-03 -1.982935539137637218e-03 -9.615916565950837804e-04 -4.244999811696769754e-04 -1.695423739277115321e-04 -6.200911845678319613e-05 -2.263523633972976498e-05 -1.043940125168184197e-05 -7.100766940397017670e-06 -5.811575832080394411e-06 -4.692291199827733196e-06 -3.535767826171459014e-06 -2.489783698391443378e-06 -1.660771048390367685e-06 -1.064238437882828243e-06 -6.632189486063634389e-07 -4.060777163328394464e-07 -2.463853631865538572e-07 -1.492190476710045117e-07 -9.077427103510949559e-08 -5.577642104379795727e-08 -3.478885106398523629e-08 -2.210789616947091608e-08 -1.430493417055288991e-08 -9.255233551957149027e-09 -5.365739963205674305e-09 -9.174114736500987436e-09 -7.626111276539887945e-09 -1.203518578056924905e-09 3.605397237161332123e-09 4.129766504733970796e-09 2.272116247755564368e-09 6.739958288628987830e-10 7.311587060767909515e-11 -1.573154737713682648e-11 -6.195948543665257846e-12 -8.037971594600432385e-13 -4.983245515495305772e-14 -1.755434757275414200e-15 -5.156578370017108336e-17 -1.316700393846213762e-18 -2.073445890251430500e-20 -1.882407154370528997e-22 -9.784485395650550487e-25 -2.793062895651724050e-27 -4.261424259869608138e-30 -3.390159792171774510e-33 -1.379464438805396114e-36 -2.835646829119875451e-40 -2.932290371029157929e-44 -1.531342210626822427e-48 -4.082094239069533622e-53 -5.639620407584116233e-58 -4.110013375954885614e-63 -1.610047870312518388e-68 -3.458205302103967575e-74 -4.161934649303841500e-80 -2.877321861779280586e-86 -1.176824355056591693e-92 -2.947687838252391874e-99 -4.701981390534347787e-106 -4.975610012216321781e-113 -3.621199207622828255e-120 5.045034996368056875e-116 -5.620296740163582489e-109 6.170516695662482409e-102 -6.143577254236286307e-95 5.113780791142526206e-88 -3.319098693443165749e-81 1.614196866577282289e-74 -5.894585497345764207e-68 1.603152951513330422e-61 -2.887007037570922891e-55 2.787769991595757586e-49 -1.107259536531667793e-43 7.972824972862042839e-39 2.192708000043065996e-33 -1.630135915660838499e-28 5.320271942951430355e-25 8.479991902754631461e-21 -2.452959083955743216e-18 -4.565265052871958795e-15 -2.068045442299619427e-13 -1.566917367028452410e-12 -5.697452262146659195e-12 3.653558314524063009e-09
-7.341935339386291594e-05 -5.895269058826411914e-04 -1.812102653333867155e-03 -3.915203744920593872e-03 -7.029608197719467225e-03 -1.125079495155820695e-02 -1.663840436227480638e-02 5.727849994162513836e-01 -3.094516599474775309e-02 -3.975980449532229288e-02 -4.952175169004402466e-02 -6.003936306170012949e-02 -7.106553001148137316e-02 -8.230308006807342258e-02 -9.341261515392658421e-02 -1.040214761536519816e-01 -1.137328910002805699e-01 -1.221354710594082377e-01 -1.288146613265575002e-01 -1.333688818323933156e-01 -1.354333063287072592e-01 -1.347131203486816864e-01 -1.310255864767793377e-01 -1.243465423241420370e-01 -1.148527251095285417e-01 -1.029477780477517507e-01 -8.925871171735215437e-02 -7.459278735300695073e-02 -5.985314479793563819e-02 -4.592380005910674801e-02 -3.354702898590699450e-02 -2.322310188560313196e-02 -1.515919307253289598e-02 -9.280424812214849856e-03 -5.296230350027922307e-03 -2.798049067336914192e-03 -1.357447100591714553e-03 -5.993878268992630914e-04 -2.393327083081504998e-04 -8.741862720369389774e-05 -3.180732608622809023e-05 -1.461742391812873858e-05 -9.947706258347008331e-06 -8.165371719255439092e-06 -6.610053656979256544e-06 -4.990613309245962292e-06 -3.519517319948933309e-06 -2.350527893999557798e-06 -1.507874470226693893e-06 -9.406455414597189467e-07 -5.765271303624184584e-07 -3.501771256157875294e-07 -2.123246232802252592e-07 -1.293307974446979751e-07 -7.958450512892618211e-08 -4.972091150121560039e-08 -3.165454636914394190e-08 -2.052015120616306764e-08 -1.329838537086690873e-08 -7.718293326634005608e-09 -1.321523766473606548e-08 -1.106958623714936917e-08 -1.921741372545306840e-09 4.980869026545817019e-09 5.801070688311230212e-09 3.209555261956051580e-09 9.565741238941666492e-10 1.052348288064291744e-10 -2.182202123293201407e-11 -8.713838861704950695e-12 -1.134683099942020556e-12 -7.051795992730486477e-14 -2.487094328362306577e-15 -7.296304500281207991e-17 -1.860845518209660193e-18 -2.929566623540167506e-20 -2.659072455466153831e-22 -1.381943462339682109e-24 -3.944490951008553370e-27 -6.017708816728790338e-30 -4.787079820699340289e-33 -1.947777347192678431e-36 -4.003711250949046668e-40 -4.140019014042400837e-44 -2.161998701025897526e-48 -5.763116922831987784e-53 -7.961945186801164548e-58 -5.802443246584806580e-63 -2.273040968502723404e-68 -4.882257899458646313e-74 -5.875772626110835615e-80 -4.062128282149220238e-86 -1.661365271092906737e-92 -4.161142309781977271e-99 -6.637024769750698982e-106 -7.022205544136230611e-113 -5.104483632380478349e-120 2.091403005488487663e-116 -2.329878446691066912e-109 2.557974157343510252e-102 -2.546810068403905764e-95 2.119910932503171230e-88 -1.375925116494628764e-81 6.691566692047874782e-75 -2.443534422971145020e-68 6.645604137192698975e-62 -1.196756748085065919e-55 1.155626146044050214e-49 -4.590021269648521886e-44 3.305171792043919795e-39 9.089531174950548556e-34 -6.757593702654276181e-29 2.205532913396945432e-25 3.515334291467646464e-21 -1.016881571543597525e-18 -1.892521330878685727e-15 -8.573035291524493332e-14 -6.495617587657150547e-13 -2.361863463947606234e-12 1.514586624117187560e-09
-9.784096758641977140e-05 -7.856231583939011272e-04 -2.414881651067502227e-03 -5.217644028095581865e-03 -9.368424919637057674e-03 -1.499502001433776835e-02 -2.217798557518915054e-02 -3.094516599474775309e-02 9.198178925035767062e-01 -5.303373715166230518e-02 -6.607933017819360433e-02 -8.014895126992004071e-02 -9.491588097900476029e-02 -1.099849764091249821e-01 -1.249026585982514065e-01 -1.391688353444819892e-01 -1.522494858763656644e-01 -1.635899430842425173e-01 -1.726307680505131392e-01 -1.788296919235662641e-01 -1.816935261899003395e-01 -1.808226066627303952e-01 -1.759670478006991889e-01 -1.670891256317150186e-01 -1.544203751176796979e-01 -1.384971402454689970e-01 -1.201567369731072199e-01 -1.004805481753812402e-01 -8.068149793551365745e-02 -6.194986970789567726e-02 -4.528819324014280584e-02 -3.137548317608290782e-02 -2.049714797552209741e-02 -1.255842669505677009e-02 -7.172628414123335787e-03 -3.792174850728200711e-03 -1.840861641141679087e-03 -8.130933715390431049e-04 -3.245364180777081387e-04 -1.183022805357887385e-04 -4.283445880515262600e-05 -1.957914489296348567e-05 -1.333495578319293507e-05 -1.099413951941109834e-05 -8.935082820025831276e-06 -6.765715165357095678e-06 -4.781970313694673222e-06 -3.199452645271728261e-06 -2.055726386577966015e-06 -1.284318277309660262e-06 -7.883310785554109502e-07 -4.795641814257068084e-07 -2.912636179950973972e-07 -1.777453835115387552e-07 -1.096076293884133392e-07 -6.864062916351126979e-08 -4.381281782459070463e-08 -2.847649969439261723e-08 -1.849759846402783488e-08 -1.075256780018756149e-08 -1.844730940606586668e-08 -1.561656028323651051e-08 -3.049626714426216957e-09 6.537822775363442199e-09 7.809295772591650625e-09 4.356483417880030563e-09 1.307336680878337858e-09 1.467133642791849402e-10 -2.882755683085588922e-11 -1.175172689131311872e-11 -1.538706829143041533e-12 -9.596745220553187591e-14 -3.390546844964126568e-15 -9.927951898014326251e-17 -2.527637593361512995e-18 -3.977811817894768583e-20 -3.609394118287093980e-22 -1.875430578356705736e-24 -5.352302563170233321e-27 -8.164540281528603876e-30 -6.494319952278909816e-33 -2.642231498232192984e-36 -5.430851652340904080e-40 -5.615461310496778635e-44 -2.932384286316947252e-48 -7.816461408335575691e-53 -1.079852828511281512e-57 -7.869622760242304352e-63 -3.082843317792943092e-68 -6.621662431158283504e-74 -7.969131297244982501e-80 -5.509257361540107343e-86 -2.253136947896818744e-92 -5.642902897761881467e-99 -8.999276587332477188e-106 -9.519475753558626473e-113 -6.914941835861350648e-120 6.435092710557645783e-117 -7.168906920488001148e-110 7.870805141064340415e-103 -7.836518147049016796e-96 6.522986809689335953e-89 -4.233709727774574964e-82 2.058924900427261658e-75 -7.518035089447987580e-69 2.044534479795058848e-62 -3.681785962817551651e-56 3.555335006056401627e-50 -1.412213542369047319e-44 1.017086536989311629e-39 2.796442190237596185e-34 -2.079183901125971609e-29 6.786880621211244068e-26 1.081639143017668326e-21 -3.129176778381860154e-19 -5.823377506244803605e-16 -2.637958112274985236e-14 -1.998725683298241356e-13 -7.267527135411149028e-13 4.660640073404441566e-10
-1.256459411320413519e-04 -1.008887189927885680e-03 -3.101182612990141356e-03 -6.700622352749136153e-03 -1.203171250531565040e-02 -1.925950627523957334e-02 -2.848927356607816944e-02 -3.975980449532229288e-02 -5.303373715166230518e-02 1.400962480099145147e+00 -8.500263129685975416e-02 -1.031623234913650600e-01 -1.222517524174520642e-01 -1.417654727126063385e-01 -1.611192612537057089e-01 -1.796652506070915700e-01 -1.967086623593030659e-01 -2.115259129963990292e-01 -2.233861059096457213e-01 -2.315800389626045674e-01 -2.354616500221086428e-01 -2.345053594783048367e-01 -2.283786785371810235e-01 -2.170230599524757276e-01 -2.007284480089161216e-01 -1.801805233223940095e-01 -1.564573606198026989e-01 -1.309573774583646932e-01 -1.052547204193278185e-01 -8.089965760799103234e-02 -5.920351140082120295e-02 -4.106047555550478012e-02 -2.685397825514456230e-02 -1.647158598800984100e-02 -9.417902418498375408e-03 -4.984329431202348150e-03 -2.421588775588167167e-03 -1.070020078061133164e-03 -4.268233743834296424e-04 -1.551316764628142065e-04 -5.577001770308016832e-05 -2.529038011159961261e-05 -1.724550199967761073e-05 -1.431079914368588770e-05 -1.169714550957676931e-05 -8.894312655235185868e-06 -6.306340843765399415e-06 -4.230169655291071331e-06 -2.724058830133742101e-06 -1.705403554455108883e-06 -1.048952825475011110e-06 -6.394713000280196899e-07 -3.892793894196499365e-07 -2.381683170326715736e-07 -1.472905337574848278e-07 -9.253611806016339380e-08 -5.927125122990788881e-08 -3.865958312867591781e-08 -2.519015517739644844e-08 -1.467308407559572722e-08 -2.523983752888035514e-08 -2.166287971711829749e-08 -4.833640878207452112e-09 8.197603876787107890e-09 1.016512781642711022e-08 5.737574095619477847e-09 1.738283094898237297e-09 2.003654500795644600e-10 -3.650825034203378366e-11 -1.533795478927834747e-11 -2.023910320023505126e-12 -1.268556316421830993e-13 -4.492599910961705545e-15 -1.312054998748883247e-16 -3.332443616165301904e-18 -5.241612909707879894e-20 -4.754063003205391027e-22 -2.469458995993762726e-24 -7.046228704324989346e-27 -1.074681121874599215e-29 -8.547310175843560906e-33 -3.477146791602139568e-36 -7.146338032555784319e-40 -7.388741069843258197e-44 -3.858170749619871301e-48 -1.028378923561270605e-52 -1.420683552249315499e-57 -1.035341025880823186e-62 -4.055856716252106657e-68 -8.711664605397690728e-74 -1.048442576614408233e-79 -7.247990428314768016e-86 -2.964071120369548095e-92 -7.422643743920233593e-99 -1.183548909106367061e-105 -1.251585000456548033e-112 -9.086052839156189720e-120 3.336726572190354120e-117 -3.717267499812946111e-110 4.081281284765352549e-103 -4.063567939724541577e-96 3.382482232716146071e-89 -2.195358507178918676e-82 1.067577199477568790e-75 -3.897733527702734343e-69 1.059870136134820071e-62 -1.908545672890626801e-56 1.843081421628332251e-50 -7.321623703559035696e-45 5.274905098650243671e-40 1.449680575280057550e-34 -1.078026398248330965e-29 3.519767637255025375e-26 5.608514588880114676e-22 -1.622856555375165575e-19 -3.019785055709676143e-16 -1.367941245958156284e-14 -1.036458552295338357e-13 -3.768638062373022401e-13 2.417020017581109422e-10
-1.563947349522852766e-04 -1.255790009336476588e-03 -3.860163241545714208e-03 -8.340745813887712537e-03 -1.497759920473496799e-02 -2.397762266492323852e-02 -3.547467124403966277e-02 -4.952175169004402466e-02 -6.607933017819360433e-02 -8.500263129685975416e-02 2.044870189635836333e+00 -1.287791921244532678e-01 -1.527405666299791187e-01 -1.772897984741206856e-01 -2.016979748557898300e-01 -2.251504734923412965e-01 -2.467684493493762232e-01 -2.656329376979314483e-01 -2.808134362787637617e-01 -2.914055125057636308e-01 -2.965833269024272245e-01 -2.956715736400101768e-01 -2.882365187662928041e-01 -2.741878636495201915e-01 -2.538735609048425323e-01 -2.281412722350428524e-01 -1.983368921268136298e-01 -1.662166573891498411e-01 -1.337670686625540839e-01 -1.029538479799105288e-01 -7.544923063248085149e-02 -5.240374164688508390e-02 -3.432348731568311134e-02 -2.108463287106242950e-02 -1.207308862818784120e-02 -6.398188072129252189e-03 -3.111870864904821895e-03 -1.375687723191398480e-03 -5.482377929671664605e-04 -1.984238858312609990e-04 -7.060943526968104433e-05 -3.165411399090946353e-05 -2.162365182899106785e-05 -1.811305261629259347e-05 -1.492542020819655897e-05 -1.141567291883217603e-05 -8.129504499824519829e-06 -5.472272150645052947e-06 -3.534629538245705417e-06 -2.219085067881346040e-06 -1.368673553574331336e-06 -8.367582279203312184e-07 -5.109345352699611226e-07 -3.136521761414228558e-07 -1.947016820897964276e-07 -1.228332564576228386e-07 -7.903049314585466821e-08 -5.177936604395081331e-08 -3.387140908303454787e-08 -1.978102318383562130e-08 -3.413867596405916265e-08 -2.980052803521198520e-08 -7.653967278182179686e-09 9.825829464735823088e-09 1.287165522350657909e-08 7.383745693595291208e-09 2.265824523772296192e-09 2.702988653292818325e-10 -4.444842504160189962e-11 -1.949767893093842086e-11 -2.600263081212974409e-12 -1.640706510666176417e-13 -5.829199780058444514e-15 -1.696485009984515393e-16 -4.294986305431762095e-18 -6.750859964110593727e-20 -6.119330608233981164e-22 -3.177361695598119540e-24 -9.063750406062526785e-27 -1.382099842839316611e-29 -1.099055133657274890e-32 -4.470484935153879518e-36 -9.186842307847729920e-40 -9.497563616526276095e-44 -4.958959003334250508e-48 -1.321717820091657665e-52 -1.825867754052104621e-57 -1.330610789128283280e-62 -5.212576509572975006e-68 -1.119631112598377915e-73 -1.347466167138357083e-79 -9.314909185831728822e-86 -3.809062904259953911e-92 -9.537354083649026592e-99 -1.520378837389136288e-105 -1.607126535027063470e-112 -1.165847436707171458e-119 2.795213953932077893e-117 -3.114025972078395979e-110 3.419007446010799550e-103 -3.404211270044504779e-96 2.833661239720797797e-89 -1.839134798271608410e-82 8.943054623399645918e-76 -3.264799619718603501e-69 8.876797471725499930e-63 -1.598433887115772070e-56 1.543664857834292964e-50 -6.132688446634595534e-45 4.419560688930957927e-40 1.214180557361733337e-34 -9.030188215707808201e-30 2.948950601094868084e-26 4.698276327978618021e-22 -1.359685413661589498e-19 -2.529852618837158383e-16 -1.146002159053885048e-14 -8.682994202157633523e-14 -3.157201515523142061e-13 2.025005496474393050e-10
-1.894670019678725275e-04 -1.521350784868692697e-03 -4.676518101160820340e-03 -1.010497580093500970e-02 -1.814688430782870204e-02 -2.905497384354475618e-02 -4.299545606034860246e-02 -6.003936306170012949e-02 -8.014895126992004071e-02 -1.031623234913650600e-01 -1.287791921244532678e-01 2.882167121876939131e+00 -1.858755261859894037e-01 -2.160049008535760429e-01 -2.460553197498964451e-01 -2.750294631339170182e-01 -3.018426179858414993e-01 -3.253539125497914575e-01 -3.444037159336042486e-01 -3.578617428056569683e-01 -3.646924641005974133e-01 -3.640434121927068611e-01 -3.553566415017800906e-01 -3.384940760470186993e-01 -3.138555244266180710e-01 -2.824573058202665132e-01 -2.459347674547887053e-01 -2.064388056218925682e-01 -1.664178112893697215e-01 -1.283096710843285027e-01 -9.420359728885061013e-02 -6.555344404797738833e-02 -4.301912870994090837e-02 -2.647743470240394512e-02 -1.518960294952277634e-02 -8.063736322805797885e-03 -3.927290192603138247e-03 -1.737084141248882016e-03 -6.912855732480445523e-04 -2.487177365496924639e-04 -8.723862266186037980e-05 -3.846641735027919425e-05 -2.634737299556231036e-05 -2.236982828907227067e-05 -1.864392884828418374e-05 -1.437512917591996108e-05 -1.029786175245025674e-05 -6.964520549334050190e-06 -4.516627382429740999e-06 -2.846073209806913511e-06 -1.761695947935962745e-06 -1.081000759687473757e-06 -6.626560993004076626e-07 -4.085319832586511582e-07 -2.548003376542412970e-07 -1.615857322679512586e-07 -1.045403523866379046e-07 -6.886960277942859361e-08 -4.526530029660225648e-08 -2.651751085713276853e-08 -4.594533937210012882e-08 -4.090727203570710830e-08 -1.208780598599979755e-08 1.120376645393321215e-08 1.591843670238440692e-08 9.333818331705344232e-09 2.912447443529308337e-09 3.624578919754758067e-10 -5.197316991058029951e-11 -2.424917145739437287e-11 -3.280210419977737426e-12 -2.087889048778462403e-13 -7.448767893462796580e-15 -2.158096369012238236e-16 -5.440790997220886297e-18 -8.544014828171061461e-20 -7.738803136094248889e-22 -4.016144954990331136e-24 -1.145255922173478855e-26 -1.745882197457597859e-29 -1.388046947747035616e-32 -5.644991851707986059e-36 -1.159875430459206777e-39 -1.198958299139327179e-43 -6.259503880922546441e-48 -1.668236564228405311e-52 -2.304467366410527207e-57 -1.679371122155566557e-62 -6.578865598873699770e-68 -1.413118955199935306e-73 -1.700673214025194722e-79 -1.175616687620873684e-85 -4.806891086622256506e-92 -1.203360219491597224e-98 -1.917717296036728826e-105 -2.026066700253527276e-112 -1.468342877724621518e-119 2.370173005341332210e-117 -2.640537984254938593e-110 2.899191491230909171e-103 -2.886692306351964566e-96 2.402903836008973464e-89 -1.559539510545307730e-82 7.582990145072213395e-76 -2.767934261553743339e-69 7.524922895904426187e-63 -1.354955930969919610e-56 1.308593794470246253e-50 -5.199342994328514837e-45 3.748299816045490874e-40 1.029292495805177285e-34 -7.656424797120799450e-30 2.500972444431807733e-26 3.983808106488792792e-22 -1.153151368238165754e-19 -2.145321523933191983e-16 -9.718096440342271495e-15 -7.363174428397151003e-14 -2.677315017221609737e-13 1.717348696060085150e-10
