1.561903640031072314e-04 -7.710648117174295955e-06 -2.368150319337632257e-05 -5.107805760881463830e-05 -9.141917082861270309e-05 -1.455439477422060160e-04 -2.134910727141640962e-04 -2.943503348380639316e-04 -3.861644219394007207e-04 -4.859482878057928596e-04 -5.898560410820065424e-04 -6.934640580789228287e-04 -7.920890529153484794e-04 -8.810617060376717269e-04 -9.559274375378838239e-04 -1.012594660476818544e-03 -1.047464312567319153e-03 -1.057576981815744983e-03 -1.040813440464213738e-03 -9.961389598577403102e-04 -9.238216866133273008e-04 -8.255766092083720743e-04 -7.046349827924883310e-04 -5.656998336524671732e-04 -4.147295003640593422e-04 -2.585760034719255997e-04 -1.045231659991641913e-04 4.027674477038511254e-05 1.694084153027382864e-04 2.777299649482749266e-04 3.617866612806701506e-04 4.200569724167611861e-04 4.529664619284061292e-04 4.626705014701998245e-04 4.526635508268884002e-04 4.272741818028368932e-04 3.911227023304521917e-04 3.486332697713927188e-04 3.036645076621002763e-04 2.592844467469051823e-04 2.176899302894481187e-04 1.802481711683925696e-04 1.476209481113563784e-04 1.199285174932927865e-04 9.691803473583918745e-05 7.811275633030852249e-05 6.292943657311825310e-05 5.076044962682587199e-05 4.102314874230889881e-05 3.318134936416562139e-05 2.674238441333442562e-05 2.122562235838659485e-05 1.606885228707226275e-05 1.024741125271164244e-05 2.027624139511073544e-05 2.602374720798191808e-05 2.388252286436024012e-05 1.719491722075885311e-05 9.486182486406694516e-06 3.658647225360790402e-06 7.935563979963178717e-07 8.717427554055435304e-08 1.195903219911039083e-07 1.201634332805772793e-07 4.730354297184082758e-08 6.303580598038224593e-09 -7.784541204700597402e-10 -2.684595813907886655e-10 -6.813352470899294985e-12 2.741240035281061917e-12 1.149312662164444318e-13 -8.514558641818297074e-15 -1.820006787597470423e-16 8.314371277804544304e-18 -3.145447540765694073e-20 -1.491728880869600232e-21 1.799136683218706453e-23 -1.311718603664971024e-26 -2.403100291229910557e-28 1.334241083825418754e-31 7.168243127040755878e-34 1.486650665931906381e-37 -1.278686878548287833e-39 4.901952248987598950e-43 1.719814818776901612e-46 -1.298735094835266842e-49 2.904312557445325341e-53 -3.309235585168333436e-57 2.219948372225305809e-61 -9.393772988753829590e-66 2.611306433108386967e-70 -4.922077353735883951e-75 6.502425717470605619e-80 -6.254965400157609003e-85 4.576475610309054350e-90 -2.513095044465613073e-95 4.336920663212781536e-91 1.163043616113687239e-85 2.866655367882207098e-80 6.069546929930117740e-75 1.030691961457335217e-69 1.313958329858446443e-64 1.191829016049251810e-59 7.513232256812954257e-55 3.412575735422710222e-50 1.197504554909225527e-45 3.117743702070859695e-41 5.103432059883728001e-37 4.531248315920010638e-33 2.004181077094432299e-29 4.195957585791668476e-26 4.005655103180181086e-23 1.692026226316027114e-20 3.110193828711266341e-18 2.357285669466036207e-16 8.444309295715106626e-15 1.080314509003166256e-13 4.918523917586108783e-13 1.457035192593904701e-12 1.355590520184106918e-11
-7.710648117174295955e-06 4.294850051926965562e-03 -1.900898947908862718e-04 -4.100004825908780035e-04 -7.338170031320945166e-04 -1.168276239809461995e-03 -1.713691105006188682e-03 -2.362758835161876247e-03 -3.099772093122931879e-03 -3.900773159332067246e-03 -4.734892034325143516e-03 -5.566618102497856296e-03 -6.358353724533576112e-03 -7.072612145282117756e-03 -7.673630516004957373e-03 -8.128560553364947566e-03 -8.408508544732290826e-03 -8.489716582981702425e-03 -8.355171984615180833e-03 -7.996567655882880557e-03 -7.416055018532776398e-03 -6.627400396381895493e-03 -5.656542280988476057e-03 -4.541233729032613346e-03 -3.329305286219251710e-03 -2.075762400825179998e-03 -8.390771109288316888e-04 3.233343600669463021e-04 1.359971030475230595e-03 2.229554185614358430e-03 2.904348933977958513e-03 3.372139254594420758e-03 3.636339753777926946e-03 3.714251824393449784e-03 3.633927087626991070e-03 3.430113522737767828e-03 3.139901541571323441e-03 2.798807340218879055e-03 2.437807391486559484e-03 2.081531598142450246e-03 1.747616241447395294e-03 1.447037518092542151e-03 1.185108484395967169e-03 9.627948704988147392e-04 7.780671320265849936e-04 6.270982240961665150e-04 5.052060510178176976e-04 4.075127398544746795e-04 3.293409011017777908e-04 2.663861027720017586e-04 2.146932368212988579e-04 1.704037838830404431e-04 1.290042605922598208e-04 8.226849826745366990e-05 1.627823294896082735e-04 2.089252537929706035e-04 1.917360479196201443e-04 1.380472794257505786e-04 7.615994032966163011e-05 2.937450403305306773e-05 6.371901607097711538e-06 7.001406994588147875e-07 9.600754755433445324e-07 9.646513375716119572e-07 3.797491249504601645e-07 5.060591339388324968e-08 -6.249096132217305388e-09 -2.155162681224828022e-09 -5.469951631669261890e-11 2.200629675014260443e-11 9.226673826108393839e-13 -6.835369188070066453e-14 -1.461092526121246247e-15 6.674671854863506859e-17 -2.525223860673245141e-19 -1.197542002282994103e-20 1.444351076398746854e-22 -1.053062567848404872e-25 -1.929213822456829386e-27 1.071031678663804316e-30 5.754917620783788397e-33 1.193483655284286413e-36 -1.026552680067890228e-38 3.935353757771842518e-42 1.380712456817287164e-45 -1.042651281274428800e-48 2.331638355965510059e-52 -2.656716741809371521e-56 1.782216069858454794e-60 -7.541496893749463412e-65 2.096405999920176938e-69 -3.951537064404756803e-74 5.220271471357588727e-79 -5.021606184630867439e-84 3.674082666109455061e-89 -2.000578851106722763e-94 3.945845468051345134e-90 1.058167391780501161e-84 2.608156543463576118e-79 5.522226995428373674e-74 9.377491890817966250e-69 1.195471605699435255e-63 1.084355271936401189e-58 6.835726518089858841e-54 3.104851404839716949e-49 1.089523410638238416e-44 2.836614274551696121e-40 4.643251499602791700e-36 4.122659891355675718e-32 1.823460356719719862e-28 3.817597939032188201e-25 3.644453402160892121e-22 1.539450446043551189e-19 2.829735696825534617e-17 2.144719319238124838e-15 7.682847186333194009e-14 9.828973563642554034e-13 4.474996513082484009e-12 1.325647105698322166e-11 1.233349309404324093e-10
-2.368150319337632257e-05 -1.900898947908862718e-04 2.566509293426746594e-02 -1.259228137361528442e-03 -2.253774112000569031e-03 -3.588168217770013046e-03 -5.263409299263252343e-03 -7.257122740303965230e-03 -9.521127821623997026e-03 -1.198189100909650626e-02 -1.454461166868288753e-02 -1.710018531416914594e-02 -1.953305408465531509e-02 -2.172798167843539158e-02 -2.357503075720090643e-02 -2.497323049428325920e-02 -2.583377509240659259e-02 -2.608365567040739352e-02 -2.567059851473647153e-02 -2.456907330259002625e-02 -2.278567639048929838e-02 -2.036269405199627944e-02 -1.737981382115124512e-02 -1.395301965496651732e-02 -1.022926447672407174e-02 -6.377559499118179605e-03 -2.577572130300651975e-03 9.942695482440323026e-04 4.179701095545546377e-03 6.851862386325899452e-03 8.925510526466017697e-03 1.036308576580916192e-02 1.117505771396541496e-02 1.141457363077964283e-02 1.116782007406675464e-02 1.054156460595029841e-02 9.649778718953555892e-03 8.601602384785408256e-03 7.492228686890939175e-03 6.397349843870645328e-03 5.371168212727937645e-03 4.447420187503165444e-03 3.642438619014318115e-03 2.959195731987251162e-03 2.391457940033476018e-03 1.927466741798201499e-03 1.552835038229505088e-03 1.252573280042242531e-03 1.012307387794405362e-03 8.188089362446157680e-04 6.599226077290407718e-04 5.237894505600577781e-04 3.965368607340423760e-04 2.528797901159686532e-04 5.003685116135218967e-04 6.422151571371910797e-04 5.893950179645265040e-04 4.243782028147914318e-04 2.341488998880366138e-04 9.032750755172615665e-05 1.960478713053764359e-05 2.157754777921801471e-06 2.951162398178078494e-06 2.964488215095283876e-06 1.167045599928016425e-06 1.555356755744526456e-07 -1.920177942323835352e-08 -6.623083026980355976e-09 -1.681114547301679923e-10 6.762900553704509093e-11 2.835521052133361221e-12 -2.100654533076324149e-13 -4.490015314924280785e-15 2.051270472318458468e-16 -7.764002433207414273e-19 -3.680196099169420568e-20 4.439298680970116606e-22 -3.237615184461377832e-25 -5.929230687045737752e-27 3.290257934000810351e-30 1.769093766626330033e-32 3.668530515028958978e-36 -3.155422870044481887e-38 1.209614567420468758e-41 4.244237207959013158e-45 -3.204942713632143430e-48 7.167026134674856130e-52 -8.166230837692493505e-56 5.478180032522840734e-60 -2.318107444469397401e-64 6.443942962069248362e-69 -1.214626345593028244e-73 1.604612011714637253e-78 -1.543546966416356171e-83 1.129344086232553924e-88 -5.974226693899901098e-94 1.691596540627001885e-89 4.536392403755711663e-84 1.118122694356789371e-78 2.367389185981366397e-73 4.020145139347876670e-68 5.125001644271585196e-63 4.648643736658066270e-58 2.930487097594420550e-53 1.331059096734457130e-48 4.670839332367055985e-44 1.216073075737779226e-39 1.990588991822105773e-35 1.767406420013909172e-31 7.817261887912400511e-28 1.636620363837123342e-24 1.562390669148986186e-21 6.599673785497526367e-19 1.213115611613533167e-16 9.194464049939533001e-15 3.293652341092721810e-13 4.213698946403020766e-12 1.918438769441159514e-11 5.683071372697101309e-11 5.287381003052818519e-10
-5.107805760881463830e-05 -4.100004825908780035e-04 -1.259228137361528442e-03 8.744427337710949932e-02 -4.861248276184893836e-03 -7.739692205258409501e-03 -1.135375232950314173e-02 -1.565550974345850804e-02 -2.054142758218496442e-02 -2.585320201528485198e-02 -3.138642421780896835e-02 -3.690551241638756474e-02 -4.216069074720753262e-02 -4.690275477242809854e-02 -5.089395450546567445e-02 -5.391597395823967409e-02 -5.577685812676760890e-02 -5.631887072288555007e-02 -5.542911568080540613e-02 -5.305241807849937069e-02 -4.920293213186978376e-02 -4.397189841539426297e-02 -3.753133465117318435e-02 -3.013161310110458457e-02 -2.209001678918372583e-02 -1.377154489696581774e-02 -5.564240876404755003e-03 2.150815792716158272e-03 9.031698367655997123e-03 1.480426982945360140e-02 1.928428272848358924e-02 2.239046370016480395e-02 2.414527928018425640e-02 2.466341858334216916e-02 2.413097317040229992e-02 2.277851809717822140e-02 2.085222799361734561e-02 1.858787827869151296e-02 1.619113767233102547e-02 1.382555965225974390e-02 1.160828133215174168e-02 9.612228620989447803e-03 7.872724656033719751e-03 6.396220325532541232e-03 5.169269934639657976e-03 4.166484176056394102e-03 3.356788351234347902e-03 2.707800900579069876e-03 2.188465927206467536e-03 1.770199701872533695e-03 1.426734463669252547e-03 1.132439861240792933e-03 8.573293900088659047e-04 5.467405407132381679e-04 1.081840582840461369e-03 1.388588330940168994e-03 1.274490636640127853e-03 9.177981758486691193e-04 5.065240339039181429e-04 1.955074409212639202e-04 4.249914947582263694e-05 4.698486482921583577e-06 6.380312986299028909e-06 6.405044539048243159e-06 2.521759167719802186e-06 3.361755882408319213e-07 -4.147108184768797893e-08 -1.431019779515146160e-08 -3.633556799179614807e-10 1.461258385484648502e-10 6.127111842697385393e-12 -4.539029001775860673e-13 -9.701193559817986439e-15 4.432357001547376453e-16 -1.679463951691099607e-18 -7.951648322223659017e-20 9.595317561124326110e-22 -7.002617068730410560e-25 -1.281424227107585871e-26 7.101846418413238777e-30 3.825685155673895162e-32 7.930665897492520797e-36 -6.821925330325577368e-38 2.614925077918135538e-41 9.177180371413318488e-45 -6.929239420590465390e-48 1.549510249366693159e-51 -1.765521787593993085e-55 1.184367360631349183e-59 -5.011686334574248156e-64 1.393165976956186283e-68 -2.626000939958273659e-73 3.469150478283895372e-78 -3.337134207908394192e-83 2.441634071942118798e-88 -1.270198986883904547e-93 4.242715277444178998e-89 1.137778015420587808e-83 2.804375890653928932e-78 5.937672914525703117e-73 1.008296362811879915e-67 1.285406096801062036e-62 1.165930208840577922e-57 7.349981154433738307e-53 3.338444726579469681e-48 1.171500325816130350e-43 3.050054110664786097e-39 4.992631416481911505e-35 4.432861852251953842e-31 1.960659783212413373e-27 4.104831512974710754e-24 3.918653263916368879e-21 1.655272495101484727e-18 3.042629427993311017e-16 2.306073547067452668e-14 8.260842511046804015e-13 1.056841856527658995e-11 4.811654174955003947e-11 1.425376354033278299e-10 1.326132120641543275e-09
-9.141917082861270309e-05 -7.338170031320945166e-04 -2.253774112000569031e-03 -4.861248276184893836e-03 2.219914165217386492e-01 -1.385423280487442163e-02 -2.032565581107101740e-02 -2.803099345628694630e-02 -3.678643259096515267e-02 -4.630982073571786317e-02 -5.623558289464703625e-02 -6.614109913563158416e-02 -7.557725802221604283e-02 -8.409546999254680077e-02 -9.126772858441441205e-02 -9.670118018494756884e-02 -1.000506393354463758e-01 -1.010327399729441938e-01 -9.944482931768106049e-02 -9.518772676702583202e-02 -8.828648411761484682e-02 -7.890453624713167358e-02 -6.735031068065587545e-02 -5.407274815554159730e-02 -3.964099456823536038e-02 -2.471013695780594627e-02 -9.976748858923216098e-03 3.874965784416901406e-03 1.623079036448845172e-02 2.659805165357827933e-02 3.464545141960478913e-02 4.022649774251658983e-02 4.338095047662327702e-02 4.431430269647292086e-02 4.336039646657738333e-02 4.093305777889737207e-02 3.747427458005035683e-02 3.340750676425718185e-02 2.910223174353363668e-02 2.485233654237430437e-02 2.086837491154379040e-02 1.728150112094791954e-02 1.415531063961670936e-02 1.150150720325701301e-02 9.296023270151552650e-03 7.493308134930358293e-03 6.037573055612275273e-03 4.870660957054157025e-03 3.936780246144440734e-03 3.184568471506944200e-03 2.566813824997326351e-03 2.037438159768973148e-03 1.542515645318872286e-03 9.837159713356961443e-04 1.946548269065249666e-03 2.498725210982266198e-03 2.293840248006427142e-03 1.652394228427749761e-03 9.124635263818682909e-04 3.526084820052579412e-04 7.690914291173003544e-05 8.584637685831122440e-06 1.147843034565217931e-05 1.150697148403320243e-05 4.531472764597668597e-06 6.044609601212893369e-07 -7.444095990422520230e-08 -2.571074924994589383e-08 -6.533342556462936752e-10 2.625512117870752729e-10 1.101054712364772704e-11 -8.156072525611988894e-13 -1.742921446773120039e-14 7.964539451343935330e-16 -3.025055093427341353e-18 -1.428653626571415848e-19 1.725355817959150290e-21 -1.261012028990698991e-24 -2.303570071843396218e-26 1.273091546644095777e-29 6.886503569574749010e-32 1.426537440256952440e-35 -1.227315751419951490e-37 4.703571522176215322e-41 1.651544003954591396e-44 -1.246722665824934781e-47 2.787772450447696968e-51 -3.176341261631334027e-55 2.130775375148546615e-59 -9.016448950565348111e-64 2.506434459553026949e-68 -4.724442398138344000e-73 6.241382727268064478e-78 -6.003892717535273295e-83 4.392794109093541500e-88 -2.375847629417441050e-93 5.157159675540920405e-89 1.383007989822124595e-83 3.408817835411785539e-78 7.217457298523522353e-73 1.225621849518462603e-67 1.562459950597010121e-62 1.417232445788801148e-57 8.934168860239815720e-53 4.057986244776983805e-48 1.423989732189469694e-43 3.707413335463500990e-39 6.068663688185253279e-35 5.388257249689892336e-31 2.383235780249308239e-27 4.989542354007006584e-24 4.763243244182409633e-21 2.012036729455627972e-18 3.698417187053696980e-16 2.803111306168641094e-14 1.004134547997694302e-12 1.284629180583715308e-11 5.848739363461532851e-11 1.732596624360810143e-10 1.611964041268681326e-09
-1.455439477422060160e-04 -1.168276239809461995e-03 -3.588168217770013046e-03 -7.739692205258409501e-03 -1.385423280487442163e-02 4.700833946725974100e-01 -3.237326483456681725e-02 -4.465811208110407465e-02 -5.862804991661581949e-02 -7.383738431591457818e-02 -8.970503827537330832e-02 -1.055554833741960685e-01 -1.206677709604995069e-01 -1.343201863710141442e-01 -1.458239257656185617e-01 -1.545472333619534455e-01 -1.599357133032908995e-01 -1.615350783621953834e-01 -1.590208871276208857e-01 -1.522339672004033861e-01 -1.412134006789124430e-01 -1.262197577079162969e-01 -1.077456587166946700e-01 -8.650828664024438897e-02 -6.341751425398187147e-02 -3.952158692532662526e-02 -1.593554525305217878e-02 6.244955306490860419e-03 2.603545290492272068e-02 4.264561328777300570e-02 5.554343607614400935e-02 6.449264277706787118e-02 6.955519940362360487e-02 7.105890063754025099e-02 6.953751372191997737e-02 6.565324696711107022e-02 6.011386006578279401e-02 5.359786056075566130e-02 4.669753036411682795e-02 3.988418522590812115e-02 3.349570881072234246e-02 2.774277562434003183e-02 2.272774220802058903e-02 1.846971199470510971e-02 1.493036379817628406e-02 1.203685800916688177e-02 9.699870273694968792e-03 7.826218499802865131e-03 6.326464982442645858e-03 5.118236358324997244e-03 4.125783374097675635e-03 3.275140066973953462e-03 2.479694942275868178e-03 1.581432106600180743e-03 3.129470744398840827e-03 4.017943427077366042e-03 3.689767991348507237e-03 2.659547932120653619e-03 1.470172812603768404e-03 5.693637359107803697e-04 1.249546826660787599e-04 1.418845153736954908e-05 1.844839307799933924e-05 1.844736518885294451e-05 7.267693324532998683e-06 9.705653313760887618e-07 -1.191482975216409868e-07 -4.122383684270421822e-08 -1.049085252674137897e-09 4.209958301595963084e-10 1.766056630420441449e-11 -1.307979741680117943e-12 -2.794396456896152117e-14 1.277308951278741983e-15 -4.872644588298147542e-18 -2.290662074779224446e-19 2.770496756113568478e-21 -2.030315864627762631e-24 -3.697253712596349859e-26 2.032638042525961141e-29 1.108035684112282933e-31 2.292108530652163070e-35 -1.972711527919418667e-37 7.557639551506276768e-41 2.656079047111964794e-44 -2.004206444048920358e-47 4.481159596277154128e-51 -5.105567562691678523e-55 3.424911135710776563e-59 -1.449265362466227199e-63 4.028766867533121438e-68 -7.593996127015672362e-73 1.003238758438183254e-77 -9.650710968663455261e-83 7.061047188528587281e-88 -3.872191695654815000e-93 6.835579378766773919e-89 1.833114911072554463e-83 4.518237100178346899e-78 9.566424457936397665e-73 1.624508853168176847e-67 2.070973637182094673e-62 1.878480402157133047e-57 1.184184158126181754e-52 5.378666154507553231e-48 1.887424840050198999e-43 4.913979104916488203e-39 8.043693976605046433e-35 7.141857975296498881e-31 3.158859673082850492e-27 6.613394407240703053e-24 6.313450811908075443e-21 2.666860053169578534e-18 4.902080752082083812e-16 3.715395876208834692e-14 1.330935040684921366e-12 1.702718437086011841e-11 7.752242705377766722e-11 2.296479528529644367e-10 2.136588067681964314e-09
-2.134910727141640962e-04 -1.713691105006188682e-03 -5.263409299263252343e-03 -1.135375232950314173e-02 -2.032565581107101740e-02 -3.237326483456681725e-02 8.802548604451121417e-01 -6.557997262537898497e-02 -8.614416534281876814e-02 -1.085663060384817746e-01 -1.319968237347741435e-01 -1.554390399171299009e-01 -1.778216446326424949e-01 -1.980678555585902445e-01 -2.151490861042708591e-01 -2.281229909630777541e-01 -2.361643797134203582e-01 -2.385989893933114780e-01 -2.349462744071709186e-01 -2.249696266105470077e-01 -2.087245261768559679e-01 -1.865940185107564098e-01 -1.593044043721593694e-01 -1.279136464576472176e-01 -9.376552969969681461e-02 -5.841042287196778621e-02 -2.349861190058049470e-02 9.347188695273555073e-03 3.866691754993344804e-02 6.328675759064478212e-02 8.241514151760785667e-02 9.569797631424328821e-02 1.032228866720201615e-01 1.054721637417040947e-01 1.032342083704916036e-01 9.748857443178490789e-02 8.928338511671429778e-02 7.962444154429444698e-02 6.939040167954592386e-02 5.928099509930172262e-02 4.979837336637193274e-02 4.125613441207588716e-02 3.380713780263729790e-02 2.748056893976078344e-02 2.222022004659585798e-02 1.791847452016107067e-02 1.444307932747834408e-02 1.165590737854927880e-02 9.424269581289244913e-03 7.625869127442738184e-03 6.148163479954523933e-03 4.881171618473676907e-03 3.695990696732123510e-03 2.357236982094723654e-03 4.665140792409260516e-03 5.991413105163220267e-03 5.505201757239120731e-03 3.971989957603947949e-03 2.199499700508432670e-03 8.548555046617181902e-04 1.894935389499213091e-04 2.210322992261278037e-05 2.748684881093314890e-05 2.737026930151835181e-05 1.079075349558021551e-05 1.443832054925285310e-06 -1.763029739882964123e-07 -6.117838852332620216e-08 -1.560831447330913284e-09 6.248465004187249153e-10 2.622603518353200213e-11 -1.941725317488690496e-12 -4.146757336174183687e-14 1.896310101319368902e-15 -7.285954860708777688e-18 -3.399462583943192273e-19 4.121679192057573674e-21 -3.033759265897516867e-24 -5.496269488084160416e-26 2.995204359471175159e-29 1.653978263747900548e-31 3.413397335365254207e-35 -2.939636944924021849e-37 1.125564529826559456e-40 3.961642659493583485e-44 -2.987321259963049231e-47 6.678278775742684723e-51 -7.608365052297591655e-55 5.103733244051907063e-59 -2.159672014282174518e-63 6.003681418553705122e-68 -1.131677099106577772e-72 1.495073442116414457e-77 -1.438210055485713533e-82 1.052289482624087124e-87 -5.781130998963158139e-93 9.900188776168203412e-89 2.654958575433242274e-83 6.543905118972136048e-78 1.385535101727166681e-72 2.352826255099177403e-67 2.999453910846387438e-62 2.720658728751720007e-57 1.715087736414836638e-52 7.790070475386071079e-48 2.733609095783326259e-43 7.117054230116261244e-39 1.164991558480603172e-34 1.034376474426191405e-30 4.575071199823902914e-27 9.578378220071752350e-24 9.143960682871878664e-21 3.862493270594566587e-18 7.099829364759422031e-16 5.381117539147263737e-14 1.927632141313786046e-12 2.466096580219230699e-11 1.122779735143035769e-10 3.326057527863116663e-10 3.094481094372971315e-09
-2.943503348380639316e-04 -2.362758835161876247e-03 -7.257122740303965230e-03 -1.565550974345850804e-02 -2.803099345628694630e-02 -4.465811208110407465e-02 -6.557997262537898497e-02 1.508331562341354681e+00 -1.190602635314216423e-01 -1.502003552695496680e-01 -1.828194353489013269e-01 -2.155336151453250138e-01 -2.468389795154626587e-01 -2.752135083370029212e-01 -2.992000616975133420e-01 -3.174654004974855059e-01 -3.288458025254551442e-01 -3.323942246950740698e-01 -3.274375684751184568e-01 -3.136428675786838705e-01 -2.910829744774663386e-01 -2.602875181933568816e-01 -2.222652017228786692e-01 -1.784872496204907288e-01 -1.308255877698232261e-01 -8.144415153631473503e-02 -3.264906997156516444e-02 1.328937939500039397e-02 5.432450181967909963e-02 8.880730170143764923e-02 1.156224102288610778e-01 1.342655270422231095e-01 1.448504416776879300e-01 1.480449067377566097e-01 1.449471317594830944e-01 1.369248771251075358e-01 1.254441832680197877e-01 1.119139595439335444e-01 9.756649693060773232e-02 8.338432413931590181e-02 7.007365005510562961e-02 5.807656498268138484e-02 4.760962854347932510e-02 3.871560130892393731e-02 3.131704460536966633e-02 2.526398224454368124e-02 2.037149165771757336e-02 1.644608591137283055e-02 1.330165352265129039e-02 1.076646906576260790e-02 8.682330243684673390e-03 6.894445204504286683e-03 5.221133348124852927e-03 3.330180875771878053e-03 6.591620821148882689e-03 8.469497298783924127e-03 7.788987638215320690e-03 5.628139934428679284e-03 3.124835051319047388e-03 1.221039467946936343e-03 2.747062211509215183e-04 3.328942261998001301e-05 3.880745431161815431e-05 3.839371349882724388e-05 1.515349553910318372e-05 2.033625751921552178e-06 -2.462692550241657359e-07 -8.585023561220638678e-08 -2.198944875306301839e-09 8.769680795128847629e-10 3.683960447511097551e-11 -2.726065717713226106e-12 -5.818596388433596157e-14 2.662562213168106827e-15 -1.034187352600986904e-17 -4.770369141250540530e-19 5.805698526815620576e-21 -4.301625803430098526e-24 -7.733062369074278096e-26 4.156630962953543806e-29 2.341829045583458033e-31 4.815199877817922773e-35 -4.151187488472603401e-37 1.588080434436929973e-40 5.602406570927557166e-44 -4.220168607890120078e-47 9.432185457964990770e-51 -1.074479309606682489e-54 7.207446500268735038e-59 -3.049882718232591752e-63 8.478549667850368842e-68 -1.598220294589714630e-72 2.111474921001885550e-77 -2.031201676233139401e-82 1.486177574141794266e-87 -8.297246590097011445e-93 1.036507245753682055e-88 2.779630171859726690e-83 6.851199582004489137e-78 1.450599324315724359e-72 2.463315483882958437e-67 3.140309542302790538e-62 2.848420254196400165e-57 1.795623684703787979e-52 8.155833140134837753e-48 2.861944348191286113e-43 7.451166107621283052e-39 1.219683577075565325e-34 1.082938666518315167e-30 4.789871930571488121e-27 1.002810169561734484e-23 9.573300260392152416e-21 4.043854736902204054e-18 7.433205197367350496e-16 5.633794410793914406e-14 2.018147890710714302e-12 2.581897944840675805e-11 1.175502630809281722e-10 3.482241025614789457e-10 3.239794212248588726e-09
-3.861644219394007207e-04 -3.099772093122931879e-03 -9.521127821623997026e-03 -2.054142758218496442e-02 -3.678643259096515267e-02 -5.862804991661581949e-02 -8.614416534281876814e-02 -1.190602635314216423e-01 2.417151416364364813e+00 -1.979459151554951446e-01 -2.412983484566787462e-01 -2.849265143783837329e-01 -3.268129329305332065e-01 -3.648932145843807318e-01 -3.971813162574457934e-01 -4.218614775826316499e-01 -4.373555727127818038e-01 -4.423860638288392155e-01 -4.360479884154111474e-01 -4.178912256678388171e-01 -3.880048867800496293e-01 -3.470860831664514534e-01 -2.964708257993310947e-01 -2.381127317657746045e-01 -1.745034824883284486e-01 -1.085305228469028160e-01 -4.327693932646212854e-02 1.821634858717705377e-02 7.320095305414758835e-02 1.194557154452358522e-01 1.554711523891806058e-01 1.805545431437338422e-01 1.948414496917888206e-01 1.992123878520223046e-01 1.951285360949618630e-01 1.844164900442217259e-01 1.690389920019018111e-01 1.508861522247249842e-01 1.316140800365848129e-01 1.125456136597848683e-01 9.463371208637014198e-02 7.847694718183872986e-02 6.437060234058514241e-02 5.237572689940866305e-02 4.239097658943908470e-02 3.421665391849293414e-02 2.760531751881158125e-02 2.229737832660192223e-02 1.804267048364552317e-02 1.460999406705666519e-02 1.178601615133731580e-02 9.361629668051988512e-03 7.090899406835259391e-03 4.523227789849788329e-03 8.954953207221083913e-03 1.151377067934501036e-02 1.060194966867702981e-02 7.677138790872492513e-03 4.278553508940827026e-03 1.684608203633053544e-03 3.868410761340054229e-04 4.927056852567253121e-05 5.267106000511115452e-05 5.161579273006617382e-05 2.040453738928686470e-05 2.750200185578338511e-06 -3.290225779868443594e-07 -1.154755543935537333e-07 -2.974874143526532673e-09 1.179856558141652393e-09 4.962611651656779899e-11 -3.669280681611454584e-12 -7.825729405376572426e-14 3.584305572870715388e-15 -1.414135345938643123e-17 -6.416483929738913267e-19 7.852032101542126615e-21 -5.872976162227561940e-24 -1.044150984921104764e-25 5.499094752088952282e-29 3.191048919580732704e-31 6.526216760775005134e-35 -5.634983290374962782e-37 2.153015718746900188e-40 7.620694703211243270e-44 -5.731877521611593025e-47 1.280662148116899927e-50 -1.458682787219538626e-54 9.784193917687834838e-59 -4.140277839752340638e-63 1.151013321341246099e-67 -2.169752301188573944e-72 2.866638172497425837e-77 -2.757722701566991421e-82 2.017786066105347348e-87 -1.150426049423494633e-92 7.540960226391078640e-89 2.022288000555536303e-83 4.984528965442410171e-78 1.055373922098301806e-72 1.792173792932221100e-67 2.284721836533960504e-62 2.072357588449408561e-57 1.306391545082392408e-52 5.933625655060811593e-48 2.082118926881269459e-43 5.420820883909152253e-39 8.873370993446326546e-35 7.878574532920773824e-31 3.484738984524247863e-27 7.295708010995121253e-24 6.964861333583412669e-21 2.942037149312565605e-18 5.407920796738260111e-16 4.098797654754422918e-14 1.468283226258641255e-12 1.878437155607418469e-11 8.552271895643073465e-11 2.533476819167815485e-10 2.357098757669409438e-09
-4.859482878057928596e-04 -3.900773159332067246e-03 -1.198189100909650626e-02 -2.585320201528485198e-02 -4.630982073571786317e-02 -7.383738431591457818e-02 -1.085663060384817746e-01 -1.502003552695496680e-01 -1.979459151554951446e-01 3.676364993399253489e+00 -3.059083594508328341e-01 -3.619563159752781090e-01 -4.160123792220265515e-01 -4.653710917473974362e-01 -5.074052822440523469e-01 -5.397098050197514096e-01 -5.602036906145448913e-01 -5.672128986064516321e-01 -5.595562090618351192e-01 -5.366424343578722889e-01 -4.985726786886656714e-01 -4.462270304215154582e-01 -3.813064669005642449e-01 -3.063089749058692246e-01 -2.244308421823659472e-01 -1.393869882462941967e-01 -5.515535600622679946e-02 2.432935555449298667e-02 9.549960640589487404e-02 1.554601798181008965e-01 2.022299620283871113e-01 2.348817664668016447e-01 2.535611052135230969e-01 2.593819114535778625e-01 2.542165247066416334e-01 2.404183184493483005e-01 2.205248608139018518e-01 1.969865221157569568e-01 1.719556814490834640e-01 1.471560249447211310e-01 1.238331265166907336e-01 1.027729195301701343e-01 8.436682401163564382e-02 6.870067404486278340e-02 5.564770446321330027e-02 4.495173742498431713e-02 3.629312467244609486e-02 2.933527478823879514e-02 2.375296085268021468e-02 1.924494023725148439e-02 1.553263387559746314e-02 1.234230328881568729e-02 9.351083186674047365e-03 5.965811915260586622e-03 1.181431441971210819e-02 1.520402988342700254e-02 1.402401721438488631e-02 1.018485177248804920e-02 5.705198265919438246e-03 2.269319034534078832e-03 5.351806809350724429e-04 7.240196795689855379e-05 6.942914797404846263e-05 6.712112640911818196e-05 2.659135201041500828e-05 3.605600747999795025e-06 -4.240860576572207235e-07 -1.502615130923959216e-07 -3.901972352577934274e-09 1.535779921352607289e-09 6.470981801039709190e-11 -4.779238058533606190e-12 -1.018170471024635245e-13 4.669434636592624756e-15 -1.882342905866435691e-17 -8.349298924985816798e-19 1.029582223150334846e-20 -7.800747399315146046e-24 -1.365990838808081307e-25 6.986634024967098335e-29 4.227645701458000146e-31 8.582392779665408782e-35 -7.426346017762616578e-37 2.832511852616177627e-40 1.007219686449367587e-43 -7.560024801661158058e-47 1.688340939621460293e-50 -1.922666966371629549e-54 1.289560435499912092e-58 -5.456949432750230001e-63 1.517113387613885426e-67 -2.860014777318637386e-72 3.778762716706268826e-77 -3.635314759195104143e-82 2.659965825816063854e-87 -1.538202520641793915e-92 4.029468415097394299e-89 1.080611814720725754e-83 2.663519676521668544e-78 5.639528949267224151e-73 9.576808001425172987e-68 1.220891453421935502e-62 1.107410182701419576e-57 6.980880686481115677e-53 3.170579258117271677e-48 1.112501952384092098e-43 2.896331994738826382e-39 4.741032448619197943e-35 4.209577527534283201e-31 1.861953324551313699e-27 3.898282100322139738e-24 3.721558561590789858e-21 1.572050074991710188e-18 2.889706817259421340e-16 2.190202285294510840e-14 7.845889572092257755e-13 1.003763951044946829e-11 4.570013836127193714e-11 1.353797771784110926e-10 1.259569432386811427e-09
-5.898560410820065424e-04 -4.734892034325143516e-03 -1.454461166868288753e-02 -3.138642421780896835e-02 -5.623558289464703625e-02 -8.970503827537330832e-02 -1.319968237347741435e-01 -1.828194353489013269e-01 -2.412983484566787462e-01 -3.059083594508328341e-01 5.362178696451648463e+00 -4.441639671020118918e-01 -5.117959276425432247e-01 -5.739220761462365816e-01 -6.271555948538245495e-01 -6.683767885844219547e-01 -6.948932416847520832e-01 -7.045529545858495446e-01 -6.958442245481539778e-01 -6.680047315727102308e-01 -6.211378882613858288e-01 -5.563145933694478851e-01 -4.756279529505739734e-01 -3.821706887393604979e-01 -2.799169705278418130e-01 -1.735025665679428564e-01 -6.791072136263216763e-02 3.191006760326918490e-02 1.214548242268387035e-01 1.970475943412511588e-01 2.561497046742621797e-01 2.975431272565350338e-01 3.213607794269484064e-01 3.289605082014570581e-01 3.226656478846445797e-01 3.054186646314604459e-01 2.804072317155574257e-01 2.507206602071669344e-01 2.190817183874335661e-01 1.876785212831419969e-01 1.580987547142622129e-01 1.313501922723401549e-01 1.079409718158933079e-01 8.799072015495616739e-02 7.134750752507088012e-02 5.769298489280648423e-02 4.662608720514047067e-02 3.772234682392155286e-02 3.057016922787544888e-02 2.478716564907400624e-02 2.001866237072267782e-02 1.591498942256596924e-02 1.206215782835651576e-02 7.696840775932726857e-03 1.524808134914023422e-02 1.964659376329610727e-02 1.816275017803607728e-02 1.324115481340288648e-02 7.466664192193459525e-03 3.008959008910867122e-03 7.333217022951032515e-04 1.062480336640865227e-04 8.958954022915166819e-05 8.498882516867345557e-05 3.376315203187181448e-05 4.614586438837247149e-06 -5.304459436605810265e-07 -1.903932903547995190e-07 -4.996095883461380280e-09 1.946909914239135682e-09 8.221966440298044966e-11 -6.063935126966985132e-12 -1.289781274114957348e-13 5.926006655433372609e-15 -2.458379305932213251e-17 -1.057911733639404825e-18 1.318140079274062783e-20 -1.015829181787242493e-23 -1.743425140285449535e-25 8.558782640465884618e-29 5.487200692610698895e-31 1.103118873957857049e-34 -9.572161239991373177e-37 3.642396643900682627e-40 1.303248278056838991e-43 -9.754825109256595292e-47 2.177146465681233104e-50 -2.478684586435220714e-54 1.662353487007737895e-58 -7.034556810027262453e-63 1.955815990928401582e-67 -3.687275729463226629e-72 4.872051997379825219e-77 -4.687313311447969375e-82 3.429815511803651936e-87 -1.995360057912158599e-92 1.929572045018537972e-89 5.174858905832371218e-84 1.275553976179813992e-78 2.700839998799500534e-73 4.586576420713459371e-68 5.847279533652442504e-63 5.303792185647037573e-58 3.343263185826456276e-53 1.518274426691928074e-48 5.326594000381043659e-44 1.386639971396114568e-39 2.269812118327891560e-35 2.015452616031177780e-31 8.915040216428062403e-28 1.866583530222843833e-24 1.782037746275743152e-21 7.527910559859673849e-19 1.383809582812754086e-16 1.048862871606207779e-14 3.757418125630861619e-13 4.807133028047858508e-12 2.188644554935971027e-11 6.483569536852409330e-11 6.032577866802810334e-10
-6.934640580789228287e-04 -5.566618102497856296e-03 -1.710018531416914594e-02 -3.690551241638756474e-02 -6.614109913563158416e-02 -1.055554833741960685e-01 -1.554390399171299009e-01 -2.155336151453250138e-01 -2.849265143783837329e-01 -3.619563159752781090e-01 -4.441639671020118918e-01 7.556937001084704342e+00 -6.105974966441091167e-01 -6.867674425436973706e-01 -7.525823672286124921e-01 -8.040683578066185611e-01 -8.377842215483999322e-01 -8.509909245707154568e-01 -8.417728207724386458e-01 -8.091537021316599354e-01 -7.532195157692045395e-01 -6.752295145087834349e-01 -5.776829757038386415e-01 -4.643012217771388950e-01 -3.398925140604656114e-01 -2.100917443150696340e-01 -8.098575627990349524e-02 4.135043300668453381e-02 1.513569835828906252e-01 2.444656747974058297e-01 3.174849239349912811e-01 3.688363517448272066e-01 3.986029122211551812e-01 4.083826841647195116e-01 4.009776696471998303e-01 3.799725670108951570e-01 3.492749770215100025e-01 3.126900138663162299e-01 2.735860328505091421e-01 2.346822561575948041e-01 1.979622224552063936e-01 1.646945711418928981e-01 1.355289208912412724e-01 1.106311252894437297e-01 8.982687038698224102e-02 7.273158323502595946e-02 5.885443484537256076e-02 4.767244874618118550e-02 3.867612991749075357e-02 3.139026525214055202e-02 2.537236807669442790e-02 2.018430607343231833e-02 1.530480861617041985e-02 9.768264435719938021e-03 1.936105681177141893e-02 2.498425631879597208e-02 2.316367987522247041e-02 1.696891997186224244e-02 9.648733897025654760e-03 3.951197051135111812e-03 1.000906317197430406e-03 1.561230852349178473e-04 1.139179244428814033e-04 1.053033546918541935e-04 4.197343527180417484e-05 5.795534858067239867e-06 -6.464413263105057111e-07 -2.360353903199228561e-07 -6.275781262001307908e-09 2.415439913216680303e-09 1.022914261709135306e-10 -7.532052865526664400e-12 -1.598231979215906964e-13 7.362727623690416808e-15 -3.169986553370006336e-17 -1.311520011018982818e-18 1.656654567101285235e-20 -1.304787567777027688e-23 -2.182186605274686004e-25 1.012143415524146256e-28 7.018717721311819170e-31 1.393719554044480696e-34 -1.213568018898680909e-36 4.603688471510923578e-40 1.660535705900687507e-43 -1.238438838483002489e-46 2.761803719118287678e-50 -3.143278213212384272e-54 2.107845397249147846e-58 -8.919877788198332052e-63 2.480163888845199025e-67 -4.676207027841685893e-72 6.179204526583725269e-77 -5.945252165686047733e-82 4.350444697092810327e-87 -2.535742105682608271e-92 1.146932450906451694e-89 3.076102594341438192e-84 7.582706947165127863e-79 1.605630976824710561e-73 2.726810291448567266e-68 3.476441404773930322e-63 3.153332352685994070e-58 1.987583642719081109e-53 9.024560533307999905e-49 3.165358458356836899e-44 8.239145613799599124e-40 1.348685516712762046e-35 1.197625622734845029e-31 5.297915795135689675e-28 1.109331181417141070e-24 1.059155904163452387e-21 4.474491319392734232e-19 8.225631598367215421e-17 6.234924580136057913e-15 2.233690851475217283e-13 2.857797743499441732e-12 1.301145764775310142e-11 3.854516340154977302e-11 3.586666859929700768e-10
-7.920890529153484794e-04 -6.358353724533576112e-03 -1.953305408465531509e-02 -4.216069074720753262e-02 -7.557725802221604283e-02 -1.206677709604995069e-01 -1.778216446326424949e-01 -2.468389795154626587e-01 -3.268129329305332065e-01 -4.160123792220265515e-01 -5.117959276425432247e-01 -6.105974966441091167e-01 1.034846179378683573e+01 -7.991124591632896568e-01 -8.786738814943497733e-01 -9.417498296165125460e-01 -9.839839536874095405e-01 -1.001898512643824457e+00 -9.930640898322549148e-01 -9.562222023252905378e-01 -8.914030584564411885e-01 -8.000370994138310543e-01 -6.850279912349803713e-01 -5.507387158393168836e-01 -4.028452281243972144e-01 -2.480397928583980005e-01 -9.359399545593805048e-02 5.318997755339065908e-02 1.855832641220948043e-01 2.980092639301305524e-01 3.865177659992993786e-01 4.490845374519912836e-01 4.856859093740011901e-01 4.981377084424060686e-01 4.897317251618522049e-01 4.647347659695556521e-01 4.278356290310314503e-01 3.836285127807679274e-01 3.362029187054630941e-01 2.888790230617406807e-01 2.440949301814373806e-01 2.034248527124158934e-01 1.676900674064763785e-01 1.371196392349294524e-01 1.115231033887685574e-01 9.044795107154336711e-02 7.330657820368215172e-02 5.946737100671643794e-02 4.831126087922874013e-02 3.925790035909625109e-02 3.176421927775785470e-02 2.528953455760536012e-02 1.918658082180471972e-02 1.224936902635974378e-02 2.429318276389693873e-02 3.140837948307385191e-02 2.922303540667825494e-02 2.153527961089296561e-02 1.236947200910864901e-02 5.162685232733292030e-03 1.366009280960232570e-03 2.298778488444718393e-04 1.435959409366236708e-04 1.281704550714025861e-04 5.128196395775006720e-05 7.171274493021455310e-06 -7.696197879368230987e-07 -2.873239688167750268e-07 -7.761728683784404397e-09 2.943678571053567902e-09 1.250647266819732502e-10 -9.193512855153691959e-12 -1.943852982085593426e-13 8.989385659449414445e-15 -4.056501326713135903e-17 -1.596548971831117037e-18 2.052772152075807397e-20 -1.661180713371520070e-23 -2.689549526076982026e-25 1.153359453474142635e-28 8.889637062723167729e-31 1.738966388406657972e-34 -1.520262193586122202e-36 5.744438983674376982e-40 2.093385069665110066e-43 -1.554147443686907936e-46 3.462306115569571684e-50 -3.938880575981415190e-54 2.641010506796727870e-58 -1.117632691759598635e-62 3.107843835610090501e-67 -5.860276579361283731e-72 7.744590014238105752e-77 -7.451930731323206209e-82 5.453223689560798115e-87 -3.180722769883281355e-92 8.480571571888482559e-90 2.274658686747945557e-84 5.607447982879038915e-79 1.187436541238187714e-73 2.016698602127417861e-68 2.571207880065885078e-63 2.332245093836636865e-58 1.469934448254921343e-53 6.672836313632815821e-49 2.339878962360918317e-44 6.089645326015077806e-40 9.968353547819507582e-36 8.852478103646178237e-32 3.916390148599982796e-28 8.201207705762650185e-25 7.830850961643437462e-22 3.308429359998198715e-19 6.082382621651338127e-17 4.610599456250544626e-15 1.651857232812466032e-13 2.113459577412420477e-12 9.622647736730026020e-12 2.850658084661372530e-11 2.652773213445475941e-10
