1.563439998167140974e-04 -6.477297040165574687e-06 -1.989153133110200001e-05 -4.289106426564698950e-05 -7.671692949885830937e-05 -1.219919091056853084e-04 -1.785905483984542071e-04 -2.454873516878237905e-04 -3.206586777933092495e-04 -4.011048389759653610e-04 -4.830219663562853932e-04 -5.620917777952147594e-04 -6.338067349894829002e-04 -6.937489406350542216e-04 -7.377908079408225300e-04 -7.622329626314471593e-04 -7.639073410976107443e-04 -7.402760779017515625e-04 -6.895585496824264754e-04 -6.108785457395897239e-04 -5.043703452732127687e-04 -3.712116276471648531e-04 -2.136082103878200722e-04 -3.472107590706812206e-05 1.614967954115406829e-04 3.705093560511179911e-04 5.874026302204540546e-04 8.071101982958838253e-04 1.024646529468455775e-03 1.235291844151871357e-03 1.434742002452242537e-03 1.619245571617060819e-03 1.785692617964301007e-03 1.931651883469938857e-03 2.055388715512667351e-03 2.155856276123808979e-03 2.232645451093878512e-03 2.285912809931768108e-03 2.316300391401155713e-03 2.324840178314017958e-03 2.312844296137647054e-03 2.281793208473230274e-03 2.233227553455131072e-03 2.168641371763261032e-03 2.089374879913476028e-03 1.996505306931501030e-03 1.890728864602137004e-03 1.772216333618324442e-03 1.640406138636707652e-03 1.493656767421951614e-03 1.328566253747494146e-03 1.138396003728000616e-03 9.084657616449183688e-04 5.955505075667865897e-04 1.242953929992258967e-03 1.887964821563535090e-03 2.344962992651236297e-03 2.693323161477273030e-03 2.948414278762488249e-03 3.105664572614155912e-03 3.152854336489335600e-03 3.077764815605127900e-03 2.875303219384020559e-03 2.554002622175674357e-03 2.140207390836676264e-03 1.677400780787498573e-03 1.218990783288024160e-03 8.154598733898948439e-04 5.005006057771410914e-04 2.829813742175062868e-04 1.493630009426416484e-04 7.484299992481387414e-05 3.570089290884079279e-05 1.577844257138219815e-05 6.132888385627660604e-06 1.970755067008508868e-06 4.869066750331869818e-07 8.095114558031606752e-08 4.715305436436272118e-09 -1.753844167744060073e-09 -5.840159253742206028e-10 -7.431658073730257767e-11 9.213702371325462949e-13 1.903941608643873599e-12 3.000209271883911256e-13 1.489649236571476593e-14 -1.769033330713075694e-15 -3.444464451610790418e-16 -1.930378675133153905e-17 6.328140990043232494e-19 1.561620507138172512e-19 7.888434064253569148e-21 -1.308287740796517144e-22 -3.522290397745154074e-23 -1.538314937318347126e-24 1.815765530274593723e-26 4.940981825077830509e-27 2.582153629236367258e-28 1.050084540158847693e-27 1.833793128481388846e-26 3.030216733882734320e-25 4.694108702203683233e-24 6.724450822736374743e-23 8.749792199900942665e-22 1.024593791271966154e-20 1.078136785747372379e-19 9.977293508289345920e-19 7.835413013253560134e-18 5.250843881025000289e-17 3.144627479681471714e-16 1.648351383520726847e-15 6.896264861151342963e-15 2.186381556212050107e-14 5.336891560184903658e-14 1.059719765233648319e-13 1.840659231975055023e-13 3.045374596399477378e-13 5.347404820152409977e-13 2.129185114767821212e-12 1.010341885063697786e-11
-6.477297040165574687e-06 4.304751095476855478e-03 -1.596649188988007271e-04 -3.442772819066549587e-04 -6.157909623797345631e-04 -9.792061457808030542e-04 -1.433518054798000284e-03 -1.970498411442471020e-03 -2.573907350088639346e-03 -3.219669535697624804e-03 -3.877252217473984436e-03 -4.511990322962635379e-03 -5.087696952047736712e-03 -5.568903593351261401e-03 -5.922472330200826557e-03 -6.118703422392426233e-03 -6.132163133583405992e-03 -5.942477750766576340e-03 -5.535353071104790260e-03 -4.903754929900386479e-03 -4.048760609593892064e-03 -2.979823679219794057e-03 -1.714651371512431041e-03 -2.786182656153012461e-04 1.296543064475379507e-03 2.974418862211871718e-03 4.715561584897180226e-03 6.479300040518981736e-03 8.225611892621650933e-03 9.916607960787473044e-03 1.151773582919814361e-02 1.299887973100376064e-02 1.433507332177748686e-02 1.550679860897758236e-02 1.650012981531875228e-02 1.730666258262893858e-02 1.792311209816434270e-02 1.835073494766175511e-02 1.859468498740043246e-02 1.866324639077280786e-02 1.856695230433889898e-02 1.831768736264587430e-02 1.792781930191337733e-02 1.740934176716617612e-02 1.677301354629306962e-02 1.602748227012145213e-02 1.517833690137818797e-02 1.422694839636395522e-02 1.316880854446572137e-02 1.199073966218422438e-02 1.066543155420230683e-02 9.138788343445254994e-03 7.292960284550090329e-03 4.780946657281029410e-03 9.978157526552637949e-03 1.515616419257386979e-02 1.882485044194737167e-02 2.162141949957500225e-02 2.366925009315761635e-02 2.493164063357439231e-02 2.531049255669227949e-02 2.470771430856862419e-02 2.308241859845614613e-02 2.050310284196919450e-02 1.718124945328666081e-02 1.346593056359783949e-02 9.785895542016564627e-03 6.546410988912909797e-03 4.017959437687562176e-03 2.271740371151731268e-03 1.199066881788958625e-03 6.008290486031280225e-04 2.866015102513769469e-04 1.266670856324382457e-04 4.923403372543268746e-05 1.582100017446982018e-05 3.908840873713411903e-06 6.498700227932431876e-07 3.785458033694262801e-08 -1.407961503969076189e-08 -4.688421478598147448e-09 -5.966076018895268437e-10 7.396416270513711603e-12 1.528463833242807143e-11 2.408539143899707437e-12 1.195878104241040438e-13 -1.420160772220648148e-14 -2.765181993547461870e-15 -1.549689631520914517e-16 5.080164783013227230e-18 1.253653466888627478e-18 6.332757536887048553e-20 -1.050279806766871818e-21 -2.827659500329035107e-22 -1.234943911516451022e-23 1.457672145416544202e-25 3.965596873639659767e-26 1.891588212847724925e-27 5.137900045620311891e-27 8.980205054432818787e-26 1.483488405810755866e-24 2.297372308843512261e-23 3.289935703601192864e-22 4.279254962812152369e-21 5.009457496833568342e-20 5.269774659994707667e-19 4.874433178284614647e-18 3.825707543314089363e-17 2.563237101002135017e-16 1.535326304011812795e-15 8.044118462191513701e-15 3.360813352414568163e-14 1.063709302038434646e-13 2.592866677563416094e-13 5.145518335949435523e-13 8.946138725391759238e-13 1.486747289078408991e-12 2.637810648481252792e-12 1.313549047409625477e-11 4.383570503036319229e-11
-1.989153133110200001e-05 -1.596649188988007271e-04 2.575858602869813760e-02 -1.057266885963611350e-03 -1.891091019923535170e-03 -3.007173026055165108e-03 -4.402462273311503853e-03 -6.051739547642044116e-03 -7.905186833457839013e-03 -9.888907942239396481e-03 -1.190913700551253680e-02 -1.385936598613587110e-02 -1.562837015037861835e-02 -1.710711321110029715e-02 -1.819372248007749757e-02 -1.879690143840367228e-02 -1.883847661784530600e-02 -1.825584006083202926e-02 -1.700507523791171607e-02 -1.506456913077428364e-02 -1.243762515543161626e-02 -9.153286575126221014e-03 -5.265957940425537720e-03 -8.535958153775977586e-04 3.986305729776212434e-03 9.141859976396014831e-03 1.449185862486231276e-02 1.991133416625852706e-02 2.527730437860775323e-02 3.047333858287517086e-02 3.539326245256147613e-02 3.994453102016917029e-02 4.405041850297367056e-02 4.765094412112273747e-02 5.070331235700095696e-02 5.318169118830686631e-02 5.507598065381942576e-02 5.639003890236472805e-02 5.713970001688218475e-02 5.735041586874273928e-02 5.705454987506528020e-02 5.628862011863147718e-02 5.509062974650818373e-02 5.349743203934574642e-02 5.154208570425564129e-02 4.925116263388379378e-02 4.664183633012147778e-02 4.371831908247440779e-02 4.046675714252535860e-02 3.684665627362827128e-02 3.277409425532108733e-02 2.808283862470942888e-02 2.241074608750620589e-02 1.469150902067992322e-02 3.066217461491464388e-02 4.657385284629420030e-02 5.784753528231072195e-02 6.644131127704562545e-02 7.273432181216932246e-02 7.661378757870934697e-02 7.777824777375151599e-02 7.592625476053070643e-02 7.093212534440319905e-02 6.300629997877212063e-02 5.279859502275246336e-02 4.138164548959370054e-02 3.007296169821042919e-02 2.011793483437013252e-02 1.234780972042605340e-02 6.981456999515735402e-03 3.684946238240997384e-03 1.846441845143803129e-03 8.807606568539902165e-04 3.892587975874136144e-04 1.512996814516515121e-04 4.861921763203797068e-05 1.201233843720820975e-05 1.997192437239798103e-06 1.163583144557260822e-07 -4.326239826666047891e-08 -1.440741330754550412e-08 -1.833474393831711933e-09 2.270533920426096829e-11 4.696726213405309998e-11 7.401448893303757566e-12 3.675291487431512266e-13 -4.363700185345377755e-14 -8.497224640022919175e-15 -4.762362212334884646e-16 1.560877020743949429e-17 3.852361508412008948e-18 1.946087062554387394e-19 -3.226889654611765523e-21 -8.689131826724242674e-22 -3.795013032371764834e-23 4.478538728062222339e-25 1.217548273698544358e-25 3.863956965862269076e-27 -1.959230019278783744e-26 -3.410773214696292586e-25 -5.642007209461184068e-24 -8.749726502542579356e-23 -1.254974815181311576e-21 -1.635149331304854240e-20 -1.916848456807440638e-19 -2.019049814952875018e-18 -1.871688211415357375e-17 -1.473078437892849922e-16 -9.879102297762130508e-16 -5.912869037824958580e-15 -3.104618541266544242e-14 -1.305317089085164589e-13 -4.163306116909335062e-13 -1.021267786027131697e-12 -2.032052638949320920e-12 -3.517415119863279667e-12 -5.727890944763092768e-12 -9.680395836721518283e-12 -2.009029455647498951e-12 -2.662039575071399863e-10
-4.289106426564698950e-05 -3.442772819066549587e-04 -1.057266885963611350e-03 8.788054476811099636e-02 -4.077789144208044878e-03 -6.484638726558003032e-03 -9.493948214959167103e-03 -1.305165026705320218e-02 -1.705066564381188532e-02 -2.133189942840183970e-02 -2.569316830129201451e-02 -2.990448792148301879e-02 -3.372543070918757740e-02 -3.692017390830617390e-02 -3.926837937656706828e-02 -4.057262430279558879e-02 -4.066392285373286730e-02 -3.940701734735946316e-02 -3.670708771132125819e-02 -3.251745771697418103e-02 -2.684521786686911229e-02 -1.975306280717369078e-02 -1.135846319860935559e-02 -1.829711163917083390e-03 8.622696274575739755e-03 1.975712260199590994e-02 3.131179986421026018e-02 4.301684441321643182e-02 5.460660757387112568e-02 6.582957117546175962e-02 7.645638909888119450e-02 8.628713185573649858e-02 9.515601431474092486e-02 1.029334402330061154e-01 1.095269423287998645e-01 1.148806774504456257e-01 1.189727879231616825e-01 1.218115857940737928e-01 1.234312536448561176e-01 1.238867421631371507e-01 1.232479367065536235e-01 1.215937081130684938e-01 1.190061388957248389e-01 1.155648260065566119e-01 1.113411698517620535e-01 1.063925618713623955e-01 1.007560951774464919e-01 9.444086643121089863e-02 8.741694701401633849e-02 7.959686000980845111e-02 7.079931562074340268e-02 6.066521689999473943e-02 4.841225695902772602e-02 3.173697697398317891e-02 6.623726287240704058e-02 1.006102973081659385e-01 1.249644739421256479e-01 1.435297650246770973e-01 1.571252379133552535e-01 1.655072648963638315e-01 1.680245382349599137e-01 1.640257234599964420e-01 1.532390537734922842e-01 1.361188251495341894e-01 1.140684579588153585e-01 8.940486995027252526e-02 6.497418367362300939e-02 4.346698862299241961e-02 2.667942695081562329e-02 1.508479526992673875e-02 7.962045122040704859e-03 3.989526483881674496e-03 1.902968268609384625e-03 8.410121876848662692e-04 3.268879367708548323e-04 1.050446139413922916e-04 2.595417705641446109e-05 4.315510349774161615e-06 2.515407064942328270e-07 -9.344389136489848611e-08 -3.112552691850610155e-08 -3.961535229600926301e-09 4.894354236316620697e-11 1.014578737502007269e-10 1.599024025423144169e-11 7.941718894498333476e-13 -9.425438302961381517e-14 -1.835674191462989232e-14 -1.028935249851090848e-15 3.371072561281065270e-17 8.322206612634835212e-18 4.204464795071789897e-19 -6.968955066354571137e-21 -1.877102900027917437e-21 -8.198887311979660200e-23 9.672230726098316822e-25 2.628518341676993338e-25 5.078455694176701022e-27 -1.016789936440322373e-25 -1.771940215260425737e-24 -2.930055590791148156e-23 -4.542290178505895138e-22 -6.512307811695330137e-21 -8.481288890911935485e-20 -9.938763661378092300e-19 -1.046514240436875898e-17 -9.695731160114861810e-17 -7.625287372242585202e-16 -5.112572565565654782e-15 -3.060612566510650668e-14 -1.606105508250852704e-13 -6.741608882112865043e-13 -2.145922323209073131e-12 -5.255370936903461604e-12 -1.044966315964861546e-11 -1.810870540990464294e-11 -2.964593358483831649e-11 -5.075968464374082600e-11 -7.659370313658274683e-11 -1.245244015811835514e-09
-7.671692949885830937e-05 -6.157909623797345631e-04 -1.891091019923535170e-03 -4.077789144208044878e-03 2.233983602803477353e-01 -1.160038774921400354e-02 -1.698577175050110938e-02 -2.335487708612107513e-02 -3.051750743675985325e-02 -3.819005940274083216e-02 -4.601091605416038344e-02 -5.356746457109509696e-02 -6.042733372334364861e-02 -6.616591965738795322e-02 -7.038644771202887118e-02 -7.273356430599300926e-02 -7.290333762398334971e-02 -7.065281084011379442e-02 -6.581188212388160153e-02 -5.829677645993337071e-02 -4.812005554141216002e-02 -3.539413229266432509e-02 -2.032974812700885300e-02 -3.228702868222445722e-03 1.553141170066046212e-02 3.551690057809531870e-02 5.625793001081930145e-02 7.727010566396644298e-02 9.807643543654513685e-02 1.182252165289839202e-01 1.373046202239507907e-01 1.549555486190315745e-01 1.708801151136768448e-01 1.848454818524905841e-01 1.966855083893884470e-01 2.062997500319887212e-01 2.136487988794617821e-01 2.187474921702164121e-01 2.216571278715743498e-01 2.224762704847112471e-01 2.213303216352930092e-01 2.183608593498709005e-01 2.137152435492556124e-01 2.075363651399963483e-01 1.999523976841916517e-01 1.910663715299199261e-01 1.809448798399136693e-01 1.696042474687427248e-01 1.569907195894568452e-01 1.429471951221591708e-01 1.271480997903389754e-01 1.089485413672475617e-01 8.694359088964995208e-02 5.699648816102500376e-02 1.189557722389162076e-01 1.806872123829519339e-01 2.244267953338997534e-01 2.577713623447841496e-01 2.821920265475516554e-01 2.972512621878548589e-01 3.017790583364370338e-01 2.946051294111883823e-01 2.752403746060876899e-01 2.444994609141765696e-01 2.049014862532105297e-01 1.606065455722918145e-01 1.167259994676434903e-01 7.809292257302623275e-02 4.793485610133024766e-02 2.710372727674607157e-02 1.430586309092709250e-02 7.167920559550748985e-03 3.418821695229349190e-03 1.510865202557287691e-03 5.872408735900488735e-04 1.887134415014690583e-04 4.663025413719080998e-05 7.754705725836705886e-06 4.524597886241021225e-07 -1.677669021951165387e-07 -5.590782585133768835e-08 -7.117855520287429096e-09 8.747486761858257517e-11 1.822014041554408963e-10 2.872291358716835156e-11 1.427180834797859092e-12 -1.692263312582274072e-13 -3.297044999350212585e-14 -1.848522701972729923e-15 6.050965407102191329e-17 1.494691551927503306e-17 7.552818943948059750e-19 -1.250786858552046176e-20 -3.371328995554279504e-21 -1.472780098784052532e-22 1.736073230933634793e-24 4.725013687324397946e-25 1.669079884724153315e-26 -4.524125310387840647e-26 -7.865971664861930110e-25 -1.301629522795029606e-23 -2.019351826965453130e-22 -2.897563084648919271e-21 -3.777013394517799811e-20 -4.429339728599756177e-19 -4.667090803920628009e-18 -4.328880311326954875e-17 -3.409326839835450913e-16 -2.287018952777685376e-15 -1.368618852122775265e-14 -7.189992485854094116e-14 -3.027616585187193947e-13 -9.674347892162099249e-13 -2.376683538224089946e-12 -4.731909079013563989e-12 -8.182325444240650912e-12 -1.326018391326253651e-11 -2.214756486874320562e-11 2.247813881940221061e-11 -6.706333750416118685e-10
-1.219919091056853084e-04 -9.792061457808030542e-04 -3.007173026055165108e-03 -6.484638726558003032e-03 -1.160038774921400354e-02 4.736939501473001468e-01 -2.702287142059458386e-02 -3.716700079628711822e-02 -4.858505088550277989e-02 -6.082891342161755172e-02 -7.332373737068732800e-02 -8.540989160254140733e-02 -9.639310259728862962e-02 -1.055899445161228578e-01 -1.123615360094307042e-01 -1.161361339318150165e-01 -1.164254440041891381e-01 -1.128400362254062678e-01 -1.051078796420455708e-01 -9.309490574199687229e-02 -7.682076703425373687e-02 -5.646501492439198050e-02 -3.236458277769875547e-02 -5.001713960549596973e-03 2.501994102364312259e-02 5.700636765328874478e-02 9.020566826878116673e-02 1.238426297551235566e-01 1.571533392875284763e-01 1.894141414092836984e-01 2.199653847224408154e-01 2.482316244665320748e-01 2.737351849246009161e-01 2.961027450680562834e-01 3.150678822766397325e-01 3.304692211172398641e-01 3.422431786570757084e-01 3.504132456507914606e-01 3.550773507315758692e-01 3.563930498785672918e-01 3.545609399501178371e-01 3.498076410128364566e-01 3.423690774276202942e-01 3.324740043542786516e-01 3.203276095847500393e-01 3.060948432021077248e-01 2.898823262440286541e-01 2.717161757910219744e-01 2.515102525958943791e-01 2.290128616506723613e-01 2.037024138641349014e-01 1.745457594014132308e-01 1.392921136263707560e-01 9.131404987201535706e-02 1.905794840293407733e-01 2.894819347512631036e-01 3.595626927601243694e-01 4.129933357910621772e-01 4.521311742292398739e-01 4.762752569935999047e-01 4.835501591089826912e-01 4.720792993975158613e-01 4.410760295578376455e-01 3.918419208972354628e-01 3.284089347097271516e-01 2.574393875196741011e-01 1.871221919868689965e-01 1.252035127495888800e-01 7.685969476232243358e-02 4.346137475316470822e-02 2.293971701226224166e-02 1.149302139581707613e-02 5.481092162002832932e-03 2.422011248243061046e-03 9.413590510557221609e-04 3.025265837602639880e-04 7.476308237418924558e-05 1.243713276846555151e-05 7.270287423702156105e-07 -2.686310965891435451e-07 -8.959783557314832753e-08 -1.141345258081589956e-08 1.388713166498387419e-10 2.918822265867420691e-10 4.603480891573244734e-11 2.289262703270793942e-12 -2.709792442327111724e-13 -5.283230545802040605e-14 -2.963479086985458329e-15 9.684665940539428896e-17 2.394945494612696234e-17 1.210637294954053015e-18 -2.001541200907806746e-20 -5.401880085442009952e-21 -2.360554164616495451e-22 2.778344416564295348e-24 7.570487807945277211e-25 2.565984298443628384e-26 -9.230780104566420833e-26 -1.605908031891192937e-24 -2.656715369530096748e-23 -4.120543720617746020e-22 -5.910795129644059356e-21 -7.702296105244315990e-20 -9.030182857034172817e-19 -9.512619691392561009e-18 -8.819534317145389490e-17 -6.942309886932510835e-16 -4.656171334417303793e-15 -2.786866657856043843e-14 -1.463470400834076445e-13 -6.154846449498967396e-13 -1.963734872542582656e-12 -4.818354315776679327e-12 -9.588314846181156657e-12 -1.659418713418005079e-11 -2.700060686675415253e-11 -4.555953135116275565e-11 -9.853079174496623626e-15 -1.273932093144052678e-09
-1.785905483984542071e-04 -1.433518054798000284e-03 -4.402462273311503853e-03 -9.493948214959167103e-03 -1.698577175050110938e-02 -2.702287142059458386e-02 8.881836081559616458e-01 -5.447861631125411330e-02 -7.126053961597447750e-02 -8.928695106937924175e-02 -1.077172226377043907e-01 -1.255779028144179132e-01 -1.418368592550189877e-01 -1.554737140025026776e-01 -1.655335882349070753e-01 -1.711629170558016388e-01 -1.716345005570383830e-01 -1.663704881970144434e-01 -1.549686486053816759e-01 -1.372306151385923045e-01 -1.131844994495995183e-01 -8.309504694277417003e-02 -4.745981570990993881e-02 -6.990524334890239368e-03 3.742124337281331481e-02 8.474899293661018740e-02 1.338803626327015328e-01 1.836683471486021402e-01 2.329814871064135595e-01 2.807473623649373029e-01 3.259885531519753354e-01 3.678518441062461619e-01 4.056282888886835192e-01 4.387638402302647123e-01 4.668629549949685487e-01 4.896853808622149695e-01 5.071358148907574304e-01 5.192483416901075843e-01 5.261673929949844952e-01 5.281256401242390153e-01 5.254196487944943206e-01 5.183847795020897209e-01 5.073702814855768350e-01 4.927147781021581352e-01 4.747220017487077115e-01 4.536361497006068944e-01 4.296150752916699234e-01 4.026973898388682693e-01 3.727553762194135145e-01 3.394159857617493614e-01 3.019061989919196165e-01 2.586948510670187829e-01 2.064461533767244505e-01 1.353376990592820850e-01 2.824614548497662581e-01 4.290522688326688927e-01 5.329336219947674591e-01 6.121468597325102623e-01 6.701868569192233061e-01 7.060147128008945616e-01 7.168485662856021179e-01 6.999029223216088891e-01 6.540044096633332860e-01 5.810731344509673102e-01 4.870753764550013187e-01 3.818790956811243809e-01 2.776211679465270810e-01 1.857899214425755285e-01 1.140708583662852077e-01 6.450964617545311419e-02 3.404931344222505984e-02 1.705687721237502882e-02 8.132956011110529376e-03 3.593274796634415586e-03 1.396530879198101035e-03 4.488434429852244966e-04 1.109471907034675643e-04 1.846608810090193903e-05 1.082830567369487479e-06 -3.977744829337878091e-07 -1.328628835298648374e-07 -1.694057935705604588e-08 2.026723934520493336e-10 4.325451385288799932e-10 6.827276325662988921e-11 3.399816654362017035e-12 -4.012777909103441106e-13 -7.832885001122030112e-14 -4.397060478741965269e-15 1.432992798839683603e-16 3.550311690033813552e-17 1.795784742929002366e-18 -2.960673325010645531e-20 -8.007836903425642722e-21 -3.501111090476955635e-22 4.110224670643656737e-24 1.120856234598230897e-24 1.101337120259635776e-26 -6.278175591790181627e-25 -1.094306626061379529e-23 -1.809337012236944280e-22 -2.804597717792826229e-21 -4.020462237481308068e-20 -5.235312922765161553e-19 -6.134299340416355530e-18 -6.458538458858316377e-17 -5.982594358415083833e-16 -4.703934838870873226e-15 -3.153642626539488745e-14 -1.888070596310882555e-13 -9.906172292423978079e-13 -4.155768600112612251e-12 -1.321910752182680430e-11 -3.235530910638250145e-11 -6.431942117871433505e-11 -1.115066034687855563e-10 -1.828852760087890926e-10 -3.145724933688579204e-10 -6.133378609200639520e-10 -7.400188081078876774e-09
-2.454873516878237905e-04 -1.970498411442471020e-03 -6.051739547642044116e-03 -1.305165026705320218e-02 -2.335487708612107513e-02 -3.716700079628711822e-02 -5.447861631125411330e-02 1.523875608330732323e+00 -9.821917404586429090e-02 -1.232020732457614204e-01 -1.488157208340550874e-01 -1.737080306146658315e-01 -1.964291755650381666e-01 -2.155353791645539530e-01 -2.296721103733614100e-01 -2.376301027022436063e-01 -2.383829054747153287e-01 -2.311191073508278848e-01 -2.152766392086798986e-01 -1.905782997316595451e-01 -1.570616788050244184e-01 -1.150945483233084959e-01 -6.536955637550964648e-02 -8.877259490751404983e-03 5.314011378336679081e-02 1.192498549655259532e-01 1.878985295170166325e-01 2.574836703645047575e-01 3.264224748449883751e-01 3.932135112504714924e-01 4.564882480794034136e-01 5.150510098621430277e-01 5.679070704639501699e-01 6.142788330282029641e-01 6.536107266602130261e-01 6.855640788233652305e-01 7.100032289714958145e-01 7.269742241938933480e-01 7.366777342478350032e-01 7.394378705809249164e-01 7.356684273950602204e-01 7.258379098253201489e-01 7.104344785704821419e-01 6.899314753218408480e-01 6.647534906043650604e-01 6.352419362679578851e-01 6.016175038461089031e-01 5.639340417921293591e-01 5.220125705311504660e-01 4.753306250372454911e-01 4.228056845090699123e-01 3.622935575782068041e-01 2.891228148369929807e-01 1.895377696037097714e-01 3.955842849165663866e-01 6.008952789255013194e-01 7.464087481121629564e-01 8.573949438245892507e-01 9.387506573480928207e-01 9.890208082479405860e-01 1.004304770720476192e+00 9.806922660096372146e-01 9.165241249160017700e-01 8.144698812203663429e-01 6.828647385390979041e-01 5.355148920831300785e-01 3.894176927890649620e-01 2.606787800619441708e-01 1.600908184198943374e-01 9.054942907951503417e-02 4.779340582565722029e-02 2.393726531757109366e-02 1.141022381949921560e-02 5.040027884994506373e-03 1.958681018934327073e-03 6.295983702708992128e-04 1.556809420970629322e-04 2.593227681522463076e-05 1.527908697921408276e-06 -5.562813504084558862e-07 -1.862201639886760647e-07 -2.377798054908918728e-08 2.770263602252123725e-10 6.056458666605920225e-10 9.570958054596946241e-11 4.776229083094879550e-12 -5.612360584916014857e-13 -1.097527472960379305e-13 -6.168479201912936170e-15 2.001712213722907051e-16 4.973713908109891121e-17 2.518167414357985557e-18 -4.133708449043698801e-20 -1.121833835254876960e-20 -4.908646380042407090e-22 5.739837638780001443e-24 1.567832519755791329e-24 -3.103786071088847857e-26 -1.723867510322187776e-24 -3.005537654504760234e-23 -4.969007836769084055e-22 -7.701686057419747893e-21 -1.103957567249051343e-19 -1.437398341564546126e-18 -1.684088275509904881e-17 -1.772973241183886063e-16 -1.642116723722180965e-15 -1.290948540307689033e-14 -8.654386780577446881e-14 -5.181535780985039813e-13 -2.718277856514771486e-12 -1.139958818785877592e-11 -3.624581232648300837e-11 -8.868542842849092149e-11 -1.762733475391410744e-10 -3.056671697572415646e-10 -5.018868441863286098e-10 -8.655086876921261780e-10 -1.915207206178790177e-09 -1.984336423760544849e-08
-3.206586777933092495e-04 -2.573907350088639346e-03 -7.905186833457839013e-03 -1.705066564381188532e-02 -3.051750743675985325e-02 -4.858505088550277989e-02 -7.126053961597447750e-02 -9.821917404586429090e-02 2.445096831460761511e+00 -1.617406196966260645e-01 -1.956923883535138797e-01 -2.288203297175755435e-01 -2.591779668884842680e-01 -2.848043671629527651e-01 -3.038498839544041541e-01 -3.146643069126239811e-01 -3.158536783239196954e-01 -3.063235323154542278e-01 -2.853204091863485448e-01 -2.524732278669337693e-01 -2.078297390834145664e-01 -1.518773668549136258e-01 -8.553653283069535818e-02 -1.012444323942032938e-02 7.270469720786988665e-02 1.610393991274969849e-01 2.528047666632272095e-01 3.458584650767141389e-01 4.380814089869620176e-01 5.274612006098100547e-01 6.121625003721605784e-01 6.905800795295525818e-01 7.613766592542543510e-01 8.235059451240623885e-01 8.762192929302817790e-01 9.190584018435568048e-01 9.518372751341405147e-01 9.746141631151931106e-01 9.876549327739079231e-01 9.913910657390756498e-01 9.863746779020790001e-01 9.732317883834974426e-01 9.526151587559220646e-01 9.251579238769291891e-01 8.914281136275113981e-01 8.518825431011910476e-01 8.068164535166559848e-01 7.563015942478610310e-01 7.000976700232215411e-01 6.375038950134053195e-01 5.670685073409666987e-01 4.859159779823754577e-01 3.877813393971616951e-01 2.542156895712708309e-01 5.305786445061163592e-01 8.059762001671847420e-01 1.001202505994037706e+00 1.150158350336647484e+00 1.259415907615095920e+00 1.327023142698350311e+00 1.347739688372945777e+00 1.316302480691398102e+00 1.230455676148572097e+00 1.093741292461640535e+00 9.172992259492245282e-01 7.196201869244779337e-01 5.235013242103552233e-01 3.505761986744505010e-01 2.153773757471003913e-01 1.218484687567220892e-01 6.431326222362902800e-02 3.220213751949482783e-02 1.534323260700364878e-02 6.774943420851649821e-03 2.632653010625349115e-03 8.463965413667500588e-04 2.093938123567771082e-04 3.491974930954753781e-05 2.071609379135862844e-06 -7.445517471891235223e-07 -2.500546043877542836e-07 -3.199546865728037487e-08 3.582454246213301759e-10 8.120687532569660524e-10 1.285545080694568076e-10 6.435072400506698749e-12 -7.512920731110389723e-13 -1.473111900393865812e-13 -8.293869807781256963e-15 2.674667067874827721e-16 6.673991787057050735e-17 3.383722333679366799e-18 -5.519525177537694184e-20 -1.505330712805088663e-20 -6.594224367296936990e-22 7.666369065466437813e-24 2.100582192959118657e-24 -1.049788785668945800e-25 -3.464420062989769533e-24 -6.040715664933126148e-23 -9.986765808635385006e-22 -1.547851110416272187e-20 -2.218617892383949256e-19 -2.888636452899248970e-18 -3.384299076342188783e-17 -3.562829895274766044e-16 -3.299729416824510027e-15 -2.593939695996518832e-14 -1.738917636592101852e-13 -1.041135230839967033e-12 -5.461653777117693455e-12 -2.290164292169175962e-11 -7.280667122845877041e-11 -1.781201771022950158e-10 -3.540182234085490001e-10 -6.139377837337790175e-10 -1.008439704764429832e-09 -1.740582564444202200e-09 -4.012758280952381322e-09 -3.954194008810788249e-08
-4.011048389759653610e-04 -3.219669535697624804e-03 -9.888907942239396481e-03 -2.133189942840183970e-02 -3.819005940274083216e-02 -6.082891342161755172e-02 -8.928695106937924175e-02 -1.232020732457614204e-01 -1.617406196966260645e-01 3.723278295221486456e+00 -2.468030363694367346e-01 -2.892257838494048383e-01 -3.283126465473655831e-01 -3.614895158050801527e-01 -3.863037371104451889e-01 -4.005633798546072710e-01 -4.024262323444828260e-01 -3.904575621463711177e-01 -3.636770717199230840e-01 -3.216035338532147736e-01 -2.642950158582083042e-01 -1.923730411764388026e-01 -1.070147894173805320e-01 -9.908286120978191530e-03 9.682275724851874266e-02 2.107196770829221355e-01 3.291086814887783096e-01 4.492245918979851926e-01 5.683281187745246044e-01 6.838140747248633300e-01 7.933033308180245102e-01 8.947124098897127897e-01 9.863031354300724196e-01 1.066713200719928478e+00 1.134965491945446381e+00 1.190458996172651718e+00 1.232945686986269829e+00 1.262494444595139598e+00 1.279443747323535829e+00 1.284347275749906814e+00 1.277915651471071889e+00 1.260955920038642208e+00 1.234310439743794952e+00 1.198796757851628314e+00 1.155148633610047604e+00 1.103956244373339945e+00 1.045600877148437968e+00 9.801746272673999005e-01 9.073655686960691025e-01 8.262652953300210212e-01 7.349923635015892520e-01 6.298202156171316402e-01 5.026293335835638754e-01 3.295081068795435719e-01 6.877320654790982646e-01 1.044742633345731697e+00 1.297894029193816801e+00 1.491140913513991917e+00 1.633009833098262753e+00 1.720969592166124995e+00 1.748212759146726469e+00 1.707883724821628313e+00 1.597004285155634085e+00 1.420095703301565315e+00 1.191526255602697759e+00 9.352149155241042955e-01 6.807097258148459007e-01 4.561090733841132172e-01 2.803522418182502474e-01 1.586588056081425779e-01 8.374196469476356819e-02 4.191396838498949451e-02 1.995866654316534247e-02 8.808704349011108742e-03 3.422472037790688735e-03 1.100603673351612443e-03 2.724725449700998660e-04 4.551183548424508619e-05 2.725494622238741920e-06 -9.622471353405570746e-07 -3.246326663022880581e-07 -4.165826387862324880e-08 4.403005504091732539e-10 1.052127063233478275e-09 1.669618277719607094e-10 8.393281292953208275e-12 -9.711622783038669792e-13 -1.911317741037767202e-13 -1.078716074868628687e-14 3.448564182019090087e-16 8.656103156148180940e-17 4.397157019472031685e-18 -7.109525148839550330e-20 -1.952391252877617820e-20 -8.566256785759066922e-22 9.879036707113361303e-24 2.720671345735912264e-24 -2.123964738336073397e-25 -5.880164806403348295e-24 -1.025338220170657080e-22 -1.695115194040407024e-21 -2.627233530142451371e-20 -3.765706285659503164e-19 -4.902873506013905916e-18 -5.744092936308833134e-17 -6.047043089932454159e-16 -5.600388409985883101e-15 -4.402399211055775671e-14 -2.951242705750229127e-13 -1.766996152542007046e-12 -9.269246690068207602e-12 -3.886543487881784516e-11 -1.235491481080384235e-10 -3.022446119700570260e-10 -6.007052915123138357e-10 -1.041780812273771216e-09 -1.711496160919509675e-09 -2.955053174085256762e-09 -6.934211440373794635e-09 -6.686211892763642847e-08
-4.830219663562853932e-04 -3.877252217473984436e-03 -1.190913700551253680e-02 -2.569316830129201451e-02 -4.601091605416038344e-02 -7.332373737068732800e-02 -1.077172226377043907e-01 -1.488157208340550874e-01 -1.956923883535138797e-01 -2.468030363694367346e-01 5.436662740856249343e+00 -3.524814635960027420e-01 -4.012027534299405507e-01 -4.428667803749299914e-01 -4.743027006426914771e-01 -4.926571413209548389e-01 -4.955386089186532561e-01 -4.811000294627302831e-01 -4.480904564433939585e-01 -3.958986040236455728e-01 -3.245912195840587877e-01 -2.349353631350355187e-01 -1.283888089131861310e-01 -7.048489936722413841e-03 1.264414171286261657e-01 2.690136606372490191e-01 4.173240791045260134e-01 5.679058966233486716e-01 7.173188753952920438e-01 8.622851218988539790e-01 9.998049039682217476e-01 1.127247048977531696e+00 1.242412947910582988e+00 1.343574975329531185e+00 1.429489671124471117e+00 1.499387872213522988e+00 1.552945489120922007e+00 1.590237956650374596e+00 1.611681412600391106e+00 1.617964537900720368e+00 1.609974817522896062e+00 1.588722118647567294e+00 1.555261882797292161e+00 1.510619473952344860e+00 1.455715722743229357e+00 1.391291386593905388e+00 1.317824738606437229e+00 1.235430302983219875e+00 1.143714046862166711e+00 1.041530685368765363e+00 9.265089066512326443e-01 7.939519581236907930e-01 6.336257564002746312e-01 4.153888917658951629e-01 8.669933065050948739e-01 1.317132041624892169e+00 1.636438302042469539e+00 1.880345373830339062e+00 2.059615372993687021e+00 2.171055522036383856e+00 2.206059413498703048e+00 2.155927312957233166e+00 2.016813794804063864e+00 1.794300186543295261e+00 1.506379950966136638e+00 1.183124331522640738e+00 8.617801232563719882e-01 5.778657851429255254e-01 3.554297142821043476e-01 2.012345424978088104e-01 1.062139944570388989e-01 5.313426216692003490e-02 2.528143737379347916e-02 1.115072680796233562e-02 4.331609222924768209e-03 1.393435883676478939e-03 3.452875708721140149e-04 5.779727125108589903e-05 3.504329638162237935e-06 -1.208217919457013897e-06 -4.101134776962243667e-07 -5.283121149445458579e-08 5.142733925970705645e-10 1.325552043343505836e-09 2.110382664610393214e-10 1.066931616270182664e-11 -1.219783451909474400e-12 -2.412667822778071013e-13 -1.366088381931179354e-14 4.316386035345586886e-16 1.092125350284019664e-16 5.562195714499446298e-18 -8.886716923311806436e-20 -2.463287811659284453e-20 -1.083091953174788449e-21 1.235604588379661463e-23 3.430290920378486937e-24 -3.219618275728265437e-25 -8.403657437377347471e-24 -1.465395276002941646e-22 -2.422624255034449728e-21 -3.754779460662488682e-20 -5.381839419533797115e-19 -7.007017578429315107e-18 -8.209231523724070588e-17 -8.642167456600009335e-16 -8.003777428580383796e-15 -6.291622971538151802e-14 -4.217712725036308671e-13 -2.525274962118110986e-12 -1.324690802139983595e-11 -5.554245277951439097e-11 -1.765594423292229340e-10 -4.319180614178149552e-10 -8.584219654790971015e-10 -1.488749581743908948e-09 -2.445951553058816188e-09 -4.223369215563508504e-09 -9.976170095307186758e-09 -9.542350300869978781e-08
-5.620917777952147594e-04 -4.511990322962635379e-03 -1.385936598613587110e-02 -2.990448792148301879e-02 -5.356746457109509696e-02 -8.540989160254140733e-02 -1.255779028144179132e-01 -1.737080306146658315e-01 -2.288203297175755435e-01 -2.892257838494048383e-01 -3.524814635960027420e-01 7.669832835449036601e+00 -4.743513258028722035e-01 -5.252238533102450146e-01 -5.640534230311143871e-01 -5.871898300411108051e-01 -5.915621134948864102e-01 -5.748117051049456139e-01 -5.353557069370293853e-01 -4.724233278685090465e-01 -3.860829651407425844e-01 -2.772545732780605787e-01 -1.476946300472075924e-01 6.158619974384143788e-05 1.628081692319336415e-01 3.368171291140076296e-01 5.180115156567159929e-01 7.021520594883112754e-01 8.850221761705858725e-01 1.062594855427966278e+00 1.231175155234931484e+00 1.387515061632220936e+00 1.528894787532996569e+00 1.653170336357272729e+00 1.758791664734118410e+00 1.844792898219491439e+00 1.910756560426865480e+00 1.956757439978857205e+00 1.983291210821239936e+00 1.991191138077396783e+00 1.981536957219750761e+00 1.955560554500319848e+00 1.914551632552006444e+00 1.859764720179664987e+00 1.792327330765086213e+00 1.713146687867817208e+00 1.622808075849589082e+00 1.521450029427451778e+00 1.408585871635489983e+00 1.282804646915067348e+00 1.141186185456657842e+00 9.779467896589473241e-01 7.804828869514687240e-01 5.116704681957343626e-01 1.067975306584384665e+00 1.622577053398758018e+00 2.016174480355384713e+00 2.317085763053460479e+00 2.538588958801181850e+00 2.676748497550341721e+00 2.720923629795868770e+00 2.660306817558948378e+00 2.490015604404770322e+00 2.216735614177711255e+00 1.862438981628772083e+00 1.464035194173127330e+00 1.067399280138227491e+00 7.164363881942593659e-01 4.410454757542042747e-01 2.498499931056097079e-01 1.318751808380846380e-01 6.592829213861828297e-02 3.133667410815296761e-02 1.380992190889890510e-02 5.363256591927739736e-03 1.726052142628893343e-03 4.282201100255437327e-04 7.187653129092669995e-05 4.427129081153824009e-06 -1.480417767590845520e-06 -5.065579071159495284e-07 -6.558283966834688422e-08 5.677936922791438302e-10 1.631475658415512104e-09 2.608495444451986655e-10 1.328428574251596760e-11 -1.495249840819962516e-12 -2.976965048793938210e-13 -1.692692163939748603e-14 5.266995637512304643e-16 1.346698683088497545e-16 6.881800287293323912e-18 -1.082481803340607711e-19 -3.037471529453193907e-20 -1.339252221707336726e-21 1.506345672711966599e-23 4.231181420343946163e-24 -3.903001425579518079e-25 -1.024826273480304050e-23 -1.787056984657781081e-22 -2.954413386087763701e-21 -4.579003948529730988e-20 -6.563243269115349215e-19 -8.545194928597084782e-18 -1.001133757330627001e-16 -1.053932902642722312e-15 -9.760810280152726715e-15 -7.672803253638183823e-14 -5.143618007908248235e-13 -3.079644151865678371e-12 -1.615498555526811407e-11 -6.773567636732492022e-11 -2.153197360253182299e-10 -5.267380787940539132e-10 -1.046874123686347021e-09 -1.815578872468153280e-09 -2.982905432438559157e-09 -5.149826804090751412e-09 -1.216655495621117541e-08 -1.163735456816296316e-07
-6.338067349894829002e-04 -5.087696952047736712e-03 -1.562837015037861835e-02 -3.372543070918757740e-02 -6.042733372334364861e-02 -9.639310259728862962e-02 -1.418368592550189877e-01 -1.964291755650381666e-01 -2.591779668884842680e-01 -3.283126465473655831e-01 -4.012027534299405507e-01 -4.743513258028722035e-01 1.051298298392816655e+01 -6.039105594738455318e-01 -6.506871122137721786e-01 -6.792574132048773139e-01 -6.857107995462528027e-01 -6.670357937236029988e-01 -6.212218120641845864e-01 -5.472872482214998779e-01 -4.452823861861712751e-01 -3.162805278954262667e-01 -1.623486892577811480e-01 1.352044317725956124e-02 2.075304637079856129e-01 4.152520332076859444e-01 6.318249570373450918e-01 8.521781979850003852e-01 1.071251398518713316e+00 1.284197341630691547e+00 1.486555631825463353e+00 1.674393908485611648e+00 1.844409386257854999e+00 1.993989086229385865e+00 2.121233895810805681e+00 2.224948798193222110e+00 2.304601258823300025e+00 2.360254314039582191e+00 2.392480982840372583e+00 2.402264217794551904e+00 2.390887163114456815e+00 2.359819321784733859e+00 2.310602643082176666e+00 2.244739217073599136e+00 2.163580288948854680e+00 2.068213462226396349e+00 1.959339740458459822e+00 1.837122580398347305e+00 1.700972144239564665e+00 1.549183894837572684e+00 1.378231944332734660e+00 1.181133195746143061e+00 9.426688186505463030e-01 6.180054814378526107e-01 1.289958806076394016e+00 1.960011620343445671e+00 2.435834972294472767e+00 2.800000278496766359e+00 3.068578269076429610e+00 3.236812077449748415e+00 3.291788779704901025e+00 3.220316433397359290e+00 3.016274222651461390e+00 2.687447871242791830e+00 2.260080631377999083e+00 1.778548840574288192e+00 1.298251363172746364e+00 8.724517483805372953e-01 5.376851894470427995e-01 3.048180861341324155e-01 1.608930103588853133e-01 8.037010420662238364e-02 3.815184785252341559e-02 1.679550812688765382e-02 6.520616082346044826e-03 2.099649717105707587e-03 5.216898732071164084e-04 8.786831932339306500e-05 5.518252110964332917e-06 -1.775805045537349010e-06 -6.139351987458056825e-07 -7.998914217067852991e-08 5.844783487543420188e-10 1.968407682925221080e-09 3.164258910711285365e-10 1.626299364608360519e-11 -1.794748089056843081e-12 -3.603315581665684725e-13 -2.059716964179626176e-14 6.284753403329198710e-16 1.628723986241489364e-16 8.358359195436050812e-18 -1.288742494837704377e-19 -3.673589072589037087e-20 -1.625382049383367509e-21 1.795422679221931226e-23 5.124427331860519528e-24 -3.665119710742651215e-25 -1.049028032057577547e-23 -1.829229006907623797e-22 -3.024159568270268527e-21 -4.687142275364166724e-20 -6.718296889670938997e-19 -8.747140662714172477e-18 -1.024800104395620246e-16 -1.078853913268083151e-15 -9.991689429027947213e-15 -7.854361793349872677e-14 -5.265350605688498978e-13 -3.152528271588246218e-12 -1.653742352220076592e-11 -6.934032042304370793e-11 -2.204249277078488044e-10 -5.392356470440675478e-10 -1.071720195550185574e-09 -1.858649372019002574e-09 -3.053508994233471481e-09 -5.270262842956257268e-09 -1.239497743348070826e-08 -1.192511162794889608e-07
