5.800100991051083683e-05 -1.718620981347609753e-06 -5.282671120644126735e-06 -1.141322842791766463e-05 -2.049021661554579135e-05 -3.278898004724334320e-05 -4.847771599300756902e-05 -6.760454887880229784e-05 -9.008111880899949734e-05 -1.156684899810302820e-04 -1.439708922125146633e-04 -1.744416847106040577e-04 -2.064034684356169788e-04 -2.390807804581037918e-04 -2.716404385306197167e-04 -3.032328170338423963e-04 -3.330279834691062912e-04 -3.602433524398710699e-04 -3.841629230782179333e-04 -4.041507420236541484e-04 -4.196620830516334497e-04 -4.302550531128988376e-04 -4.356037421169310143e-04 -4.355123272217272944e-04 -4.299283313750567833e-04 -4.189526982107983103e-04 -4.028444008066066210e-04 -3.820177827436623246e-04 -3.570315718686294950e-04 -3.285694005648692154e-04 -2.974125270435292530e-04 -2.644061636420175416e-04 -2.304218377359310216e-04 -1.963181381318369553e-04 -1.629029343828515347e-04 -1.308997900305044712e-04 -1.009208967534056797e-04 -7.344831781895979456e-05 -4.882445687654574302e-05 -2.725174084436434767e-05 -8.800607212636124682e-06 6.575379019814456049e-06 1.901985094644887615e-05 2.875081402715354276e-05 3.603750358948947950e-05 4.117808647683395831e-05 4.447993832640377158e-05 4.624327047582086942e-05 4.674846409730136780e-05 4.624707392075989360e-05 4.495609937968455692e-05 4.305489601830090826e-05 4.068394259973696892e-05 3.794424810093895763e-05 3.489640100519663817e-05 3.155682985713836387e-05 2.788717198601676979e-05 2.376453842502450383e-05 1.888840231356945484e-05 1.235454310407912698e-05 2.460210853295718061e-05 3.697074731252040564e-05 4.496938238646645380e-05 4.989238367747636223e-05 5.180902798386930250e-05 5.057462438955389570e-05 4.622831981295798189e-05 3.923511375398104037e-05 3.056163327639214891e-05 2.153263932844854612e-05 1.348501143793308000e-05 7.355200258220543015e-06 3.416099728571349626e-06 1.321933971494440539e-06 4.214556343395580464e-07 1.135173106364447239e-07 2.849911891912267452e-08 7.506300469797287651e-09 1.993727717988718279e-09 4.596774050360700675e-10 8.414864743498740318e-11 1.202559966675183778e-11 1.361883840414034153e-12 1.251176563356703055e-13 9.488370225459254263e-15 5.948834001843738469e-16 3.063132381885874402e-17 1.304358824805279241e-18 4.729775034883708494e-20 1.510467041577058564e-21 4.320961928914715376e-23 1.114130784479486096e-24 2.614431909986115376e-26 5.637695436234946947e-28 1.121348645493599189e-29 2.066667214344532977e-31 3.571510310213133080e-33 5.881239393565029306e-35 1.082943121572211976e-36 9.937623136497438117e-36 7.385942274524331510e-35 -4.410772000505391068e-32 -3.917877118619116979e-30 -1.362967242743299561e-28 2.138186478005201805e-27 4.143446558102084603e-25 1.747862730426767347e-23 3.487955482499657820e-22 1.354351773186965436e-23 -1.948316868025441162e-19 -4.489040604792252627e-18 -4.559609840798825505e-17 -2.552623917223011251e-16 -9.036330205636408223e-16 -2.284434425147103546e-15 -4.687396638465409373e-15 -8.518932410595016604e-15 2.470576810521131401e-14 3.628192365022733921e-12 1.330929928544819004e-11
-1.718620981347609753e-06 1.600534892175086224e-03 -4.241756252345323032e-05 -9.164324898890710515e-05 -1.645275236744206187e-04 -2.632813376027260234e-04 -3.892553003798990404e-04 -5.428359820612939151e-04 -7.233140959940518666e-04 -9.287713453515726450e-04 -1.156030136844138616e-03 -1.400701411090109075e-03 -1.657346073010813187e-03 -1.919737461630733558e-03 -2.181185280429647801e-03 -2.434867050874436022e-03 -2.674118331629354688e-03 -2.892654826308393382e-03 -3.084726927263056143e-03 -3.245227862197651216e-03 -3.369783443729637562e-03 -3.454845283370727715e-03 -3.497796358480275043e-03 -3.497064242044973723e-03 -3.452227551781812936e-03 -3.364096844657232625e-03 -3.234751615329006617e-03 -3.067518949186269061e-03 -2.866885320728669757e-03 -2.638340163720835369e-03 -2.388156791212594360e-03 -2.123122148644243905e-03 -1.850234417165503827e-03 -1.576387927393743454e-03 -1.308069769257596236e-03 -1.051090057688928037e-03 -8.103646218747112811e-04 -5.897643904537167763e-04 -3.920388446314788423e-04 -2.188134450317174716e-04 -7.065387774100165600e-05 5.281274253887884240e-05 1.527397021540573524e-04 2.308775838458038620e-04 2.893882668075764271e-04 3.306659829999517887e-04 3.571789160032293100e-04 3.713377216264676867e-04 3.753938226650645584e-04 3.713671699547360996e-04 3.610002424972838021e-04 3.457332578957891204e-04 3.266942217634995855e-04 3.046942346366563435e-04 2.802198032148270693e-04 2.534028463263396955e-04 2.239352926947703608e-04 1.908303369244969698e-04 1.516747337678743405e-04 9.920754351765011757e-05 1.975560484483952154e-04 2.968767610596761172e-04 3.611061341914922635e-04 4.006380438588113125e-04 4.160288297134687565e-04 4.061166411289955278e-04 3.712158232245144247e-04 3.150603059987256349e-04 2.454120715213778782e-04 1.729089370278942604e-04 1.082860724466417029e-04 5.906324304413218334e-05 2.743186849598127375e-05 1.061542675405047586e-05 3.384413205166184994e-06 9.115866596921586664e-07 2.288598863355072715e-07 6.027840683812479031e-08 1.601021466659982301e-08 3.691317922705016950e-09 6.757314865634320521e-10 9.656803669771193105e-11 1.093620472302090141e-11 1.004719776795301266e-12 7.619343946270056506e-14 4.777024291432663389e-15 2.459751623199103905e-16 1.047424399012747143e-17 3.798098837043481270e-19 1.212934052613169202e-20 3.469817171863498049e-22 8.946694226467655588e-24 2.099442329879617059e-25 4.527185572344192952e-27 9.004661141016404945e-29 1.659576534192606386e-30 2.867996697254021566e-32 4.722756628256492025e-34 8.695197340235206478e-36 7.972640778396208333e-35 5.923408108448086515e-34 -3.538790917892236174e-31 -3.143231962019001491e-29 -1.093436034658921156e-27 1.715718253870562133e-26 3.324264655483288593e-24 1.402262117138994621e-22 2.798204061566183924e-21 1.046767670163937999e-22 -1.563152516838657002e-18 -3.601441843987547408e-17 -3.657958646457025037e-16 -2.047806843544006739e-15 -7.249155767663740717e-15 -1.832607286734471104e-14 -3.760327070158704302e-14 -6.834256014044922032e-14 1.983879905530640159e-13 2.913924098818275268e-11 1.067064467043214820e-10
-5.282671120644126735e-06 -4.241756252345323032e-05 9.600384589826304119e-03 -2.816914624017635639e-04 -5.057224696978886635e-04 -8.092719760807135128e-04 -1.196492787024148064e-03 -1.668575498287943291e-03 -2.223343186948705235e-03 -2.854903486581717841e-03 -3.553493465044641701e-03 -4.305625756975705633e-03 -5.094583745018189253e-03 -5.901227513208864503e-03 -6.704989242354264870e-03 -7.484892406122097691e-03 -8.220444766092833630e-03 -8.892322187263324018e-03 -9.482844689253677392e-03 -9.976309503436904189e-03 -1.035926706129218847e-02 -1.062080748542579278e-02 -1.075288487251725190e-02 -1.075066503016396807e-02 -1.061285250743487611e-02 -1.034193915309600600e-02 -9.944317781609509146e-03 -9.430216536674428801e-03 -8.813427938418450999e-03 -8.110827902356614050e-03 -7.341701907508962031e-03 -6.526915408969016959e-03 -5.687982618599487020e-03 -4.846099007123939005e-03 -4.021208425193650328e-03 -3.231173393342791442e-03 -2.491107265424703700e-03 -1.812911173043810350e-03 -1.205038439577609194e-03 -6.724865568035350537e-04 -2.169957509649705386e-04 1.625805394933258321e-04 4.697869829142385851e-04 7.100058126127891138e-04 8.898829367105106324e-04 1.016778970930125661e-03 1.098282040861112792e-03 1.141803419096314555e-03 1.154264843195551690e-03 1.141876424463586026e-03 1.109995283920665095e-03 1.063049399959407979e-03 1.004506451969117793e-03 9.368602425533803469e-04 8.616063126178368945e-04 7.791502241286668443e-04 6.885444632430471387e-04 5.867548399748944224e-04 4.663611998915415135e-04 3.050379090378481156e-04 6.074344451758707884e-04 9.128200005695298342e-04 1.110308456661759794e-03 1.231858758973282180e-03 1.279182212659332870e-03 1.248706809608349580e-03 1.141398980845584289e-03 9.687390130627565338e-04 7.545917883282597530e-04 5.316647045584357335e-04 3.329651342355204394e-04 1.816148195141074808e-04 8.435291969103823212e-05 3.264352172154974345e-05 1.040789340419591630e-05 2.803496876484052675e-06 7.038565786816330142e-07 1.853803234754487155e-07 4.923517858960074275e-08 1.135126100576866728e-08 2.077926363951315224e-09 2.969528811336318504e-10 3.362948987289061981e-11 3.089566055593145970e-12 2.342977215802897133e-13 1.468946833845488294e-14 7.563787378975294007e-16 3.220856297534524415e-17 1.167927331846761331e-18 3.729817413848201045e-20 1.066984484039432748e-21 2.751157813880545165e-23 6.455915940199388539e-25 1.392138978728146573e-26 2.768992641821838927e-28 5.103308687292206745e-30 8.819281741683101745e-32 1.452278742096272436e-33 2.672139982264074019e-35 2.439711665770086674e-34 1.809272029245899576e-33 -1.083175423055653718e-30 -9.619306688880233547e-29 -3.345558108885027827e-27 5.255369349681453753e-26 1.017433105807687428e-23 4.291182791803546098e-22 8.561642888530719366e-21 2.567888735274463484e-22 -4.784680160750504773e-18 -1.102121308371155946e-16 -1.119258486907548346e-15 -6.265184516644134975e-15 -2.217669014454518247e-14 -5.606018917536673952e-14 -1.150343343695014436e-13 -2.091012055996858417e-13 6.099823048798029927e-13 8.967060812458999656e-11 3.254173741810670915e-10
-1.141322842791766463e-05 -9.164324898890710515e-05 -2.816914624017635639e-04 3.283755789242769757e-02 -1.092617173382193739e-03 -1.748446001448867139e-03 -2.585062765499696567e-03 -3.605054065025236829e-03 -4.803737276771601929e-03 -6.168407554698450250e-03 -7.677999207026444187e-03 -9.303395836173631098e-03 -1.100849374287293965e-02 -1.275193799670963114e-02 -1.448927110416205026e-02 -1.617513733067327264e-02 -1.776521780287106458e-02 -1.921771504623478663e-02 -2.049438771259758443e-02 -2.156127400383108655e-02 -2.238928933315125977e-02 -2.295484467972526768e-02 -2.324054568648023164e-02 -2.323594243528951872e-02 -2.293823479660955442e-02 -2.235280875238049650e-02 -2.149348173026044070e-02 -2.038236076681407966e-02 -1.904925711016614703e-02 -1.753064711176280030e-02 -1.586821587905243303e-02 -1.410706483410928934e-02 -1.229369842441952604e-02 -1.047393335041156906e-02 -8.690882136702680894e-03 -6.983159072908618446e-03 -5.383436572552315579e-03 -3.917444051323314483e-03 -2.603457893059236798e-03 -1.452283833202130297e-03 -4.676881506341812474e-04 3.528064184062610774e-04 1.016858513238787448e-03 1.536102620125896507e-03 1.924903357598575261e-03 2.199171184664658763e-03 2.375309339961555362e-03 2.469338946479163882e-03 2.496222962184434322e-03 2.469386084868724091e-03 2.400409510974668443e-03 2.298865982630647620e-03 2.172250955785557172e-03 2.025955979213322263e-03 1.863213203208257578e-03 1.684899003477567311e-03 1.488962973196056002e-03 1.268843558199052269e-03 1.008494448808356985e-03 6.596366227254240808e-04 1.313561029678496622e-03 1.973947402166088827e-03 2.401007952244596250e-03 2.663855824517216784e-03 2.766195969161020039e-03 2.700306582965832265e-03 2.468276961189412935e-03 2.094929000090062655e-03 1.631862233709261995e-03 1.149798124151474527e-03 7.201108366251085351e-04 3.928029338992857964e-04 1.824546211988794164e-04 7.061467596341776615e-05 2.251743166107741134e-05 6.066276069364793542e-06 1.523148909794942052e-06 4.011298735768357983e-07 1.065193052492316465e-07 2.455563123452293862e-08 4.494875948341104216e-09 6.423469804720092636e-10 7.274463874047972932e-11 6.683053821760179988e-12 5.068034675313084062e-13 3.177402064832793696e-14 1.636077020711974475e-15 6.966867541249132246e-17 2.526298409580211604e-18 8.067868350502316099e-20 2.307983110368692936e-21 5.951056867293813376e-23 1.396495071974557702e-24 3.011377772887013624e-26 5.989696688965731141e-28 1.103913986485002922e-29 1.907728925225238630e-31 3.141470425005327770e-33 5.769624919238291941e-35 5.202862054846976722e-34 3.837347147725523643e-33 -2.311635059138716329e-30 -2.051818534932967382e-28 -7.131688336376636679e-27 1.123943369506627783e-25 2.170838016421599622e-23 9.151972238519215977e-22 1.825107016038891457e-20 1.485718227106788774e-22 -1.021165125790370878e-17 -2.350619436510877018e-16 -2.386176081107288523e-15 -1.335267428107230899e-14 -4.725265897414695968e-14 -1.194298584920701926e-13 -2.450953097081692102e-13 -4.457085134715785854e-13 1.318951157424833769e-12 1.943796677975890793e-10 6.869678714006751469e-10
-2.049021661554579135e-05 -1.645275236744206187e-04 -5.057224696978886635e-04 -1.092617173382193739e-03 8.369297038157505475e-02 -3.139053507803974373e-03 -4.641141084955224816e-03 -6.472561912616414670e-03 -8.624990349375454696e-03 -1.107571810812873862e-02 -1.378703273333549070e-02 -1.670675247789397619e-02 -1.977011009003191294e-02 -2.290284903304700900e-02 -2.602507338465893244e-02 -2.905521431554566533e-02 -3.191352688993902981e-02 -3.452478344673247379e-02 -3.682015591701957163e-02 -3.873853006595526921e-02 -4.022758384398063963e-02 -4.124489532644520784e-02 -4.175919201176510331e-02 -4.175169069094481628e-02 -4.121735904370484732e-02 -4.016587581041256710e-02 -3.862207020896389620e-02 -3.662566724631090287e-02 -3.423023690853924106e-02 -3.150132808074618262e-02 -2.851385327780339013e-02 -2.534886772016428647e-02 -2.208995299231369946e-02 -1.881945882920735974e-02 -1.561487864370983240e-02 -1.254562517847765055e-02 -9.670434492212026667e-03 -7.035565350242646218e-03 -4.673881852229938051e-03 -2.604820356598755611e-03 -8.351617829642411393e-04 6.395346069635236917e-04 1.833027084103489674e-03 2.766220923591936661e-03 3.464932030525711294e-03 3.957756796846112306e-03 4.274178983964382200e-03 4.442996928389134070e-03 4.491107847195727025e-03 4.442644360648954210e-03 4.318425553331575739e-03 4.135660247759443374e-03 3.907822104684479866e-03 3.644602773684615764e-03 3.351810531919243233e-03 3.031017755954807432e-03 2.678532273123705038e-03 2.282548284762069522e-03 1.814198165954960867e-03 1.186630754729216990e-03 2.362984318531466659e-03 3.550955854828355841e-03 4.319189205561255705e-03 4.792024611910820388e-03 4.976142852727208528e-03 4.857664015931364120e-03 4.440344876521042095e-03 3.768821065548634119e-03 2.935886176770827541e-03 2.068732974941337940e-03 1.295743781314377370e-03 7.068783883507169042e-04 3.283927872256717988e-04 1.271243070217036584e-04 4.054897859011508181e-05 1.092768657665599738e-05 2.744274783193876347e-06 7.225858469229690075e-07 1.918148735868170308e-07 4.420836502232048457e-08 8.091487585364739127e-09 1.156294514440993717e-09 1.309473289720195562e-10 1.202994179620453806e-11 9.122525279629455242e-13 5.719206651695776809e-14 2.944853646960779110e-15 1.254011232250977925e-16 4.547307138681664820e-18 1.452224384072024687e-19 4.154461849077773111e-21 1.071236092142398350e-22 2.513836158613443888e-24 5.420823063077908767e-26 1.078215726157775626e-27 1.987178487447449809e-29 3.434143342179955825e-31 5.655014726482056020e-33 1.034506783071727325e-34 9.076941756716462702e-34 6.611935146297256843e-33 -4.039510440439214730e-30 -3.581309426730920328e-28 -1.243036368593189257e-26 1.973402079388306618e-25 3.791530920158184571e-23 1.596938347754668674e-21 3.181240935956078997e-20 -1.309016827181379568e-21 -1.784663752424138866e-17 -4.101947192490952887e-16 -4.160090132718864424e-15 -2.326258169763347322e-14 -8.227715553787670990e-14 -2.078764851217348583e-13 -4.267149134939503667e-13 -7.767388869740354548e-13 2.371704608704643640e-12 3.515050346055843797e-10 1.170931678933042316e-09
-3.278898004724334320e-05 -2.632813376027260234e-04 -8.092719760807135128e-04 -1.748446001448867139e-03 -3.139053507803974373e-03 1.779077189479528753e-01 -7.427364648831795250e-03 -1.035871791225966704e-02 -1.380434971087929515e-02 -1.772821994421375572e-02 -2.207029736470849865e-02 -2.674735102154352992e-02 -3.165588968247792095e-02 -3.667705495517482178e-02 -4.168275827329651767e-02 -4.654205375315956239e-02 -5.112680045321662398e-02 -5.531605602902724822e-02 -5.899916279384746776e-02 -6.207789774136830002e-02 -6.446821479249048581e-02 -6.610201179183380904e-02 -6.692911248203511909e-02 -6.691939206577253441e-02 -6.606478184172547008e-02 -6.438079750106893984e-02 -6.190723914070320882e-02 -5.870778342340519235e-02 -5.486830212411988178e-02 -5.049387530192159940e-02 -4.570460276454808152e-02 -4.063044346099070614e-02 -3.540541942028323924e-02 -3.016159058189459702e-02 -2.502324281992301599e-02 -2.010171510375408782e-02 -1.549123401715932734e-02 -1.126602296347374230e-02 -7.478826957398803515e-03 -4.160856761553982305e-03 -1.323025080129015428e-03 1.041758245990242982e-03 2.955532359294366692e-03 4.451805272199322629e-03 5.571968012730788705e-03 6.361877339732167035e-03 6.868818090795634525e-03 7.138979869539851739e-03 7.215506058909999278e-03 7.137107569072697125e-03 6.937180626030038828e-03 6.643329920254114132e-03 6.277169543077206447e-03 5.854242592709301730e-03 5.383861593596478597e-03 4.868538076735715384e-03 4.302332761484913178e-03 3.666275358504913345e-03 2.913993242588672379e-03 1.905981619170301787e-03 3.795451538142911776e-03 5.703563024152875915e-03 6.937471406735252859e-03 7.696928761561612833e-03 7.992711785736230853e-03 7.802560070557655256e-03 7.132504157517824753e-03 6.054185471996437716e-03 4.716562923403002164e-03 3.323848596143562373e-03 2.082210218074364693e-03 1.136170201530755774e-03 5.279830713821963674e-04 2.044707121153215435e-04 6.525575740225979075e-05 1.759688979698706006e-05 4.420606974949197580e-06 1.163574142144370598e-06 3.086795574181102491e-07 7.111207766803383855e-08 1.301331816907492898e-08 1.859542474091518012e-09 2.105855272147462486e-10 1.934560421114208598e-11 1.466930790226771749e-12 9.196197723643185983e-14 4.735103499701927457e-15 2.016389603022283394e-16 7.312031175462669917e-18 2.335217182933161144e-19 6.680696429990796522e-21 1.722696473434251121e-22 4.042709505225378973e-24 8.717767974458083173e-26 1.733992805139093957e-27 3.195803070528880872e-29 5.522831109139796953e-31 9.094425239862761884e-33 1.651942658473612595e-34 1.376806632509878549e-33 9.784022301392242962e-33 -6.146811605142900879e-30 -5.437216505005855145e-28 -1.882015941158403347e-26 3.030525912570433300e-25 5.763728289444069885e-23 2.423093959301668627e-21 4.816911589149578839e-20 -6.634702953869535632e-21 -2.716298460007874484e-17 -6.224994780367549163e-16 -6.301655193799078395e-15 -3.518852786604752394e-14 -1.243249274541509563e-13 -3.138840992669041295e-13 -6.446382680860686895e-13 -1.175650802535692483e-12 3.803672692610785522e-12 5.699427308574826788e-10 1.694313400484039586e-09
-4.847771599300756902e-05 -3.892553003798990404e-04 -1.196492787024148064e-03 -2.585062765499696567e-03 -4.641141084955224816e-03 -7.427364648831795250e-03 3.343246192445499809e-01 -1.531790768533483268e-02 -2.041524192291994944e-02 -2.622180642651847013e-02 -3.264962302128825156e-02 -3.957630766255546689e-02 -4.684923324619486712e-02 -5.429261121902224929e-02 -6.171650216756344176e-02 -6.892629523658594382e-02 -7.573123916390372967e-02 -8.195114291132438167e-02 -8.742112220356547392e-02 -9.199489728534285260e-02 -9.554741309742528776e-02 -9.797743904659389491e-02 -9.921045769783655432e-02 -9.920176141969187789e-02 -9.793938055518491836e-02 -9.544632203172458140e-02 -9.178159596224456929e-02 -8.703961155503141256e-02 -8.134769166120960071e-02 -7.486165460365427904e-02 -6.775961260537662068e-02 -6.023432762829350473e-02 -5.248461856334191156e-02 -4.470642643234808145e-02 -3.708419078855021422e-02 -2.978317074831663899e-02 -2.294325819241032835e-02 -1.667468039702516697e-02 -1.105580299707652550e-02 -6.133037798532020926e-03 -1.922668987218562747e-03 1.585744114965887113e-03 4.424841620315199918e-03 6.644300214714939957e-03 8.305511045353050972e-03 9.476507579368241216e-03 1.022745607895982414e-02 1.062690736118677114e-02 1.073889805044369976e-02 1.062089024347703976e-02 1.032245997410985439e-02 9.884586290829468908e-03 9.339351522570671707e-03 8.709823842598012414e-03 8.009813181030688012e-03 7.243023872022989751e-03 6.400595135315467407e-03 5.454288152492245238e-03 4.335102901866322474e-03 2.835491931139087589e-03 5.646409206773270184e-03 8.485011022055833491e-03 1.032057893897299003e-02 1.145036660720370920e-02 1.189052147075522238e-02 1.160800944583702775e-02 1.061179242735619047e-02 9.008320457245576687e-03 7.018979812017916292e-03 4.947358601281813192e-03 3.100065606414551325e-03 1.692172873683553706e-03 7.867441154371241892e-04 3.048856535611059698e-04 9.739052363372946311e-05 2.628928524967566821e-05 6.607956522070030701e-06 1.738327650822920964e-06 4.606630024825552336e-07 1.060496585717577249e-07 1.940092761214122094e-08 2.772068983891884295e-09 3.139185455270964115e-10 2.883693396144410825e-11 2.186433406849097425e-12 1.370561010205287483e-13 7.056809027550725491e-15 3.005144981542690123e-16 1.089800089798077875e-17 3.480585927112775065e-19 9.957929853434419124e-21 2.567932702931448179e-22 6.026529822773299792e-24 1.299593537140158650e-25 2.584949686499002610e-27 4.764170545208662442e-29 8.233213872313032834e-31 1.355750830795431051e-32 2.435434530496753290e-34 1.860584666762112634e-33 1.262104691662871312e-32 -8.354737725685213684e-30 -7.360041342569223849e-28 -2.534864655167490540e-26 4.186713664950680181e-25 7.820030913320340398e-23 3.276544138372189488e-21 6.488723018208869358e-20 -2.037666049779752926e-20 -3.693538223261928933e-17 -8.419872661033034262e-16 -8.495161454404939646e-15 -4.731587427553814461e-14 -1.668455673821644987e-13 -4.206774194332928934e-13 -8.647300896421615492e-13 -1.582515656933089347e-12 5.632452803704060557e-12 8.606478424058271163e-10 2.088605206233854789e-09
-6.760454887880229784e-05 -5.428359820612939151e-04 -1.668575498287943291e-03 -3.605054065025236829e-03 -6.472561912616414670e-03 -1.035871791225966704e-02 -1.531790768533483268e-02 5.746295841151966011e-01 -2.848226556138597210e-02 -3.659073026261996930e-02 -4.557175831636528507e-02 -5.525612433222339137e-02 -6.543183585389274193e-02 -7.585367771389191216e-02 -8.625562877737127931e-02 -9.636418514075964503e-02 -1.059105840200445653e-01 -1.146405823152451958e-01 -1.223214762207848055e-01 -1.287469667941132101e-01 -1.337409203649753686e-01 -1.371609738483310081e-01 -1.389024764874910722e-01 -1.389027088961924949e-01 -1.371448876589472232e-01 -1.336612398311493588e-01 -1.285344146885923355e-01 -1.218966378317834359e-01 -1.139262457878521539e-01 -1.048415194393298167e-01 -9.489201794662925626e-02 -8.434788590158912025e-02 -7.348782301083577051e-02 -6.258656516250679647e-02 -5.190279269076281815e-02 -4.166835595800290337e-02 -3.207958674961566836e-02 -2.329125503601826505e-02 -1.541346868781590974e-02 -8.511526156150943032e-03 -2.608464021072213427e-03 2.310189006536089631e-03 6.290067551829882017e-03 9.400737768125085395e-03 1.172823104147807313e-02 1.336792849260233680e-02 1.441823041839799223e-02 1.497529287574219693e-02 1.512895516940811723e-02 1.495984292328668940e-02 1.453752130999963477e-02 1.391949291410480780e-02 1.315077351987983464e-02 1.226371801579291369e-02 1.127767643030051954e-02 1.019779250830873084e-02 9.011539532278362713e-03 7.679122198821921631e-03 6.103369281796072569e-03 3.992058217914330395e-03 7.949495317365546168e-03 1.194580576558972387e-02 1.452988097231616357e-02 1.612040780266427165e-02 1.674036857945154083e-02 1.634343302869102968e-02 1.494219613981799186e-02 1.268624867570259350e-02 9.886807646525642979e-03 6.970827136374340392e-03 4.369756170386806041e-03 2.386541914483431091e-03 1.110409813106826146e-03 4.307592788459334993e-04 1.377887086758389755e-04 3.725240768275957579e-05 9.371552433635897190e-06 2.463194370155175688e-06 6.516964542613028816e-07 1.498642711183555976e-07 2.740376576934414705e-08 3.915038548296389795e-09 4.433376751624523523e-10 4.072243123571742345e-11 3.087162168559178747e-12 1.934931503996352608e-13 9.962274240531747559e-15 4.242619976113501332e-16 1.538660740324715873e-17 4.914431661610919429e-19 1.406125302294131964e-20 3.626442064214158713e-22 8.511279264999643125e-24 1.835466431032331955e-25 3.650857506553121173e-27 6.728741815787889344e-29 1.162830634771538642e-30 1.914795367606771846e-32 3.387009721439935581e-34 2.256181372190073024e-33 1.402165213271461179e-32 -1.023376908548652226e-29 -8.951212208496622977e-28 -3.055771319230632762e-26 5.272027935895698180e-25 9.549060429788114734e-23 3.977527977794325762e-21 7.824003267186080328e-20 -4.911147726120930966e-20 -4.527595158603773694e-17 -1.022619362385416332e-15 -1.025693541010286570e-14 -5.686886895859711822e-14 -1.998314096453793600e-13 -5.026491319898660920e-13 -1.034811094058400171e-12 -1.905504565877277181e-12 7.834760679273581395e-12 1.237659780180444794e-09 2.101605411135119863e-09
-9.008111880899949734e-05 -7.233140959940518666e-04 -2.223343186948705235e-03 -4.803737276771601929e-03 -8.624990349375454696e-03 -1.380434971087929515e-02 -2.041524192291994944e-02 -2.848226556138597210e-02 9.231074308394388028e-01 -4.879911740179693896e-02 -6.079806499886078464e-02 -7.374862594629950918e-02 -8.737006379232081787e-02 -1.013356620094630067e-01 -1.152889434414152425e-01 -1.288615693524018391e-01 -1.416902134390695400e-01 -1.534304128836691816e-01 -1.637667085286627910e-01 -1.724196749212472679e-01 -1.791511688140454972e-01 -1.837691160419058500e-01 -1.861326044598875795e-01 -1.861573122768694910e-01 -1.838206852688802073e-01 -1.791659347804628599e-01 -1.723038748537700782e-01 -1.634117850293243523e-01 -1.527287925348504993e-01 -1.405476452681378441e-01 -1.272031312642364631e-01 -1.130577683500309794e-01 -9.848568405026125738e-02 -8.385582128964370885e-02 -6.951570088365802147e-02 -5.577693750390237681e-02 -4.290354480832412470e-02 -3.110378525804819230e-02 -2.052596930600519842e-02 -1.125822345252832334e-02 -3.331878020900410232e-03 3.272167056129782984e-03 8.614942054592886200e-03 1.278969389384378499e-02 1.591186202039242270e-02 1.810951161367909193e-02 1.951481855041047389e-02 2.025698597317393199e-02 2.045675874516999365e-02 2.022251775389685008e-02 1.964778680438095115e-02 1.880987391581187551e-02 1.776928932773360822e-02 1.656950620160065404e-02 1.523648062841359910e-02 1.377702427281360387e-02 1.217411184152073986e-02 1.037391038384122104e-02 8.245099064072478751e-03 5.392877246514406024e-03 1.073894105659919072e-02 1.613731950513056304e-02 1.962776467278410861e-02 2.177624618741262966e-02 2.261429486763718785e-02 2.207966878258748461e-02 2.018933866541901267e-02 1.714483613203053938e-02 1.336566592613357661e-02 9.427693956283541080e-03 5.913331745645613799e-03 3.232125571961058132e-03 1.505470497965694576e-03 5.848826492499195617e-04 1.874599244567480864e-04 5.079491439423719631e-05 1.279390853744467829e-05 3.358546726705220994e-06 8.865204250693233799e-07 2.035458057540866677e-07 3.719506916977801541e-08 5.312895886010931649e-09 6.016024244448382679e-10 5.525368631891103718e-11 4.187922390975676777e-12 2.624364708698363361e-13 1.351115627828128263e-14 5.754333069878350752e-16 2.087099331592208285e-17 6.666675963106411144e-19 1.907695078511435243e-20 4.920692880056199503e-22 1.155005459512787233e-23 2.490874729707046342e-25 4.954568207658568821e-27 9.131668782551860096e-29 1.578095958587596766e-30 2.598560137386765902e-32 4.510039276918770801e-34 2.452061021186163990e-33 1.278982279980525969e-32 -1.131822025629689971e-29 -9.778501163575557256e-28 -3.286552251649100507e-26 6.102636559604914669e-25 1.050478454718966383e-22 4.331081403046890733e-21 8.418416992667440530e-20 -1.000662794372547028e-19 -5.013894775642716102e-17 -1.114459552175106306e-15 -1.106210040080869401e-14 -6.083473496442581012e-14 -2.124205763027181299e-13 -5.320079947312222262e-13 -1.098115131776437236e-12 -2.044665575116072949e-12 1.029668982518890144e-11 1.718028377240952231e-09 1.456192096171396563e-09
-1.156684899810302820e-04 -9.287713453515726450e-04 -2.854903486581717841e-03 -6.168407554698450250e-03 -1.107571810812873862e-02 -1.772821994421375572e-02 -2.622180642651847013e-02 -3.659073026261996930e-02 -4.879911740179693896e-02 1.406417076856674608e+00 -7.819422003325186832e-02 -9.490236102074019187e-02 -1.125000481495042892e-01 -1.305681848600840633e-01 -1.486459372378468868e-01 -1.662538471094579529e-01 -1.829164227819792543e-01 -1.981813303656749237e-01 -2.116338358209664539e-01 -2.229068773954557270e-01 -2.316883091707138964e-01 -2.377270752467763870e-01 -2.408394910313698400e-01 -2.409158683614012475e-01 -2.379268661079509406e-01 -2.319284309694350787e-01 -2.230640636054301851e-01 -2.115633313323414255e-01 -1.977359344775405370e-01 -1.819611231007624563e-01 -1.646727701015674450e-01 -1.463408876541935910e-01 -1.274507704260226804e-01 -1.084812323803762968e-01 -8.988353558997362602e-02 -7.206256590940486595e-02 -5.536160727706043727e-02 -4.005170235031006026e-02 -2.632613446264376808e-02 -1.430006194213821399e-02 -4.014858754791751291e-03 4.553662455421699472e-03 1.148424635415393365e-02 1.689759735871600513e-02 2.094336422143018572e-02 2.378770755491982358e-02 2.560222589003133264e-02 2.655473376954037290e-02 2.680211325777117834e-02 2.648521736489677092e-02 2.572560867392973544e-02 2.462377465642720878e-02 2.325835507528875232e-02 2.168580782977122881e-02 1.993976976410902907e-02 1.802890434390116634e-02 1.593075141708363146e-02 1.357473681601118094e-02 1.078893131572938868e-02 7.056666523412335676e-03 1.405199967834682741e-02 2.111543531335743212e-02 2.568206361415377101e-02 2.849312168803058015e-02 2.959073788011030298e-02 2.889408607565247672e-02 2.642528424951910357e-02 2.244704346469531334e-02 1.750662796015942102e-02 1.235593014173131006e-02 7.756266935834465852e-03 4.244075229475834966e-03 1.979763283359928672e-03 7.707160363603461151e-04 2.476905564939820351e-04 6.731943326906820297e-05 1.698377220988504208e-05 4.450940876190531239e-06 1.171162658836400745e-06 2.683265694322116534e-07 4.898828226255183032e-08 6.995673020748855613e-09 7.921008964655936881e-10 7.273904155721652713e-11 5.511678582288866134e-12 3.453018910629931277e-13 1.777598501100917680e-14 7.571345708389136408e-16 2.746472088479182799e-17 8.773852588347170582e-19 2.511058054795788043e-20 6.478237404387337541e-22 1.520807442226624317e-23 3.279926180609955220e-25 6.524170424202685435e-27 1.202477078531769064e-28 2.078073085077616487e-30 3.421773713459236237e-32 5.819929882242128627e-34 2.390786197985427484e-33 8.276922683932899440e-33 -1.137085724968207899e-29 -9.619932702169898183e-28 -3.145204170171913601e-26 6.589338752214308453e-25 1.045920038940056172e-22 4.236843132436309073e-21 8.062278974148301519e-20 -1.777365987103453825e-19 -5.048539229453159925e-17 -1.091802073826282783e-15 -1.063847769897045653e-14 -5.764416904199463306e-14 -1.989406693414732562e-13 -4.942122726478389966e-13 -1.024570434579298358e-12 -1.947208864209744248e-12 1.273471299581960456e-11 2.319424828910112666e-09 -8.911920601727600838e-12
-1.439708922125146633e-04 -1.156030136844138616e-03 -3.553493465044641701e-03 -7.677999207026444187e-03 -1.378703273333549070e-02 -2.207029736470849865e-02 -3.264962302128825156e-02 -4.557175831636528507e-02 -6.079806499886078464e-02 -7.819422003325186832e-02 2.053377837473571610e+00 -1.184428549050488000e-01 -1.405150916700123875e-01 -1.632195173552002943e-01 -1.859784214998831953e-01 -2.081852597199623789e-01 -2.292340347011331270e-01 -2.485453686382930183e-01 -2.655868601987084743e-01 -2.798875041506317940e-01 -2.910477262114423702e-01 -2.987472535558490794e-01 -3.027525721504288891e-01 -3.029246053508429237e-01 -2.992260957857299508e-01 -2.917273955422658438e-01 -2.806091000441690575e-01 -2.661601291932516045e-01 -2.487703245881938141e-01 -2.289172426438585428e-01 -2.071474839809485380e-01 -1.840535127156347761e-01 -1.602474403143400172e-01 -1.363336142326355416e-01 -1.128820257799299925e-01 -9.040450772439412308e-02 -6.933543574128814280e-02 -5.001819626841592925e-02 -3.269810945188712792e-02 -1.752185785282999245e-02 -4.542873500372622900e-03 6.268354928766594301e-03 1.501043335674621775e-02 2.183518069545593507e-02 2.693119092945998189e-02 3.050811342591873074e-02 3.278263534514271049e-02 3.396679376539425699e-02 3.425890329637813064e-02 3.383707571564424643e-02 3.285506122106385263e-02 3.143995979750305314e-02 2.969121133596475809e-02 2.768014370799217264e-02 2.544912631288964375e-02 2.300879739936656510e-02 2.033018657637701912e-02 1.732301301695444995e-02 1.376772398037722292e-02 9.004897628877458343e-03 1.793140274047036811e-02 2.694423669580435846e-02 3.277054562532841914e-02 3.635732033881303171e-02 3.775978206754421196e-02 3.687582028003697637e-02 3.373349394855735400e-02 2.866633945531078115e-02 2.236988751318439925e-02 1.580084434294323076e-02 9.929407369891474558e-03 5.441046186403788835e-03 2.543118138669732842e-03 9.926861831070939429e-04 3.201587360229594514e-04 8.735968295469911601e-05 2.208626553038167038e-05 5.775551078335506373e-06 1.513471573651363996e-06 3.457872463831087573e-07 6.305519239431469462e-08 9.001538239951918820e-09 1.019137692921876657e-09 9.356974438751802633e-11 7.087491842122013011e-12 4.438765542096634512e-13 2.284824259278223137e-14 9.732871022394826439e-16 3.531132941839311404e-17 1.128218596014821409e-18 3.229588377472613206e-20 8.334043634467924267e-22 1.956820569637673412e-23 4.220552065637242397e-25 8.395367034307613633e-27 1.547391840958092592e-28 2.674145447122516418e-30 4.403153592097196965e-32 7.358366105023031139e-34 2.155697991030889447e-33 1.278173886633809005e-33 -1.074735939379989654e-29 -8.800269511221639014e-28 -2.748313773315083868e-26 6.885548584463264999e-25 9.750540597685815209e-23 3.840596720487387623e-21 7.053397129328738698e-20 -2.789483112802462355e-19 -4.788525760386358735e-17 -9.919875954209081862e-16 -9.372855907237059412e-15 -4.949664306746041439e-14 -1.672748230635075180e-13 -4.093312882955393080e-13 -8.541210961899351425e-13 -1.684064132900080684e-12 1.461674835429222944e-11 3.053851771951242532e-09 -2.138420332192583419e-09
-1.744416847106040577e-04 -1.400701411090109075e-03 -4.305625756975705633e-03 -9.303395836173631098e-03 -1.670675247789397619e-02 -2.674735102154352992e-02 -3.957630766255546689e-02 -5.525612433222339137e-02 -7.374862594629950918e-02 -9.490236102074019187e-02 -1.184428549050488000e-01 2.894748684914003167e+00 -1.709591202258596565e-01 -1.987863962851153798e-01 -2.267464678813534973e-01 -2.540911730643867772e-01 -2.800656647078594852e-01 -3.039430622553801475e-01 -3.250528131537689935e-01 -3.428013618315970401e-01 -3.566862669170877131e-01 -3.663063364368707164e-01 -3.713702671988535764e-01 -3.717050942324701124e-01 -3.672642677578349946e-01 -3.581340281264931980e-01 -3.445362324886821481e-01 -3.268258771642809646e-01 -3.054820731583811622e-01 -2.810919869759237466e-01 -2.543280777177559515e-01 -2.259197491528184276e-01 -1.966211967928047921e-01 -1.671776991122209954e-01 -1.382928335261562613e-01 -1.105990581604996414e-01 -8.463378627389547826e-02 -6.082253359248449703e-02 -3.947001115937908561e-02 -2.075924663088453415e-02 -4.758079024404890563e-03 8.568245527155609470e-03 1.934006271013557349e-02 2.774373274376948015e-02 3.401135626998738615e-02 3.840134492623469703e-02 4.118106956969726229e-02 4.261237008275124694e-02 4.294028764808646009e-02 4.238499723476150255e-02 4.113661123387965524e-02 3.935229584406375186e-02 3.715497304362862241e-02 3.463271403567108608e-02 3.183762949932104902e-02 2.878236059533983981e-02 2.543018109745968230e-02 2.166781738575010094e-02 1.722041217631289922e-02 1.126301102834633729e-02 2.242777907128499365e-02 3.369964461529952743e-02 4.098535283593950085e-02 4.547114158393301964e-02 4.722840255640792240e-02 4.613103901305347365e-02 4.221384205704817316e-02 3.589121696654330729e-02 2.802855401879659342e-02 1.981801991276750663e-02 1.247103129279313397e-02 6.846486635917980318e-03 3.208061298635353758e-03 1.256514275841329620e-03 4.070627196512157622e-04 1.116222839692588024e-04 2.829433290763285763e-05 7.378902398783534489e-06 1.923708924847899118e-06 4.379737028445558317e-07 7.974587686041906391e-08 1.137960286179143642e-08 1.288251354478731985e-09 1.182487778116746374e-10 8.952651999609505894e-12 5.604494731077885027e-13 2.884504040623697547e-14 1.228914060318251874e-15 4.459484173269654733e-17 1.425097494050574850e-18 4.080458206165241942e-20 1.053305924818201493e-21 2.473703929952389316e-23 5.335820148250377574e-25 1.061408560827848048e-26 1.956384424172101478e-28 3.380954562896834391e-30 5.566769979901490298e-32 9.203010987117559628e-34 2.024517468385431074e-33 -5.382915589320123713e-33 -1.061916268537142407e-29 -8.398375887928004270e-28 -2.487204505973933999e-26 7.473563984051072692e-25 9.496781520011922743e-23 3.627837224739166721e-21 6.391682004963503451e-20 -3.890660661106284186e-19 -4.749289108820716693e-17 -9.393606578071430166e-16 -8.563618660731359602e-15 -4.381286844730571599e-14 -1.441002192935141444e-13 -3.454353488058823221e-13 -7.239554479197013194e-13 -1.497792450956244439e-12 1.517248567683293736e-11 3.916085515331472618e-09 -4.319885669727695042e-09
-2.064034684356169788e-04 -1.657346073010813187e-03 -5.094583745018189253e-03 -1.100849374287293965e-02 -1.977011009003191294e-02 -3.165588968247792095e-02 -4.684923324619486712e-02 -6.543183585389274193e-02 -8.737006379232081787e-02 -1.125000481495042892e-01 -1.405150916700123875e-01 -1.709591202258596565e-01 3.962981478355551701e+00 -2.365932413232887943e-01 -2.702129279713602061e-01 -3.031875848406587748e-01 -3.345965708964701024e-01 -3.635445604964592792e-01 -3.892003690231345403e-01 -4.108265017781507211e-01 -4.277994149595427675e-01 -4.396230199106831993e-01 -4.459387056006349770e-01 -4.465341899973365170e-01 -4.413517262241644645e-01 -4.304945521518789842e-01 -4.142295549643980612e-01 -3.929840072648258520e-01 -3.673347540180839088e-01 -3.379891034788621851e-01 -3.057576900646142848e-01 -2.715205625840614312e-01 -2.361885823976477006e-01 -2.006628193637063906e-01 -1.657949383052314540e-01 -1.323515348516000334e-01 -1.009850212971479394e-01 -7.221300169172994998e-02 -4.640722832613837501e-02 -2.379227324877739372e-02 -4.453151204683657854e-03 1.164962721256518514e-02 2.465959610307745867e-02 3.480073138915087960e-02 4.235290872305266796e-02 4.762834677731052346e-02 5.095052868762580539e-02 5.263656576817742072e-02 5.298345215863462659e-02 5.225819430387883963e-02 5.069142228841391762e-02 4.847381017310053303e-02 4.575442712014372859e-02 4.263992100733416529e-02 3.919308421191169955e-02 3.542846259836068129e-02 3.130011262818842288e-02 2.666809216884951164e-02 2.119375524982097109e-02 1.386155931010199863e-02 2.760193455227036990e-02 4.147285621450227250e-02 5.043721382317956775e-02 5.595763895941626570e-02 5.812551375096796508e-02 5.678806482399702954e-02 5.198756183444195461e-02 4.422969981282182800e-02 3.457249393056514852e-02 2.447633754784156110e-02 1.542900812370953841e-02 8.490010115682308442e-03 3.990576464795586586e-03 1.569576748601398579e-03 5.112641955643732784e-04 1.410339326044115734e-04 3.586169797770262041e-05 9.321941532909730271e-06 2.415207373222306906e-06 5.475253907242132091e-07 9.951058239813002527e-08 1.419300531265294356e-08 1.606563813732204903e-09 1.474225975165663178e-10 1.115502036715347505e-11 6.979547007990423926e-13 3.591643799535136011e-14 1.530454922154952981e-15 5.555129396537226439e-17 1.775630521635615954e-18 5.085712350901974233e-20 1.313302467668558280e-21 3.085155368721436935e-23 6.655373386153858462e-25 1.323933629844804318e-26 2.440340588316153219e-28 4.217307827914883654e-30 6.943534783682361402e-32 1.145867637098829883e-33 2.391388416780223281e-33 -7.564219566528542774e-33 -1.263759117711824868e-29 -9.942356069532719827e-28 -2.919267738603372898e-26 9.015196350965205246e-25 1.127687969668677024e-22 4.287064157518241477e-21 7.501436042647297825e-20 -4.842031860311349052e-19 -5.656049488431629512e-17 -1.110229629077965929e-15 -1.005963894823009165e-14 -5.118846214936299318e-14 -1.675712357708346615e-13 -3.999913811276119386e-13 -8.310450829931214469e-13 -1.735498011262303634e-12 1.362785082195738899e-11 4.867156477772632161e-09 -5.616411563006344061e-09
