5.799441396914724491e-05 -1.771584045672288298e-06 -5.445476719954777799e-06 -1.176502447647314865e-05 -2.112201281052209845e-05 -3.380062266826726352e-05 -4.997487144656547565e-05 -6.969527752623470265e-05 -9.287168043286550068e-05 -1.192579816508065405e-04 -1.484442351776466343e-04 -1.798603927250708092e-04 -2.127935974790144452e-04 -2.464175380863061664e-04 -2.798291771419291027e-04 -3.120865958232758018e-04 -3.422425894369205855e-04 -3.693716295539479924e-04 -3.925914385055472716e-04 -4.110831171725777599e-04 -4.241145276409452169e-04 -4.310704331554308802e-04 -4.314904567520279951e-04 -4.251129042276204648e-04 -4.119196241471196327e-04 -3.921747945866392864e-04 -3.664492022662683242e-04 -3.356216038834926676e-04 -3.008504971493203761e-04 -2.635132589886389617e-04 -2.251148023834333232e-04 -1.871738432857222899e-04 -1.511006265596680405e-04 -1.180829564080824361e-04 -8.899785505989226385e-05 -6.436216149348024157e-05 -4.432839299210128377e-05 -2.872370881813483872e-05 -1.712192071044519912e-05 -8.933368169781602124e-06 -3.496239295724671000e-06 -1.555681485346462579e-07 1.679052159045795406e-06 2.499739419742162141e-06 2.688630991150541316e-06 2.522779580578175638e-06 2.189295228332673458e-06 1.804837517167871871e-06 1.435086504518352816e-06 1.111578362222243597e-06 8.448095100874173224e-07 6.335764431154132689e-07 4.711053981617261414e-07 3.487320662810390237e-07 2.578889040198838699e-07 1.909948156958309897e-07 1.416867834949562354e-07 1.046358223508604103e-07 7.495478896065839084e-08 4.624778364505596096e-08 8.458239521860618003e-08 9.387542195009768327e-08 5.673380049279020901e-08 -7.717495192705435178e-10 -4.902875623758195210e-08 -6.822340412247761368e-08 -5.838162480429671271e-08 -3.518151409822261644e-08 -1.508482744710214594e-08 -4.441520626151997870e-09 -8.262834030802894027e-10 -7.810333042776857312e-11 -6.813219465998857886e-14 4.957983018892488090e-13 -1.778173938101394206e-14 -9.694725514460196365e-15 -9.577177005079981522e-16 -5.693331078793966684e-17 -2.369370454423414097e-18 -6.749586608416456001e-20 -1.321357014199341630e-21 -1.786462065362283776e-23 -1.647802762935855387e-25 -1.038437611925270380e-27 -4.464355005405826553e-30 -1.308277172467045321e-32 -2.625108542279056765e-35 -3.623617818241450611e-38 -3.473019143972756896e-41 -2.337840881859086003e-44 -1.122279925279295174e-47 -3.913671103519843969e-51 -1.013654142740913293e-54 -2.000619781181523735e-58 -3.098240138976596991e-62 -3.889898665158462788e-66 -4.104695159567317288e-70 6.236255537365833195e-74 -9.361722659736668621e-69 -1.757717414931267834e-65 2.722201719180449269e-60 -2.095603336580030507e-57 -4.815900231826337454e-52 9.238204868683473830e-49 3.366396959018814246e-44 -4.366582816431028710e-41 -6.533841781329857207e-37 1.848902667725996207e-34 2.458871497064105163e-30 5.758421294070428238e-28 -1.088392725153113249e-24 -3.197485356191093926e-22 7.851972964744489741e-21 6.408302507260085237e-18 2.575281012023798321e-16 2.657890867152446154e-15 1.134816358588189160e-14 3.017714120085615478e-14 7.821215804543171595e-14 -4.766051208196812993e-11
-1.771584045672288298e-06 1.600109617594760222e-03 -4.372483364558511613e-05 -9.446804646664451477e-05 -1.696006237576836090e-04 -2.714044724397910563e-04 -4.012769382109405763e-04 -5.596238181474515660e-04 -7.457213745153661727e-04 -9.575938064370029690e-04 -1.191949707177896844e-03 -1.444212080059337471e-03 -1.708657135701605913e-03 -1.978649938334166303e-03 -2.246939298059091178e-03 -2.505961669406002543e-03 -2.748110964605272617e-03 -2.965955103089852347e-03 -3.152409318387096749e-03 -3.300897818548211970e-03 -3.405541520806745163e-03 -3.461400086461612936e-03 -3.464776696471255808e-03 -3.413569916892340243e-03 -3.307633904667825822e-03 -3.149089858630852931e-03 -2.942520976834961128e-03 -2.694983403196488971e-03 -2.415779580615532059e-03 -2.115969543244553604e-03 -1.807637429054915036e-03 -1.502978330028303814e-03 -1.213316324083859015e-03 -9.481893974614617445e-04 -7.146400454879865347e-04 -5.168185462635399878e-04 -3.559497273993938548e-04 -2.306458207591271375e-04 -1.374846805867932487e-04 -7.173145889793983848e-05 -2.807193570693232264e-05 -1.246806339778521415e-06 1.348482751600501985e-05 2.007464481232510434e-05 2.159118241479090431e-05 2.025916452170302409e-05 1.758108139796424904e-05 1.449370809885930749e-05 1.152445445986573080e-05 8.926554540267054303e-06 6.784292721625240501e-06 5.088002983616533842e-06 3.783288434528474895e-06 2.800572414172402557e-06 2.071054711723932904e-06 1.533856891117658643e-06 1.137881437497389017e-06 8.403344451990847566e-07 6.019694922018136398e-07 3.714223180781096372e-07 6.792979288819086844e-07 7.539555101746770147e-07 4.557067260779852953e-07 -6.088228619967384507e-09 -3.936279858513973453e-07 -5.477947281978230711e-07 -4.687884622277947249e-07 -2.825031238162161364e-07 -1.211305285771277610e-07 -3.566540642759572387e-08 -6.635035456381043371e-09 -6.271442208818392066e-10 -5.373028845954642235e-13 3.983298405380531687e-12 -1.425198968138230402e-13 -7.782442370907407006e-14 -7.688858146552179683e-15 -4.570936419082968656e-16 -1.902307244857531358e-17 -5.419137601014929391e-19 -1.060905574071772672e-20 -1.434343337465902687e-22 -1.323019954415289106e-24 -8.337638164274406963e-27 -3.584449970583468230e-29 -1.050423539420374351e-31 -2.107718903496856151e-34 -2.909433216372556852e-37 -2.788519405734399961e-40 -1.877075910985774130e-43 -9.010904975400000230e-47 -3.142330131048888281e-50 -8.138746228797248521e-54 -1.606321421042318962e-57 -2.487614747396531834e-61 -3.123247952166797589e-65 -3.295711560409507032e-69 4.980269195590627570e-73 -7.491521906106521893e-68 -1.406575949582501381e-64 2.178384789689773241e-59 -1.676963301677982495e-56 -3.853823168061027414e-51 7.392680303921933422e-48 2.693888618842386835e-43 -3.494266539589138729e-40 -5.228570023155440397e-36 1.479545700509620955e-33 1.967660424117806092e-29 4.608056011479841439e-27 -8.709634887375025568e-24 -2.558720699674303059e-21 6.283376992525647237e-20 5.128109890180697898e-17 2.060814699842037305e-15 2.126921503328550610e-14 9.081130237013322031e-14 2.414862519537581170e-13 6.258764128979570813e-13 -3.813932659883674357e-10
-5.445476719954777799e-06 -4.372483364558511613e-05 9.596366108420687629e-03 -2.903747415964641238e-04 -5.213169251597301506e-04 -8.342421213957723538e-04 -1.233446840650320210e-03 -1.720180852095675242e-03 -2.292222921724859641e-03 -2.943504078503752976e-03 -3.663911747432949464e-03 -4.439381119100156876e-03 -5.252320745563191472e-03 -6.082336015757021375e-03 -6.907135253913516092e-03 -7.703464168990328820e-03 -8.447936074429630501e-03 -9.117698569831063013e-03 -9.690967225526253906e-03 -1.014752310397151226e-02 -1.046928993139059801e-02 -1.064107806157837260e-02 -1.065152115374374750e-02 -1.049415754538750301e-02 -1.016853744614606807e-02 -9.681180385116665288e-03 -9.046174633271853935e-03 -8.285211035534407673e-03 -7.426886619316312374e-03 -6.505202288495659513e-03 -5.557307778005983467e-03 -4.620695384871287802e-03 -3.730179841620140033e-03 -2.915085837198611637e-03 -2.197066674215516872e-03 -1.588884019597732117e-03 -1.094305614763647167e-03 -7.090668386270236774e-04 -4.226480932609062908e-04 -2.204934428980300908e-04 -8.626549552113681987e-05 -3.794898538905228205e-06 4.149388923559802910e-05 6.175044594359752959e-05 6.640907238034964607e-05 6.230987010242679757e-05 5.407242228167857150e-05 4.457696515934588569e-05 3.544508459283647606e-05 2.745536490751689977e-05 2.086692226905634490e-05 1.565000362821394793e-05 1.163730321408169502e-05 8.614859496481942181e-06 6.371090216511793353e-06 4.718779262768751839e-06 3.500779776189189381e-06 2.585480897034977073e-06 1.852170326802402529e-06 1.142838129523513819e-06 2.090229074682844213e-06 2.320329339997364630e-06 1.403292554860478604e-06 -1.697381205712734960e-08 -1.209101078078958387e-06 -1.683650714170607485e-06 -1.441105912511878010e-06 -8.685281300948389987e-07 -3.724241953586185756e-07 -1.096586914908095423e-07 -2.040010807228639925e-08 -1.927841766113612308e-09 -1.494917301905309882e-12 1.227993718359743767e-11 -4.339109855736945965e-13 -2.388947919389317661e-13 -2.361468348188384632e-14 -1.404108546109489000e-15 -5.844170761166844519e-17 -1.664945939267120368e-18 -3.259606941275830391e-20 -4.407131963513496733e-22 -4.065172356644913290e-24 -2.561906443488424398e-26 -1.101409543644726083e-28 -3.227716307129952188e-31 -6.476606068057002219e-34 -8.940179042305941860e-37 -8.568682287918140353e-40 -5.767986821299023513e-43 -2.768933619040656909e-46 -9.656002009498825372e-50 -2.500945402582490320e-53 -4.936056472735437045e-57 -7.644192189167065745e-61 -9.597444611002601865e-65 -1.012742231184115670e-68 1.487791495192426358e-72 -2.262288671692066154e-67 -4.247568525584914373e-64 6.578283876906316226e-59 -5.064102689323129907e-56 -1.163777211780440294e-50 2.232441892441718091e-47 8.135003423862546440e-43 -1.055198645592286193e-39 -1.578923393894391630e-35 4.467932597172304820e-33 5.941940465361411995e-29 1.391540582202929287e-26 -2.630135362377368331e-23 -7.726824158475817439e-21 1.897454096776245103e-19 1.548586500217924180e-16 6.223247683282930569e-15 6.422876942345184580e-14 2.742319427227767776e-13 7.292401041137277034e-13 1.890021376554591494e-12 -1.151731262554248057e-09
-1.176502447647314865e-05 -9.446804646664451477e-05 -2.903747415964641238e-04 3.281879473109208800e-02 -1.126314344248104853e-03 -1.802402792338994586e-03 -2.664915565350168929e-03 -3.716567571179383786e-03 -4.952581135015905744e-03 -6.359870803270989761e-03 -7.916616708391823951e-03 -9.592456361003455501e-03 -1.134939761450992970e-02 -1.314337636306277084e-02 -1.492621203027891599e-02 -1.664762848946790830e-02 -1.825705321297287076e-02 -1.970506448290113705e-02 -2.094455038162534519e-02 -2.193178738241577733e-02 -2.262768870214464795e-02 -2.299941121405658234e-02 -2.302237807838744543e-02 -2.268261429929715675e-02 -2.197913869042308552e-02 -2.092603307046524141e-02 -1.955373848235496259e-02 -1.790912952468340022e-02 -1.605401063345975737e-02 -1.406187049587343495e-02 -1.201300872161121559e-02 -9.988470905050761059e-03 -8.063519799990237144e-03 -6.301555339389916695e-03 -4.749397897241687885e-03 -3.434648359990394913e-03 -2.365465182227014483e-03 -1.532641346762103141e-03 -9.134452045312188182e-04 -4.764161521613586138e-04 -1.862398486223540190e-04 -7.961700098915584675e-06 8.992848743281491920e-05 1.336981909579702951e-04 1.437448791390299508e-04 1.348577871686059055e-04 1.170254071078645621e-04 9.647548613633656297e-05 7.671424954125670166e-05 5.942507651533015151e-05 4.516806721133983827e-05 3.387865086640216616e-05 2.519475495235344971e-05 1.865347988082361849e-05 1.379704456934288444e-05 1.022039935618924686e-05 7.583504004158136840e-06 5.601558342628973369e-06 4.013272611020868389e-06 2.476466007684460604e-06 4.529921067319530375e-06 5.030962128931115826e-06 3.047908755879801439e-06 -2.568041850255417001e-08 -2.607041385638717342e-06 -3.636564503474718480e-06 -3.114462995994462118e-06 -1.877555758289932658e-06 -8.052224566311632873e-07 -2.371127583005509100e-07 -4.410875913683287938e-08 -4.165954445481789199e-09 -2.239882411113571101e-12 2.675914236593137012e-11 -9.111469375451522870e-13 -5.141051419467760936e-13 -5.089810737644046350e-14 -3.027895440032216082e-15 -1.260666182863590704e-16 -3.592184234029693960e-18 -7.033606218988043233e-20 -9.510670973103115686e-22 -8.773286184883840855e-24 -5.529285574558535679e-26 -2.377236725822867418e-28 -6.966785270526446645e-31 -1.397963782393889960e-33 -1.929761047778016723e-36 -1.849604259458119388e-39 -1.245073683324767550e-42 -5.977070141211710249e-46 -2.084381772511197066e-49 -5.398679511213774688e-53 -1.065531475868546705e-56 -1.650137456275437616e-60 -2.071791846465858902e-64 -2.186206136004704254e-68 2.951652436881852750e-72 -4.640723135891703422e-67 -8.713163833224382531e-64 1.349430085942247626e-58 -1.038826225091060505e-55 -2.387304252481423894e-50 4.579505341140087049e-47 1.668767270021042569e-42 -2.164574364910993590e-39 -3.238912129749655747e-35 9.165264120748856442e-33 1.218895411963776740e-28 2.854525808271396265e-26 -5.395308218618854729e-23 -1.585036165959079393e-20 3.892328239211188764e-19 3.176681045033252251e-16 1.276601114780817121e-14 1.317551880070285805e-13 5.625435569812635853e-13 1.495920972752454864e-12 3.877080485835247878e-12 -2.362594907551792259e-09
-2.112201281052209845e-05 -1.696006237576836090e-04 -5.213169251597301506e-04 -1.126314344248104853e-03 8.363245259801367626e-02 -3.235957054387351203e-03 -4.784554685696083137e-03 -6.672842041793524380e-03 -8.892325526227456978e-03 -1.141961727924029578e-02 -1.421565571295129414e-02 -1.722602779064008605e-02 -2.038258233331212768e-02 -2.360620530014333543e-02 -2.681032187119787927e-02 -2.990453245086084622e-02 -3.279786409865548952e-02 -3.540139567452126740e-02 -3.763036224413265907e-02 -3.940610633029268534e-02 -4.065832439912919066e-02 -4.132795031016450044e-02 -4.137078254957563678e-02 -4.076167407264372211e-02 -3.949882612959351724e-02 -3.760750561431447370e-02 -3.514237670558072180e-02 -3.218763926112379326e-02 -2.885433261889015777e-02 -2.527450869947454881e-02 -2.159247892232733779e-02 -1.795391596184373398e-02 -1.449412009728959574e-02 -1.132708735954711908e-02 -8.537025749809072639e-03 -6.173603153152498225e-03 -4.251538598551647501e-03 -2.754328878338130858e-03 -1.641148197641912861e-03 -8.554664611004376019e-04 -3.338128153625144934e-04 -1.335327339497907052e-05 1.625622844513906033e-04 2.411630028598017999e-04 2.591271095793827865e-04 2.430501644901212840e-04 2.108955442511435620e-04 1.738636692564178750e-04 1.382603316013699464e-04 1.071126586296696702e-04 8.142724517070392039e-05 6.108698017110247651e-05 4.543954486327428014e-05 3.365128855996468721e-05 2.489779791085500535e-05 1.844959205133511800e-05 1.369416552109185127e-05 1.011838490570601399e-05 7.251213740306438309e-06 4.475171748125390898e-06 8.187949997062549131e-06 9.102961189573988970e-06 5.535679055018660283e-06 -2.542111468408558843e-09 -4.659714496866328891e-06 -6.524888636419045680e-06 -5.595156254670502115e-06 -3.375126722443616395e-06 -1.447988654550570435e-06 -4.264604345137085496e-07 -7.932419631006292098e-08 -7.482483668371830214e-09 -9.666484384504737231e-14 4.894573598920494114e-11 -1.531443783114939020e-12 -9.149342194078024897e-13 -9.089579553486649001e-14 -5.413445798043653752e-15 -2.255471163741125347e-16 -6.429483664029780806e-18 -1.259262003816982191e-19 -1.703111021846822919e-21 -1.571291201578171098e-23 -9.904056287128623375e-26 -4.258494067152316176e-28 -1.248089978235661633e-30 -2.504578119597821081e-33 -3.457497524809811066e-36 -3.314008982647189006e-39 -2.230916170168279363e-42 -1.070995532467373442e-45 -3.734957664218825242e-49 -9.673943226332672818e-53 -1.909363154169360321e-56 -2.956974706511887636e-60 -3.712598589878990535e-64 -3.917659751207332301e-68 4.336527439817763174e-72 -7.426207369963990091e-67 -1.394288483644330987e-63 2.159395072623912719e-58 -1.662379917783649396e-55 -3.820232581815040968e-50 7.328273058632227425e-47 2.670410609443990410e-42 -3.463820058983411987e-39 -5.183004609247579883e-35 1.466655031478932220e-32 1.950513476878618808e-28 4.567897867939735548e-26 -8.633736672701765024e-23 -2.536423034830109563e-20 6.228622777221574539e-19 5.083421389284370850e-16 2.042855739909408679e-14 2.108386292990606543e-13 9.001991406303067493e-13 2.393817693013948270e-12 6.204220512450841607e-12 -3.780695373623126600e-09
-3.380062266826726352e-05 -2.714044724397910563e-04 -8.342421213957723538e-04 -1.802402792338994586e-03 -3.235957054387351203e-03 1.777525503862944223e-01 -7.657014790942234632e-03 -1.067944318730124076e-02 -1.423248291958721830e-02 -1.827901754903242873e-02 -2.275687136554258028e-02 -2.757926025646731394e-02 -3.263729712794918858e-02 -3.780436935041101010e-02 -4.294171617374490518e-02 -4.790426912411514110e-02 -5.254591774869994680e-02 -5.672379042115662656e-02 -6.030169279808574728e-02 -6.315327533938315530e-02 -6.516564467101722269e-02 -6.624397401808489183e-02 -6.631729573431244251e-02 -6.534519641777164489e-02 -6.332468641055433167e-02 -6.029615568622410937e-02 -5.634711841929187365e-02 -5.161244905692245755e-02 -4.627007771915187667e-02 -4.053166651115171909e-02 -3.462858959138554599e-02 -2.879446615550847188e-02 -2.324634432519807892e-02 -1.816716089145519256e-02 -1.369211872020359606e-02 -9.901042897113286959e-03 -6.817702262498847449e-03 -4.415766492861891712e-03 -2.629858609646760267e-03 -1.369372522844360032e-03 -5.325310391660811188e-04 -1.854676657047739507e-05 2.634699132931212049e-04 3.893082105549523731e-04 4.178358467421649635e-04 3.917439290170925364e-04 3.398702527651952594e-04 2.801967486630434234e-04 2.228470210032881685e-04 1.726799002358092832e-04 1.313092302756121630e-04 9.854399876945595582e-05 7.333360460309635870e-05 5.433616150261062462e-05 4.022482382538170541e-05 2.982536375470920496e-05 2.215161657539788388e-05 1.637695143151816877e-05 1.174179634241782995e-05 7.248591639356864505e-06 1.326832914920295359e-05 1.477899066201865218e-05 9.049385246318952133e-06 1.266324923622879327e-07 -7.394239087909378264e-06 -1.042946437935658256e-05 -8.964516476246140516e-06 -5.413848942140867961e-06 -2.324154737278231842e-06 -6.847272765156616240e-07 -1.273398268134968795e-07 -1.198330492497826220e-08 1.162452906833341764e-11 8.103777147698196269e-11 -2.137492119270496357e-12 -1.439937052367740420e-12 -1.440046361373950993e-13 -8.594875985522219291e-15 -3.585750355280847473e-16 -1.022963834594829993e-17 -2.004602764302646659e-19 -2.712266710145712668e-21 -2.503020194795996357e-23 -1.578027761867944382e-25 -6.786287255852745829e-28 -1.989200017426024391e-30 -3.992222071420027473e-33 -5.511618296311315483e-36 -5.283261661484256973e-39 -3.556778788707140503e-42 -1.707584604430624640e-45 -5.955215054075107883e-49 -1.542515691105024646e-52 -3.044573218062560233e-56 -4.715148479131851072e-60 -5.920168160763481353e-64 -6.247263179587554690e-68 4.461348500171253266e-72 -9.550197464840087962e-67 -1.793036519168029756e-63 2.777013232986285460e-58 -2.137897328988202762e-55 -4.912880914782431777e-50 9.424320670247248946e-47 3.434194813375560326e-42 -4.454543893394224869e-39 -6.665439308713897882e-35 1.886150123828487111e-32 2.508397172336422675e-28 5.874400190755197494e-26 -1.110314986604478418e-22 -3.261887971233322960e-20 8.010129222916654467e-19 6.537375780633894614e-16 2.627150777371120205e-14 2.711424055585740638e-13 1.157672767975036210e-12 3.078493658943706427e-12 7.978741445006160410e-12 -4.862044011068048752e-09
-4.997487144656547565e-05 -4.012769382109405763e-04 -1.233446840650320210e-03 -2.664915565350168929e-03 -4.784554685696083137e-03 -7.657014790942234632e-03 3.339847200068278843e-01 -1.579263932122878383e-02 -2.104902352102796040e-02 -2.703729174652991923e-02 -3.366633111924194344e-02 -4.080854758226649948e-02 -4.830338419732540384e-02 -5.596363517496497075e-02 -6.358362176885799799e-02 -7.094787547029340891e-02 -7.783907318993076030e-02 -8.404456194906874400e-02 -8.936161898435292239e-02 -9.360224922146941073e-02 -9.659856845411052273e-02 -9.820961248656948084e-02 -9.832987268502565992e-02 -9.689917057905279851e-02 -9.391280961726367060e-02 -8.943039798637213156e-02 -8.358141737977897723e-02 -7.656560773968104638e-02 -6.864662795730755440e-02 -6.013827244062491112e-02 -5.138371104785614124e-02 -4.272959855365783544e-02 -3.449815720660034946e-02 -2.696112919216273746e-02 -2.031952026331763222e-02 -1.469220201054239651e-02 -1.011484803872105855e-02 -6.548725291047738026e-03 -3.897063627015503844e-03 -2.025548293650849142e-03 -7.831885042062220045e-04 -2.038547141622773536e-05 3.978217018291806801e-04 5.840078735804185009e-04 6.256369591362451969e-04 5.861525688379001179e-04 5.084184776013714931e-04 4.191654057107718247e-04 3.334419894535886370e-04 2.584681849793785818e-04 1.966375852390797672e-04 1.476588671229221868e-04 1.099618413116465286e-04 8.154323124720782635e-05 6.042242536865192136e-05 4.484634346759228926e-05 3.334197772753484418e-05 2.467357333771988962e-05 1.770370901633155336e-05 1.093401940032867834e-05 2.002924744555607424e-05 2.237848023222195439e-05 1.385523433764316087e-05 5.134889601952162262e-07 -1.077571300962303094e-05 -1.538901145738714055e-05 -1.328028655708874362e-05 -8.035801931913371418e-06 -3.453535219015121670e-06 -1.018003198673920791e-06 -1.892610232999970410e-07 -1.773971504123416987e-08 4.659785185000936239e-11 1.265776455459192178e-10 -2.378347316495224523e-12 -2.068455538864143718e-12 -2.092763537669172302e-13 -1.253712332001794804e-14 -5.242420538270699748e-16 -1.497608764625422396e-17 -2.937361185408163075e-19 -3.977084480392468159e-21 -3.671969485778776629e-23 -2.315846809672241354e-25 -9.962194068407490590e-28 -2.920770996075618355e-30 -5.862933286201004964e-33 -8.095484129058923357e-36 -7.761024505222487859e-39 -5.225366474015767613e-42 -2.508868660510501869e-45 -8.750291123783760278e-49 -2.266621704145645540e-52 -4.474000960742961374e-56 -6.929180754752058838e-60 -8.700309545365816310e-64 -9.181264073489091208e-68 1.862239054923492074e-72 -9.650724122224003559e-67 -1.811843676396944922e-63 2.806250519666883118e-58 -2.160503838100556862e-55 -4.964617065564195936e-50 9.523646819252917996e-47 3.470365826722817054e-42 -4.501482705625576097e-39 -6.735652539087650441e-35 1.906028659735863132e-32 2.534822432704909763e-28 5.936279131525920738e-26 -1.122012259145097616e-22 -3.296251512532463527e-20 8.094523675977519600e-19 6.606246769578327817e-16 2.654827287129377730e-14 2.739987955188679869e-13 1.169868275442854199e-12 3.110923665507797465e-12 8.062791754043483420e-12 -4.913263479800963637e-09
-6.969527752623470265e-05 -5.596238181474515660e-04 -1.720180852095675242e-03 -3.716567571179383786e-03 -6.672842041793524380e-03 -1.067944318730124076e-02 -1.579263932122878383e-02 5.739664602822293071e-01 -2.936770002822020054e-02 -3.773027260914491726e-02 -4.699291213780613929e-02 -5.697922193263385560e-02 -6.746625577527633200e-02 -7.819298077079597786e-02 -8.887151411597266071e-02 -9.919931637063342245e-02 -1.088705634234825026e-01 -1.175856598392702457e-01 -1.250589584128565523e-01 -1.310257070392067125e-01 -1.352496611666587634e-01 -1.375325707507072670e-01 -1.377260246054771986e-01 -1.357451685924198348e-01 -1.315828502485710261e-01 -1.253219571221426965e-01 -1.171432507776774545e-01 -1.073259794793552657e-01 -9.623909165467969817e-02 -8.432201792428611897e-02 -7.205565393789634121e-02 -5.992611258094924370e-02 -4.838558383554734943e-02 -3.781576285577356589e-02 -2.849935290337032856e-02 -2.060396315351992538e-02 -1.418049327642513513e-02 -9.175357405159860827e-03 -5.453372039476682073e-03 -2.826470517624025871e-03 -1.082986601664394496e-03 -1.303783419014707590e-05 5.728360732870348224e-04 8.327486277791428144e-04 8.895960046501995896e-04 8.325546429804820065e-04 7.218904401096901081e-04 5.951925889385369659e-04 4.736218574290133941e-04 3.673249146230700250e-04 2.796557883589062782e-04 2.101887595787042568e-04 1.566976367694863090e-04 1.163467292942748326e-04 8.633309253203493309e-05 6.417502992932827706e-05 4.778590836208269986e-05 3.541285120423055371e-05 2.543833574448644180e-05 1.572165442080566302e-05 2.883130822127433497e-05 3.236077685098297149e-05 2.036240587221220481e-05 1.431708334110455576e-06 -1.468123543109131484e-05 -2.138949488310863209e-05 -1.857471416080321331e-05 -1.127351789473360893e-05 -4.853266660870370771e-06 -1.431794129604901361e-06 -2.660625185041716557e-07 -2.478416323332891131e-08 1.294924513283987777e-10 1.913243090795385770e-10 -1.601959102173883214e-12 -2.751564934692980427e-12 -2.838405358782929085e-13 -1.710785253808273120e-14 -7.180310319984363848e-16 -2.055689779555346123e-17 -4.037818161804005966e-19 -5.473212294498745337e-21 -5.057099996702685732e-23 -3.191316317645261179e-25 -1.373471318581131314e-27 -4.028250262780452213e-30 -8.088425351550849099e-33 -1.117103588969317528e-35 -1.071161428442607966e-38 -7.213091062584229478e-42 -3.463697020479624138e-45 -1.208179527516437583e-48 -3.129875606922759651e-52 -6.178406031637999860e-56 -9.569500474423716834e-60 -1.201613297238155483e-63 -1.268094813303362607e-67 -4.115892456632557685e-72 -7.082468412393624361e-67 -1.329576793986689853e-63 2.059456614835254422e-58 -1.585703514920548592e-55 -3.643458433364377952e-50 6.989391225819847369e-47 2.546859102239935669e-42 -3.303618851440759980e-39 -4.943227370915281696e-35 1.398834371799427840e-32 1.860284468657217067e-28 4.356570946516636894e-26 -8.234363575425010008e-23 -2.419092874091682372e-20 5.940534803654659003e-19 4.848276925536541306e-16 1.948358048967499569e-14 2.010856339401096249e-13 8.585572408125144853e-13 2.283082250837226018e-12 5.917218219718900002e-12 -3.605808958948130560e-09
-9.287168043286550068e-05 -7.457213745153661727e-04 -2.292222921724859641e-03 -4.952581135015905744e-03 -8.892325526227456978e-03 -1.423248291958721830e-02 -2.104902352102796040e-02 -2.936770002822020054e-02 9.219248788173348697e-01 -5.032154198283461666e-02 -6.269754923672979374e-02 -7.605298815083061381e-02 -9.009273560669230074e-02 -1.044692081696864394e-01 -1.187969781298693489e-01 -1.326691284512322710e-01 -1.456729500722890591e-01 -1.574034001272926475e-01 -1.674741424998774098e-01 -1.755273309399697501e-01 -1.812439876848991049e-01 -1.843566490835290284e-01 -1.846650416067724954e-01 -1.820542576098426457e-01 -1.765135716873343918e-01 -1.681529406788225545e-01 -1.572135691250844958e-01 -1.440688711586064208e-01 -1.292128679276395298e-01 -1.132345903824142908e-01 -9.677929087384758156e-02 -8.049987272434858121e-02 -6.500433805598958281e-02 -5.080657939979309895e-02 -3.828792711290444906e-02 -2.767528926053578961e-02 -1.903874034994682343e-02 -1.230773571423375394e-02 -7.301721310976349438e-03 -3.768657002819594294e-03 -1.424383269668233910e-03 1.319058489968272119e-05 7.989335536402115186e-04 1.145699466398882862e-03 1.219033871364408805e-03 1.139122095124401636e-03 9.872184925955825897e-04 8.140154117205805531e-04 6.480483229987227386e-04 5.029888840706076307e-04 3.833371230486300749e-04 2.884874589060327263e-04 2.154018617911503434e-04 1.602196530014638473e-04 1.191257747876703636e-04 8.874106734904616315e-05 6.622141127089178816e-05 4.917308491644759011e-05 3.537908222665854134e-05 2.188594524309130663e-05 4.019757561805600897e-05 4.540437007986795610e-05 2.919893418659819266e-05 3.335400124923206933e-06 -1.886407407163333247e-05 -2.834768098952280657e-05 -2.484990329288480846e-05 -1.514997497008960873e-05 -6.538486482612694549e-06 -1.931320725545796421e-06 -3.586335589880490753e-07 -3.310185093208290945e-08 3.012082545894917367e-10 2.843705363224203932e-10 1.284851635474672968e-12 -3.400023236637239854e-12 -3.621263395742407082e-13 -2.203926582264286985e-14 -9.304357598178227923e-16 -2.672898053922435625e-17 -5.262015971101889274e-19 -7.145040336228869772e-21 -6.609474733913774698e-23 -4.174776061218780652e-25 -1.798036957504706968e-27 -5.276348044857035903e-30 -1.059940281674870042e-32 -1.464425613343868648e-35 -1.404623804513003345e-38 -9.460898631788141393e-42 -4.544007739878217846e-45 -1.585269002832732974e-48 -4.107321398385268325e-52 -8.108823021517892750e-56 -1.256065246389279352e-59 -1.577329748342196862e-63 -1.664711800373177702e-67 -1.221488804904933306e-71 -2.935222020794978880e-67 -5.508922001146411941e-64 8.535151377736896569e-59 -6.573828428482643456e-56 -1.510000717634447040e-50 2.896887781078916660e-47 1.055536406197656183e-42 -1.369231990719147231e-39 -2.048724420501665016e-35 5.797842908551907330e-33 7.710037832536450449e-29 1.805573462279222161e-26 -3.412800311872347581e-23 -1.002610870247098891e-20 2.462171455057485502e-19 2.009419551581779122e-16 8.075168838947985390e-15 8.334195603618906602e-14 3.558375133701626563e-13 9.462456182616282317e-13 2.452448182768298169e-12 -1.494473540945545775e-09
-1.192579816508065405e-04 -9.575938064370029690e-04 -2.943504078503752976e-03 -6.359870803270989761e-03 -1.141961727924029578e-02 -1.827901754903242873e-02 -2.703729174652991923e-02 -3.773027260914491726e-02 -5.032154198283461666e-02 1.404456212827184469e+00 -8.064221075601915589e-02 -9.787447889170157456e-02 -1.160152080125577273e-01 -1.346189018286055028e-01 -1.531878977698152566e-01 -1.711934271847760647e-01 -1.880966186577703037e-01 -2.033671119794203674e-01 -2.164985965276084168e-01 -2.270223811029023209e-01 -2.345212188068611925e-01 -2.386456093591156069e-01 -2.391337623517605648e-01 -2.358347492152397806e-01 -2.287325932967170239e-01 -2.179675452098973343e-01 -2.038498624057509534e-01 -1.868612982380093435e-01 -1.676403937170480307e-01 -1.469496346191812575e-01 -1.256254356118530202e-01 -1.045153007948970009e-01 -8.440964117609375816e-02 -6.597774267409298177e-02 -4.971753323887490028e-02 -3.592678687854081870e-02 -2.469955734497971539e-02 -1.594685650256953691e-02 -9.436149590363571843e-03 -4.841279503004545549e-03 -1.793631860112713866e-03 7.331620910343072473e-05 1.091128076905008640e-03 1.536989376010736543e-03 1.626663244963740028e-03 1.516904709243684308e-03 1.313751492941910752e-03 1.083380002065130292e-03 8.630391125161054975e-04 6.705550446458266199e-04 5.117605088470969380e-04 3.858079892115864515e-04 2.886666908332417175e-04 2.152302266377489437e-04 1.604546042930076746e-04 1.198694511728942789e-04 8.970707029624529249e-05 6.678811137111007273e-05 4.815320400625258982e-05 2.982491335665570287e-05 5.488901621801528909e-05 6.250700167195981491e-05 4.130867534846571364e-05 6.935153100413205351e-06 -2.290545739379749786e-05 -3.608756352253554876e-05 -3.206993283022159660e-05 -1.967749142879156573e-05 -8.522749937480192227e-06 -2.521771245764422590e-06 -4.678116618449215008e-07 -4.261750545323236396e-08 6.256525440697687822e-10 4.195686084470832138e-10 7.996608995456610743e-12 -3.868586937081075860e-12 -4.348428447600032484e-13 -2.687790344474085539e-14 -1.145141826525773519e-15 -3.307084089892718853e-17 -6.533106486971236488e-19 -8.894635135527919496e-21 -8.242443080804143504e-23 -5.213461952934856488e-25 -2.247863408091367210e-27 -6.601836951407973250e-30 -1.327136613611711351e-32 -1.834584922925922603e-35 -1.760469766198643321e-38 -1.186207515112188121e-41 -5.699022383440273210e-45 -1.988718683742091297e-48 -5.153707082835045826e-52 -1.017639400073035862e-55 -1.576561613727666214e-59 -1.980039056285959133e-63 -2.089944990921777368e-67 -1.974923170780240530e-71 4.373622487105590333e-68 8.230042522244076529e-65 -1.271778133028062386e-59 9.759521739151623150e-57 2.249765305720913421e-51 -4.312600619888596044e-48 -1.572462736437451799e-43 2.038632630878265537e-40 3.051636429360609558e-36 -8.628475806401831746e-34 -1.148276721351983593e-29 -2.689706925175737406e-27 5.082096417656213293e-24 1.493060105960800144e-21 -3.664856803341344404e-20 -2.991979546514110398e-17 -1.202383776558944097e-15 -1.240954526519844893e-14 -5.298393478867451037e-14 -1.408953385550658117e-13 -3.651673373480391625e-13 2.224990985582960324e-10
-1.484442351776466343e-04 -1.191949707177896844e-03 -3.663911747432949464e-03 -7.916616708391823951e-03 -1.421565571295129414e-02 -2.275687136554258028e-02 -3.366633111924194344e-02 -4.699291213780613929e-02 -6.269754923672979374e-02 -8.064221075601915589e-02 2.050319236033786741e+00 -1.221602189879334166e-01 -1.449175384315131709e-01 -1.683012100912696651e-01 -1.916883157363103996e-01 -2.144113767678139659e-01 -2.357856265209314905e-01 -2.551342362397845398e-01 -2.718099313491527669e-01 -2.852136972470686871e-01 -2.948129926887285701e-01 -3.001622853281863956e-01 -3.009276894835285487e-01 -2.969154750965294354e-01 -2.881019025691846647e-01 -2.746598116363719311e-01 -2.569760980560744090e-01 -2.356539758340722990e-01 -2.114949901670224175e-01 -1.854581968511055667e-01 -1.585975825831267283e-01 -1.319830867038964684e-01 -1.066145840942172435e-01 -8.334078753146770269e-02 -6.279529257902920214e-02 -4.535951427523336743e-02 -3.115744436822914451e-02 -2.008113001333269518e-02 -1.184012803367167840e-02 -6.024391648636681293e-03 -2.168973116290630592e-03 1.894487823163361079e-04 1.470701818839743446e-03 2.026239733373203736e-03 2.129951373022488919e-03 1.981013025165134951e-03 1.714260887338074982e-03 1.413883128538549055e-03 1.127262927973374977e-03 8.770427463097678605e-04 6.705723330166471659e-04 5.066770000179769131e-04 3.801185183244168973e-04 2.842874145435751233e-04 2.126580093218501859e-04 1.594421872211711385e-04 1.197526344210666805e-04 8.945106389615156142e-05 6.466036060092907522e-05 4.011017876727125030e-05 7.400064521455938901e-05 8.511393989184684323e-05 5.807677802336655496e-05 1.329808957804490449e-05 -2.614939768761955681e-05 -4.430692714784248735e-05 -4.014840678559165714e-05 -2.485503552003828434e-05 -1.081805659661743992e-05 -3.208482416362297615e-06 -5.943991010554334327e-07 -5.317542144051240468e-08 1.198601919003994150e-09 6.173684890712752162e-10 2.110277319281957952e-11 -3.935525249857947863e-12 -4.876416305137814493e-13 -3.091868632743963891e-14 -1.336633540557000231e-15 -3.892036108974285375e-17 -7.729951387289734279e-19 -1.056715091578928077e-20 -9.818696519664747817e-23 -6.223604607570259417e-25 -2.687883422578302437e-27 -7.904051168111620935e-30 -1.590588017548576843e-32 -2.200574649057472972e-35 -2.113124652224968503e-38 -1.424615470271991792e-41 -6.847585649536328923e-45 -2.390421859537032601e-48 -6.196654308674592797e-52 -1.223895398739157404e-55 -1.896511724503024411e-59 -2.382304409343393971e-63 -2.514926075762071468e-67 -2.485945504926973770e-71 1.545989553595446616e-67 2.904414438901498768e-64 -4.495543267357166725e-59 3.457628340254439748e-56 7.953087529514170627e-51 -1.525284456092871347e-47 -5.559200601169108511e-43 7.209678141188307325e-40 1.078945483296490294e-35 -3.052258923853911917e-33 -4.060199723792398248e-29 -9.509308698226665813e-27 1.797116300129919092e-23 5.279624036343089728e-21 -1.296276107366405075e-19 -1.058072595699966295e-16 -4.252042993746465921e-15 -4.388434738196926950e-14 -1.873688694275563086e-13 -4.982523290937864749e-13 -1.291351906602358782e-12 7.868829436035360750e-10
-1.798603927250708092e-04 -1.444212080059337471e-03 -4.439381119100156876e-03 -9.592456361003455501e-03 -1.722602779064008605e-02 -2.757926025646731394e-02 -4.080854758226649948e-02 -5.697922193263385560e-02 -7.605298815083061381e-02 -9.787447889170157456e-02 -1.221602189879334166e-01 2.890224511171068489e+00 -1.763263487055590495e-01 -2.049951589432741916e-01 -2.337415799027990904e-01 -2.617444501150913982e-01 -2.881538125286353669e-01 -3.121243255805318251e-01 -3.328449716625361265e-01 -3.495648039607504032e-01 -3.616169453695469715e-01 -3.684441553766434896e-01 -3.696285159163107403e-01 -3.649255199705878638e-01 -3.542999328251401625e-01 -3.379580999859427282e-01 -3.163695695424669219e-01 -2.902704465738407125e-01 -2.606421034798362402e-01 -2.286618453901174686e-01 -1.956266180499361129e-01 -1.628561650663229166e-01 -1.315870351946963890e-01 -1.028721424780298099e-01 -7.750102240547629417e-02 -5.595297830971827230e-02 -3.838942318589853853e-02 -2.468429328805283110e-02 -1.448438698956150926e-02 -7.286701465303234773e-03 -2.518411409900005778e-03 3.929464422204468135e-04 1.967231474871447127e-03 2.640416860632269474e-03 2.752770993634463641e-03 2.552056561749772596e-03 2.206169657293560737e-03 1.820005720075216875e-03 1.452597790074311663e-03 1.132102161227055643e-03 8.675642883309060563e-04 6.573655987272084694e-04 4.948014098820785901e-04 3.714531894853847355e-04 2.790134129004994833e-04 2.101058100617003710e-04 1.584873155333891735e-04 1.188485494248512210e-04 8.617440218567146344e-05 5.355184349155318429e-05 9.908639707220750451e-05 1.152854250484368955e-04 8.149516440140326245e-05 2.398196275391398496e-05 -2.761312004619832178e-05 -5.252943219019558989e-05 -4.892915794601673780e-05 -3.066305730283995756e-05 -1.343422469718490239e-05 -3.996990238598743419e-06 -7.391497802720330953e-07 -6.450945195560700055e-08 2.159518632462421042e-09 9.072327803509596605e-10 4.433577569368558742e-11 -3.275441104032209687e-12 -4.993368279367310445e-13 -3.311705067935986410e-14 -1.467004298047469655e-15 -4.329184532964375070e-17 -8.671917605413002924e-19 -1.193136821086218072e-20 -1.113300071351976032e-22 -7.079888346954665781e-25 -3.065601218749182762e-27 -9.032212865280474442e-30 -1.820558888353654407e-32 -2.521910260943468330e-35 -2.424239169912126408e-38 -1.635746173199103968e-41 -7.867951751870382009e-45 -2.748207465440161742e-48 -7.127553566029369579e-52 -1.408315144553992139e-55 -2.183005622167138164e-59 -2.742944081675160976e-63 -2.896321906977493819e-67 -2.782491678949283355e-71 1.023722584541194070e-67 1.924389592100324780e-64 -2.976884721522218621e-59 2.287624008958517374e-56 5.266334941937434226e-51 -1.009805642387694662e-47 -3.681062827488693524e-43 4.773254222549668791e-40 7.144075284626937780e-36 -2.020539289701682799e-33 -2.688302772723780656e-29 -6.296606899179561070e-27 1.189846038200568900e-23 3.495592707410074371e-21 -8.581390380099980424e-20 -7.005141598167727399e-17 -2.815138571771658222e-15 -2.905438131477110802e-14 -1.240506777720219783e-13 -3.298759598388494993e-13 -8.549582797448934206e-13 5.209508774923069884e-10
