5.799186893415737588e-05 -1.792018395286502412e-06 -5.508236375118261438e-06 -1.190061370034100294e-05 -2.136548793760100504e-05 -3.419032116841432868e-05 -5.055115456215242178e-05 -7.049898851325593922e-05 -9.394214856611481687e-05 -1.206304028205795747e-04 -1.501462948522498566e-04 -1.819081218517937042e-04 -2.151865689579732330e-04 -2.491335302909201857e-04 -2.828182817985714042e-04 -3.152646436247252891e-04 -3.454840624579880149e-04 -3.725030473464322161e-04 -3.953869358153872166e-04 -4.132636534665174192e-04 -4.253508990468871337e-04 -4.309894740775488679e-04 -4.296847784332382260e-04 -4.211563044656270309e-04 -4.053902356740458641e-04 -3.826853345800791499e-04 -3.536811134253700119e-04 -3.193600587915063635e-04 -2.810185784583447673e-04 -2.402025601845647661e-04 -1.986065158885906242e-04 -1.579433697334129013e-04 -1.198014787933189302e-04 -8.551019020153799075e-05 -5.603380756102132004e-05 -3.190935181074941251e-05 -1.323738244922461012e-05 2.737131213619075581e-07 9.220170907307691352e-06 1.439053851039016439e-05 1.664976653827259022e-05 1.683801921257105881e-05 1.569631879931979483e-05 1.382379100174400533e-05 1.166453547228415394e-05 9.517386448461441208e-06 7.559772386746327946e-06 5.877314682445421740e-06 4.492813863044071540e-06 3.390802029034264022e-06 2.536106805557435103e-06 1.886485133790662296e-06 1.400284651387523370e-06 1.040410080166423084e-06 7.758145295164146279e-07 5.814865404310364816e-07 4.375860577003907189e-07 3.280240719066013788e-07 2.381658863359867094e-07 1.484114310428698923e-07 2.716596673695852986e-07 3.084147086947268666e-07 2.093086907265203541e-07 5.328935861045310134e-08 -7.690631835035048501e-08 -1.298964801155740538e-07 -1.091970479847472498e-07 -5.789170699660022391e-08 -1.740360806440251132e-08 -4.621628368325374785e-10 2.010063493605489647e-09 8.420788910248556543e-10 1.323633994406510287e-10 -6.509655551547924939e-12 -5.350105965866072362e-12 -5.584938008765552259e-13 2.768702326769143110e-14 7.137434494972556000e-15 8.779268247827096480e-17 -2.718681597501812399e-17 -4.339485567713370179e-19 4.267636152690672035e-20 2.127390658187919958e-22 -2.631859018065518270e-23 1.418470199926545569e-25 4.305220933017711355e-27 -5.028075239009292721e-29 3.063802219679052268e-32 1.932876013489006572e-33 -1.024511823608663870e-35 1.478821071305195518e-38 2.869404175278548071e-41 -9.794933295936508382e-44 -1.525619413052807332e-46 1.588487005782086008e-48 -5.317624190188176910e-51 2.458073077698787344e-53 7.908391293686912009e-51 4.088290534955973615e-48 1.849108700631434443e-45 5.805996353898042708e-43 -3.745948431252892192e-41 -2.318110710759478963e-37 -2.034826376115333006e-34 -1.123735954708077835e-31 -4.346661941346721094e-29 -1.189187040781329259e-26 -2.268585875494953681e-24 -2.953660116352065540e-22 -2.567069915306514799e-20 -1.456451889849411667e-18 -5.313160638024546573e-17 -1.224983914413637247e-15 -1.754607475241528688e-14 -1.648747361906215748e-13 -9.405322682673362039e-13 -3.134361962470940744e-12 -6.773770947150909128e-12 -1.013905001269204374e-11 -8.798703073477837240e-12
-1.792018395286502412e-06 1.599945432954077941e-03 -4.422898037244045959e-05 -9.555727357073775250e-05 -1.715565407328998443e-04 -2.745350380898895458e-04 -4.059064006194786035e-04 -5.660802959256040637e-04 -7.543208374402083803e-04 -9.686190444376264206e-04 -1.205623215802309684e-03 -1.460662785995898950e-03 -1.727881821587733515e-03 -2.000470381221532059e-03 -2.270954942187304679e-03 -2.531496820760167996e-03 -2.774157870448784851e-03 -2.991120850094276980e-03 -3.174880305858220845e-03 -3.318433374196102462e-03 -3.415498079441754709e-03 -3.460780973780763596e-03 -3.450310342846464595e-03 -3.381833615407374687e-03 -3.255239686086110282e-03 -3.072927370523774026e-03 -2.840031636037222262e-03 -2.564441509694160345e-03 -2.256566813625298859e-03 -1.928820718090618579e-03 -1.594809895582088508e-03 -1.268288962229571423e-03 -9.620123841984422027e-04 -6.866548953358861352e-04 -4.499600166848958778e-04 -2.562402463836910911e-04 -1.063033304575888800e-04 2.192121056212815635e-06 7.403365018677937636e-05 1.155531125623230384e-04 1.336959414069132258e-04 1.352085930703876917e-04 1.260414611352656282e-04 1.110055438530220637e-04 9.366700091714541120e-05 7.642551912223172032e-05 6.070589578814283654e-05 4.719571072336318943e-05 3.607808300936590372e-05 2.722882714299994746e-05 2.036552291157334122e-05 1.514896653795504001e-05 1.124469332135943495e-05 8.354829198060156564e-06 6.230067001890319628e-06 4.669563159460377677e-06 3.513999949632668251e-06 2.634180104611650486e-06 1.912583590929495513e-06 1.191815019445929096e-06 2.181563161374098546e-06 2.476749100358463666e-06 1.680919470529304936e-06 4.280421398353234483e-07 -6.174845552864443086e-07 -1.043043127990227535e-06 -8.768536187609358751e-07 -4.648788205649118146e-07 -1.397565169557204728e-07 -3.712934470177651281e-09 1.614066769714765992e-08 6.761996901602594878e-09 1.062917989392647212e-09 -5.226786007665267197e-11 -4.296177093270410167e-11 -4.484859774944530641e-12 2.223191463496814109e-13 5.731466902945492661e-14 7.050628683195033581e-16 -2.183128887313669467e-16 -3.484853180852941178e-18 3.426957589783837702e-19 1.708511325524748929e-21 -2.113426803547048709e-22 1.138992312580178030e-24 3.457221018905805200e-26 -4.037597490899433814e-28 2.459635763942737088e-31 1.552159300759284718e-32 -8.226977816127700330e-35 1.187465056304926563e-37 2.304340564717018070e-40 -7.865598073127131582e-43 -1.225167271281259081e-45 1.275611840066599201e-47 -4.270217391820859010e-50 1.974388875665507950e-52 6.353287828265635806e-50 3.284370445016258663e-47 1.485500597989152213e-44 4.664307362228599289e-42 -3.009344846402065599e-40 -1.862278103374527116e-36 -1.634698754354041419e-33 -9.027648755493743099e-31 -3.491935736148724732e-28 -9.553456838862729861e-26 -1.822491875635271774e-23 -2.372853328988063299e-21 -2.062282092830308386e-19 -1.170055641047385491e-17 -4.268382349416353095e-16 -9.841034448051296310e-15 -1.409581978851681267e-13 -1.324538158576749278e-12 -7.555862717366227639e-12 -2.518021910261219215e-11 -5.441778510659573353e-11 -8.145309990719798017e-11 -7.068528489446827397e-11
-5.508236375118261438e-06 -4.422898037244045959e-05 9.594817750895493630e-03 -2.937203821340381984e-04 -5.273245260530002275e-04 -8.438575231412839221e-04 -1.247665945668127371e-03 -1.740011316320113190e-03 -2.318635010519226863e-03 -2.977366072823959490e-03 -3.705906677231124609e-03 -4.489904561203751296e-03 -5.311362279929529237e-03 -6.149347435329756938e-03 -6.980885024616037549e-03 -7.781875129043065893e-03 -8.527910623365209802e-03 -9.194955664301661738e-03 -9.759933185172322070e-03 -1.020131168353653577e-02 -1.049977633123644859e-02 -1.063905182040891274e-02 -1.060692671281239854e-02 -1.039647484154202633e-02 -1.000735307365819074e-02 -9.446933770145342704e-03 -8.731000635193289505e-03 -7.883804392940497313e-03 -6.937345971352502048e-03 -5.929785687033029343e-03 -4.902953641779561611e-03 -3.899135761178205723e-03 -2.957544478388857492e-03 -2.110999546007574345e-03 -1.383309797237032134e-03 -7.877361398654678755e-04 -3.267646249729506741e-04 6.800536159695548652e-06 2.276760657291385288e-04 3.553272517899654591e-04 4.111065208716467622e-04 4.157551791189080395e-04 3.875675338845423266e-04 3.413351655678790791e-04 2.880225942482697609e-04 2.350080825837337259e-04 1.866725597065706189e-04 1.451302877121103902e-04 1.109444559199662363e-04 8.373334735880138310e-05 6.262867642913142786e-05 4.658752521065769281e-05 3.458151648315013212e-05 2.569475771262374230e-05 1.916067280813449849e-05 1.436169019062356983e-05 1.080791389589418939e-05 8.102053896822712458e-06 5.882708705180383442e-06 3.665808912008902156e-06 6.710216129156761337e-06 7.618687950856885759e-06 5.171693888708632665e-06 1.318793197986532890e-06 -1.896854963808819055e-06 -3.206221429190000947e-06 -2.695832305102175325e-06 -1.429384102600018826e-06 -4.297663113172918997e-07 -1.144342173769269555e-08 4.962198258037491860e-08 2.079125596737266433e-08 3.268532787396116809e-09 -1.606258332091317935e-10 -1.320909975924628469e-10 -1.379078818406345210e-11 6.834082544705400424e-13 1.762268830118154545e-13 2.168838893095401602e-15 -6.712325446520000251e-16 -1.071705749310187795e-17 1.053665548254468765e-18 5.255100267667502283e-21 -6.498188970845864619e-22 3.501503795183648967e-24 1.063049322471559334e-25 -1.241424793464858065e-27 7.557160794822644677e-31 4.772687574033522998e-32 -2.529518535746201706e-34 3.650602809432433703e-37 7.085327400003199322e-40 -2.417472179861891949e-42 -3.772269480546847323e-45 3.923926685128766520e-47 -1.313440068940918801e-49 6.079635126041836877e-52 1.957848399523392213e-49 1.012121558172009973e-46 4.577763934722044615e-44 1.437367377815554886e-41 -9.273667924231154218e-40 -5.738851559015571576e-36 -5.037536779637560118e-33 -2.781987451794333306e-30 -1.076085454097923107e-27 -2.944022081381011408e-25 -5.616245876392023065e-23 -7.312256167126227331e-21 -6.355190344202077134e-19 -3.605678446597143993e-17 -1.315357424262242303e-15 -3.032642401053145275e-14 -4.343809544812533475e-13 -4.081735852247670212e-12 -2.328436873685022514e-11 -7.759610176351775560e-11 -1.676954381112962885e-10 -2.510082473946757072e-10 -2.178258318279156300e-10
-1.190061370034100294e-05 -9.555727357073775250e-05 -2.937203821340381984e-04 3.281156508523678378e-02 -1.139295769044159972e-03 -1.823180109998443713e-03 -2.695640295122889683e-03 -3.759416539590164016e-03 -5.009650214431162971e-03 -6.433035565611081551e-03 -8.007352897998224958e-03 -9.701619430465163382e-03 -1.147696664037568814e-02 -1.328816888458850438e-02 -1.508556901640728358e-02 -1.681706359180056010e-02 -1.842987587105649611e-02 -1.987202877999466252e-02 -2.109361904223571241e-02 -2.204808687626346950e-02 -2.269366667055612574e-02 -2.299516590820863127e-02 -2.292617925889016417e-02 -2.247172657072316754e-02 -2.163105451437609753e-02 -2.042008282976229272e-02 -1.887291077015932836e-02 -1.704194148929610506e-02 -1.499633466438365578e-02 -1.281856775674709327e-02 -1.059905525136159953e-02 -8.429203903433223760e-03 -6.393785419241066262e-03 -4.563760166052737571e-03 -2.990614078029276562e-03 -1.703033286167970244e-03 -7.064116828356401326e-04 1.478821664110088485e-05 4.923661562764674021e-04 7.683924469758561873e-04 8.890223089350094646e-04 8.990941902585686870e-04 8.381596242892830253e-04 7.381996654555402111e-04 6.229226311983753969e-04 5.082837880206170743e-04 4.037579090613600732e-04 3.139185786058771308e-04 2.399851817363513778e-04 1.811334940346187041e-04 1.354867546384061635e-04 1.007902406979696959e-04 7.482041039251096824e-05 5.559677517961873137e-05 4.146161063165231333e-05 3.107932886119135605e-05 2.339038243370379950e-05 1.753542893584766345e-05 1.273263360295076525e-05 7.934539177078134696e-06 1.452476192399700043e-05 1.649419918058430659e-05 1.120255706020452435e-05 2.867197014960153582e-06 -4.091883618014413350e-06 -6.928481450197228312e-06 -5.828254518201259407e-06 -3.091109546557295207e-06 -9.296997443015180979e-07 -2.491545077846961680e-08 1.072688427250513505e-07 4.496080109233745791e-08 7.070408106164795957e-09 -3.468267147501876065e-10 -2.856185275515229071e-10 -2.982970034670138972e-11 1.476833848872791407e-12 3.810951923291554505e-13 4.696561870148669117e-15 -1.451433523586345240e-15 -2.319035800639863412e-17 2.278396524284629527e-18 1.137799384845096648e-20 -1.405256708977440852e-21 7.567770829109161833e-24 2.299275076668845128e-25 -2.684439359219915085e-27 1.629950748776459162e-30 1.032295961189832163e-31 -5.469919704988395854e-34 7.890770547168056371e-37 1.532762459245749951e-39 -5.223960548858326086e-42 -8.182316498711569240e-45 8.494236130074243745e-47 -2.842618533034182978e-49 1.319868830834490287e-51 4.259501951490287478e-49 2.201975430505610023e-46 9.959401818854988400e-44 3.127143645804148578e-41 -2.017568836961178773e-39 -1.248545903751922167e-35 -1.095968035180087574e-32 -6.052501022620019832e-30 -2.341135129296068984e-27 -6.405024302150683987e-25 -1.221872292564960032e-22 -1.590856757623084578e-20 -1.382637114806332106e-18 -7.844524169208661633e-17 -2.861695047680087125e-15 -6.597824105246192092e-14 -9.450401609439350068e-13 -8.880232639305874142e-12 -5.065751489322115744e-11 -1.688182081554223171e-10 -3.648384453130442323e-10 -5.460938708259274301e-10 -4.739021461738643411e-10
-2.136548793760100504e-05 -1.715565407328998443e-04 -5.273245260530002275e-04 -1.139295769044159972e-03 8.360914278126288512e-02 -3.273264040591427042e-03 -4.839721209364131888e-03 -6.749774532507460921e-03 -8.994784389178894432e-03 -1.155096756143155108e-02 -1.437854622583117047e-02 -1.742199665926435700e-02 -2.061159740096609599e-02 -2.386615056998711223e-02 -2.709642967313647885e-02 -3.020875339259240094e-02 -3.310819344047333246e-02 -3.570124690216516100e-02 -3.789814304256369087e-02 -3.961513076596960559e-02 -4.077708610079537610e-02 -4.132071043294464202e-02 -4.119850922488011574e-02 -4.038352470010331957e-02 -3.887435724532756209e-02 -3.669955551833930379e-02 -3.392033287444200240e-02 -3.063080662731899537e-02 -2.695522518187718278e-02 -2.304178757643078612e-02 -1.905297564463220156e-02 -1.515308201315054316e-02 -1.149450780005149483e-02 -8.204858575218694494e-03 -5.376752290872222409e-03 -3.061830839899645253e-03 -1.269867451952434939e-03 2.699722171885542943e-05 8.858706611604850577e-04 1.382343630723833691e-03 1.599371030004933690e-03 1.617557692133777744e-03 1.508016069078012668e-03 1.328256030500344102e-03 1.120918041801493735e-03 9.147039300302875920e-04 7.266622720824709091e-04 5.650265057261104513e-04 4.319960017824935614e-04 3.260927955189925256e-04 2.439441619008393409e-04 1.814961938218149736e-04 1.347500537495888683e-04 1.001433905747185836e-04 7.469397892458424127e-05 5.599877326816666298e-05 4.215108984777951557e-05 3.160419045638973156e-05 2.295037009802129976e-05 1.430267651001126554e-05 2.618484719602141733e-05 2.974712910476783609e-05 2.022757344468263985e-05 5.218797128488500494e-06 -7.321157473629960099e-06 -1.244431631482580472e-05 -1.047890504807457050e-05 -5.561039538593940194e-06 -1.673798311932452283e-06 -4.549107413883639344e-08 1.928191109376259032e-07 8.088150486183198592e-08 1.272810892851750808e-08 -6.218418575277371732e-10 -5.137039839208238420e-10 -5.369055989781645737e-11 2.652660709389786493e-12 6.855920402602374590e-13 8.474407306772647836e-15 -2.610643610025319178e-15 -4.177658678294810068e-17 4.098121923991398099e-18 2.052308079476736278e-20 -2.528086167145400846e-21 1.359743123553749644e-23 4.137989186688105986e-25 -4.828631187745458790e-27 2.915357434619247303e-30 1.857849822262616810e-31 -9.839482968111640488e-34 1.418071789078400715e-36 2.759519367752077063e-39 -9.382134157680113687e-42 -1.481930274835508014e-44 1.531586962010391062e-46 -5.122998951460612262e-49 2.391365932894679533e-51 7.745728555477394638e-49 4.004202320823899815e-46 1.811077331596494546e-43 5.686592848939987036e-41 -3.668786770401799285e-39 -2.270424822553925685e-35 -1.992970716788644537e-32 -1.100621648987847634e-29 -4.257255586301733129e-27 -1.164726722564320264e-24 -2.221923274032055467e-22 -2.892905709754547556e-20 -2.514266767969973928e-18 -1.426493118303176476e-16 -5.203868932379916128e-15 -1.199785613568872217e-13 -1.718514101913405939e-12 -1.614831058257492121e-11 -9.211843710030791168e-11 -3.069883575144373678e-10 -6.634422812598921905e-10 -9.930469403483876033e-10 -8.617694964876936759e-10
-3.419032116841432868e-05 -2.745350380898895458e-04 -8.438575231412839221e-04 -1.823180109998443713e-03 -3.273264040591427042e-03 1.776928425211360407e-01 -7.745300477070272277e-03 -1.080255277978269673e-02 -1.439642652486709980e-02 -1.848917298512181909e-02 -2.301747479989229087e-02 -2.789277891762664482e-02 -3.300369443163520683e-02 -3.822027870755672491e-02 -4.339952605648659395e-02 -4.839111384339393057e-02 -5.304260794988473887e-02 -5.720382186553855247e-02 -6.073056678014820270e-02 -6.348833742257085910e-02 -6.535649465032383754e-02 -6.623339632486269224e-02 -6.604277450077700173e-02 -6.474129908257969523e-02 -6.232658921819519970e-02 -5.884423396218965707e-02 -5.439217361730727673e-02 -4.912112889835251045e-02 -4.323017919773827766e-02 -3.695685317025864530e-02 -3.056163549760189738e-02 -2.430799611719290654e-02 -1.844043617369455282e-02 -1.316377819334067431e-02 -8.626782462413076086e-03 -4.912509480197995750e-03 -2.036865689235574112e-03 4.462524164446134492e-05 1.423399462980390025e-03 2.220602944263322387e-03 2.569256628449784197e-03 2.598662405169521045e-03 2.422930081003695293e-03 2.134368787146238150e-03 1.801441673681440691e-03 1.470248673079502895e-03 1.168185900457481986e-03 9.084955558109690217e-04 6.947274540803929877e-04 5.245217169020848034e-04 3.924711177702365733e-04 2.920705655458207461e-04 2.169003862321309541e-04 1.612397815773935496e-04 1.202982765734132389e-04 9.021474411894637947e-05 6.792469246697713291e-05 5.094116519527628722e-05 3.699933756519696880e-05 2.306037390087212977e-05 4.222632445631755842e-05 4.800632446417650177e-05 3.271486815466591216e-05 8.565126445339479432e-06 -1.164008964417451152e-05 -1.992996073519389278e-05 -1.681444898975481143e-05 -8.933377273946306824e-06 -2.692505173452789165e-06 -7.507558269111883412e-08 3.092633579362833325e-07 1.299152036729989415e-07 2.047112396693472718e-08 -9.926036384866448905e-10 -8.248181142475743155e-10 -8.632664506275714239e-11 4.248620051773838492e-12 1.101306900761569910e-12 1.368873172784555535e-14 -4.192153501093803226e-15 -6.727921701231241889e-17 6.580878608671717880e-18 3.312944013866117872e-20 -4.061078137270438176e-21 2.179126764433502986e-23 6.651834257043035342e-25 -7.754440398333133517e-27 4.632303066458714496e-30 2.986602137022860192e-31 -1.580291669182381405e-33 2.273477397095141153e-36 4.438975714620462377e-39 -1.502344769639525649e-41 -2.410391613539816605e-44 2.470716269188927276e-46 -8.256789065647233248e-49 3.874075563426603646e-51 1.259335299695113906e-48 6.510215589634091531e-46 2.944536182814996147e-43 9.245569662156795243e-41 -5.964488628154717991e-39 -3.691335048440378447e-35 -3.240249822374821930e-32 -1.789435650195640899e-29 -6.921623616567851444e-27 -1.893661716723177078e-24 -3.612496607188465491e-22 -4.703407925139326653e-20 -4.087800225791006863e-18 -2.319251799528200870e-16 -8.460664320757760574e-15 -1.950660316266273406e-13 -2.794029443142580680e-12 -2.625456602970942822e-11 -1.497697841076835563e-10 -4.991136550550576512e-10 -1.078650093954552792e-09 -1.614533677140873024e-09 -1.401097623196844408e-09
-5.055115456215242178e-05 -4.059064006194786035e-04 -1.247665945668127371e-03 -2.695640295122889683e-03 -4.839721209364131888e-03 -7.745300477070272277e-03 3.338541889219491243e-01 -1.597463677208459110e-02 -2.129135571148416117e-02 -2.734789298643010985e-02 -3.405145806626522220e-02 -4.127186100615668624e-02 -4.884486437980811724e-02 -5.657835118522024087e-02 -6.426036503767050545e-02 -7.166766534060223237e-02 -7.857359429417137830e-02 -8.475472345188693468e-02 -8.999654688307118233e-02 -9.409899998683254885e-02 -9.688267167178205019e-02 -9.819642031876053834e-02 -9.792682440704604530e-02 -9.600934194427580837e-02 -9.244010032835597857e-02 -8.728626692198651615e-02 -8.069260763487684507e-02 -7.288223064253580852e-02 -6.415008787574913440e-02 -5.484828174347926300e-02 -4.536310565851560395e-02 -3.608548368959649949e-02 -2.737844223656033665e-02 -1.954634351183686183e-02 -1.281048324478118415e-02 -7.294707190499336025e-03 -3.023194916498034464e-03 6.954887468767926640e-05 2.118833968284306122e-03 3.304221662598879825e-03 3.823053846244552165e-03 3.867277199954793736e-03 3.606373090565971780e-03 3.177509389132463034e-03 2.682471495269496495e-03 2.189837857601061380e-03 1.740395781895341708e-03 1.353888724522482731e-03 1.035640094635368984e-03 7.821739216023753001e-04 5.854709718912216258e-04 4.358694796038756810e-04 3.238272300075715842e-04 2.408362241480388845e-04 1.797688125276372857e-04 1.348775917569122328e-04 1.015987407591305747e-04 7.622610260362645330e-05 5.538103936849584648e-05 3.452291604666973818e-05 6.323587099572771774e-05 7.197917548093621561e-05 4.922792342197428379e-05 1.319556704371456664e-05 -1.702057867207358669e-05 -2.950463350728858673e-05 -2.497245597734044039e-05 -1.329285073667476195e-05 -4.015578377829640771e-06 -1.166732756589387797e-07 4.589781877287551580e-07 1.932776752744802102e-07 3.052173616547298382e-08 -1.461245352064846152e-09 -1.226319347097617783e-09 -1.286457020148848600e-10 6.290443869543013787e-12 1.638641695083237778e-12 2.055615347099693985e-14 -6.233857383867054108e-15 -1.005309931438685148e-16 9.786316520225517418e-18 4.969709574908775880e-20 -6.042666228221159578e-21 3.229601881922047072e-23 9.909119071031052513e-25 -1.153270029830081315e-26 6.765688329606932355e-30 4.449340540804007537e-31 -2.350620648252833102e-33 3.371603240558554045e-36 6.620348992961405662e-39 -2.223546691983182342e-41 -3.660632181801051107e-44 3.702118155314822236e-46 -1.235340823050224657e-48 5.777746452916375032e-51 1.874689081619080584e-48 9.691341110674558089e-46 4.383356279355414246e-43 1.376346611004002859e-40 -8.877391760104683491e-39 -5.494948468042180051e-35 -4.823495862057761036e-32 -2.663794520363274364e-29 -1.030370116257278165e-26 -2.818954345815433443e-24 -5.377659471367913991e-22 -7.001620938800137586e-20 -6.085210851852728392e-18 -3.452501154660771847e-16 -1.259477216999820036e-14 -2.903804636980028792e-13 -4.159265096756694193e-12 -3.908321957229130389e-11 -2.229510749940416855e-10 -7.429929689299965184e-10 -1.605704849340327228e-09 -2.403433614141089067e-09 -2.085707285692792746e-09
-7.049898851325593922e-05 -5.660802959256040637e-04 -1.740011316320113190e-03 -3.759416539590164016e-03 -6.749774532507460921e-03 -1.080255277978269673e-02 -1.597463677208459110e-02 5.737127419153722485e-01 -2.970547082581278739e-02 -3.816312715648398357e-02 -4.752956192287611376e-02 -5.762479611388935524e-02 -6.822079412429506162e-02 -7.904970247659316718e-02 -8.981488825606143145e-02 -1.002029733665532329e-01 -1.098951489209147314e-01 -1.185768695709144838e-01 -1.259461251349861255e-01 -1.317213081122458607e-01 -1.356499501756032733e-01 -1.375194023841956603e-01 -1.371700515417121069e-01 -1.345108346334867866e-01 -1.295355763304573138e-01 -1.223374370536770700e-01 -1.131182202977286388e-01 -1.021896288663744212e-01 -8.996428846893565756e-02 -7.693518246826390461e-02 -6.364352759320339448e-02 -5.063746925701554519e-02 -3.842656096964882501e-02 -2.743854633922430605e-02 -1.798495222895480153e-02 -1.024074134238041507e-02 -4.241071957138717145e-03 1.048167903987245325e-04 2.985876266819862367e-03 4.653470434464056574e-03 5.384241236309334627e-03 5.447531992489072078e-03 5.081351850819861189e-03 4.478474284528442990e-03 3.782058955136147725e-03 3.088648700573779372e-03 2.455733494430610477e-03 1.911203491391396097e-03 1.462645319581966840e-03 1.105240608022634366e-03 8.277534083929193910e-04 6.166151863393322472e-04 4.584093946794717302e-04 3.411636314046615870e-04 2.548408944305605877e-04 1.913423612466270116e-04 1.442321786271633783e-04 1.082786747491846358e-04 7.870488963580111346e-05 4.907503441842848215e-05 8.993487384709640488e-05 1.025588171997161570e-04 7.052248793395026979e-05 1.956430347336187897e-05 -2.331846454988633407e-05 -4.122385661707275484e-05 -3.506659124959337850e-05 -1.872087027246776159e-05 -5.675174657225774271e-06 -1.751024593987329771e-07 6.437805971784684722e-07 2.721245868757864239e-07 4.311749255584655119e-08 -2.023681656640351076e-09 -1.724896059621263502e-09 -1.815962012410316896e-10 8.790612363771367304e-12 2.307569487858739647e-12 2.935834147882261823e-14 -8.770647067419336581e-15 -1.424975920839625119e-16 1.376950335575207306e-17 7.086421238131616306e-20 -8.509765906154356661e-21 4.520219922370735515e-23 1.397999521538787566e-24 -1.622927332655839280e-26 9.250945281562506650e-30 6.277776647075722015e-31 -3.308651468605230562e-33 4.723684207361031836e-36 9.357056601222948383e-39 -3.105602522213538609e-41 -5.316413617627141680e-44 5.269813161171730363e-46 -1.754446924368623032e-48 7.984218775409079815e-51 2.543926959900454891e-48 1.315105741275158585e-45 5.948214164999764020e-43 1.867743717244733972e-40 -1.204168350628505217e-38 -7.456257641509102164e-35 -6.545255435942967661e-32 -3.614666328950337366e-29 -1.398177380974031661e-26 -3.825234081824563464e-24 -7.297328628109968960e-22 -9.501006622928401604e-20 -8.257468492168189069e-18 -4.684953473004686483e-16 -1.709077824933403093e-14 -3.940387475936650970e-13 -5.644014305203724529e-12 -5.303490360607383556e-11 -3.025387093503113199e-10 -1.008221599447104778e-09 -2.178898227676919671e-09 -3.261394451017809985e-09 -2.830248127986364008e-09
-9.394214856611481687e-05 -7.543208374402083803e-04 -2.318635010519226863e-03 -5.009650214431162971e-03 -8.994784389178894432e-03 -1.439642652486709980e-02 -2.129135571148416117e-02 -2.970547082581278739e-02 9.214752998192301536e-01 -5.089756874072727533e-02 -6.341160523977851238e-02 -7.691194491703108593e-02 -9.109676021843066129e-02 -1.056094399879750900e-01 -1.200529254050413525e-01 -1.340058786593690821e-01 -1.470383569873833507e-01 -1.587255271861826578e-01 -1.686593607501408187e-01 -1.764595075146911940e-01 -1.817851148524542992e-01 -1.843491635662767858e-01 -1.839361240346613913e-01 -1.804225407922666613e-01 -1.737986353030826769e-01 -1.641875451023697696e-01 -1.518580043645449962e-01 -1.372264010275470181e-01 -1.208449886502475368e-01 -1.033743822659875938e-01 -8.554056988822722474e-02 -6.807969747473631428e-02 -5.167708651362497296e-02 -3.690905375545848466e-02 -2.419635957920249214e-02 -1.377653698315394262e-02 -5.699263970550042663e-03 1.552428791409295856e-04 4.039217819186764757e-03 6.289419006895606568e-03 7.277224655161226158e-03 7.364733520240028183e-03 6.872293450796354911e-03 6.059650150811776020e-03 5.119918850938688648e-03 4.183503451764809464e-03 3.328195953505689274e-03 2.591856235319068506e-03 1.984913150855019490e-03 1.501005584283474385e-03 1.125061428636217565e-03 8.388180384399410812e-04 6.241859916791720224e-04 4.650033382566606029e-04 3.477069791085536004e-04 2.613421708876481273e-04 1.971940235109522551e-04 1.481678488120708619e-04 1.077706157997778081e-04 6.722329918001293395e-05 1.232789238983783423e-04 1.409526250946423773e-04 9.766516630137156635e-05 2.837546890359870746e-05 -3.022850098328995738e-05 -5.506615030459218856e-05 -4.718945762609357984e-05 -2.530144210043789354e-05 -7.709212335091406062e-06 -2.578926566393670853e-07 8.649333884496381868e-07 3.676346268638547728e-07 5.853572902170769932e-08 -2.667594675063577235e-09 -2.326964066503609843e-09 -2.462598890771440709e-10 1.174591323550982428e-11 3.118380471489019529e-12 4.048350803535207666e-14 -1.183662504298241657e-14 -1.943959222375865864e-16 1.858445907333611661e-17 9.749842395003135896e-20 -1.150055424390922524e-20 6.053711242670804957e-23 1.894298855922085373e-24 -2.190941781194280411e-26 1.195535568988343932e-29 8.507524580708096853e-31 -4.468162278192354884e-33 6.335492668645135334e-36 1.271228084359806858e-38 -4.146203784882519377e-41 -7.503087209461762532e-44 7.232817160178921429e-46 -2.400148176960796410e-48 1.015678073851730415e-50 3.068512111337777577e-48 1.586305008451587464e-45 7.174947157784855617e-43 2.253040418370468735e-40 -1.451291038451371454e-38 -8.993039328438645750e-35 -7.894548513540412312e-32 -4.359881249932369799e-29 -1.686443979283469225e-26 -4.613916832294244633e-24 -8.801914366239303591e-22 -1.145998243635762809e-19 -9.960062832039525737e-18 -5.650944584500784995e-16 -2.061474977048881135e-14 -4.752865158848415383e-13 -6.807770521712221295e-12 -6.397035922128175491e-11 -3.649203299934480461e-10 -1.216110802840139210e-09 -2.628174575041747644e-09 -3.933877233660816770e-09 -3.413830951837805773e-09
-1.206304028205795747e-04 -9.686190444376264206e-04 -2.977366072823959490e-03 -6.433035565611081551e-03 -1.155096756143155108e-02 -1.848917298512181909e-02 -2.734789298643010985e-02 -3.816312715648398357e-02 -5.089756874072727533e-02 1.403718308431119999e+00 -8.155681732367078829e-02 -9.897465895490413501e-02 -1.173013475340649453e-01 -1.360799138225215477e-01 -1.547978513641221632e-01 -1.729079590596776517e-01 -1.898493697498969957e-01 -2.050665054120392183e-01 -2.180253504448547153e-01 -2.282282408501928594e-01 -2.352294493893768157e-01 -2.386537716514902097e-01 -2.382192288349652687e-01 -2.337633519202159116e-01 -2.252706967404323191e-01 -2.128975575111825558e-01 -1.969886751061259433e-01 -1.780804717781651614e-01 -1.568862335826159415e-01 -1.342607068749311072e-01 -1.111446218704094935e-01 -8.849343657208517955e-02 -6.719840417595290827e-02 -4.801083425976186703e-02 -3.148111221322268810e-02 -1.792217392389476582e-02 -7.402965517864425020e-03 2.281664141133952649e-04 5.295841108141240670e-03 8.235643779957493513e-03 9.529298291367569243e-03 9.647432285273385699e-03 9.007092328856981106e-03 7.946946067481301668e-03 6.719184500019453367e-03 5.494414859013552546e-03 4.374662047934819824e-03 3.409797871153136609e-03 2.613795413662743736e-03 1.978600016531597769e-03 1.484683275171774135e-03 1.108270156750422279e-03 8.257538625077921095e-04 6.160070803327360274e-04 4.612746008241322155e-04 3.471962208980378995e-04 2.623305096643297461e-04 1.973441856844833191e-04 1.436681867310082405e-04 8.965973952823372522e-05 1.645789178479833764e-04 1.888398172254047243e-04 1.321810364441925400e-04 4.069197424827516031e-05 -3.722366426511246497e-05 -7.091184256649987283e-05 -6.141291548479473051e-05 -3.312700321550382125e-05 -1.016514101712446420e-05 -3.763991983461955587e-07 1.123103803449362436e-06 4.810941425953845065e-07 7.712128757842422974e-08 -3.369762036079407649e-09 -3.039043193950660748e-09 -3.239548379357674781e-10 1.513380070677874875e-11 4.082454531709010345e-12 5.447597786297379749e-14 -1.546726796406719856e-14 -2.578311344570387570e-16 2.428762871329625374e-17 1.308047281328143233e-19 -1.505735221923464021e-20 7.825351963598347575e-23 2.489215190060390501e-24 -2.864215559552436304e-26 1.465452390742548004e-29 1.118137075601485949e-30 -5.843940893383610288e-33 8.206554529639451675e-36 1.676488715226508196e-38 -5.335115342595760673e-41 -1.040663505701986474e-43 9.672906128318450513e-46 -3.195751373923722503e-48 1.181775457351821118e-50 3.167927357417093796e-48 1.637719400473877636e-45 7.407697612602279391e-43 2.326331549297568302e-40 -1.495907551522607314e-38 -9.282812075613100276e-35 -8.149478872557597593e-32 -4.500786982861992645e-29 -1.740973190301315030e-26 -4.763149607321644370e-24 -9.086670499659586686e-22 -1.183079878359165543e-19 -1.028239251351162642e-17 -5.833843250106273721e-16 -2.128203280529240028e-14 -4.906723862542282668e-13 -7.028164510247245893e-12 -6.604145429973499356e-11 -3.767354137761942766e-10 -1.255486107261699661e-09 -2.713273335820082728e-09 -4.061261192329852445e-09 -3.524376784119045857e-09
-1.501462948522498566e-04 -1.205623215802309684e-03 -3.705906677231124609e-03 -8.007352897998224958e-03 -1.437854622583117047e-02 -2.301747479989229087e-02 -3.405145806626522220e-02 -4.752956192287611376e-02 -6.341160523977851238e-02 -8.155681732367078829e-02 2.049185700089174222e+00 -1.235237772716000493e-01 -1.465118360669530051e-01 -1.701129000289176296e-01 -1.936857958650957945e-01 -2.165403256437376800e-01 -2.379645939559125734e-01 -2.572506487742708403e-01 -2.737168987338527981e-01 -2.867281435583075022e-01 -2.957158570509743623e-01 -3.002016432477445651e-01 -2.998254774505692555e-01 -2.943781921929012335e-01 -2.838354751481066418e-01 -2.683886997121046059e-01 -2.484663021342346234e-01 -2.247386302141111125e-01 -1.981000465164888258e-01 -1.696248887670379901e-01 -1.404980579725541578e-01 -1.119256686726158856e-01 -8.503568049721418887e-02 -6.078195359464607511e-02 -3.986643120670739504e-02 -2.269202231370010328e-02 -9.353377900314426702e-03 3.344466502267639954e-04 6.776529996839060835e-03 1.052014247488455671e-02 1.217282298079225625e-02 1.232971896922448185e-02 1.151939466077006244e-02 1.017196369610467825e-02 8.608393801182121288e-03 7.046348752876793915e-03 5.616417843520901849e-03 4.382806789959618927e-03 3.363904109893706140e-03 2.549890876324529404e-03 1.916178143344137710e-03 1.432635091788981175e-03 1.069245513469309957e-03 7.990842271939239743e-04 5.994803141011299796e-04 4.520642675174203393e-04 3.421704494070548492e-04 2.578029406860639925e-04 1.879012979393696568e-04 1.173405606847108972e-04 2.156512226957173347e-04 2.485682575281320211e-04 1.762404759082768235e-04 5.807650229007349789e-05 -4.347297308169735248e-05 -8.851084255485060031e-05 -7.778468158673987386e-05 -4.230396403611602971e-05 -1.310418237980270387e-05 -5.471895133051472177e-07 1.418262027938893078e-06 6.139833758678562033e-07 9.931821044419658166e-08 -4.092564317565028009e-09 -3.868107727801644494e-09 -4.163513734451647206e-10 1.890729517756818503e-11 5.213066517845909695e-12 7.209546198336538464e-14 -1.970153323541794155e-14 -3.349557734938129791e-16 3.094128669065054004e-17 1.724525485990619158e-19 -1.922963033543507780e-20 9.821344555905642303e-23 3.194494115271150277e-24 -3.650467117633154246e-26 1.700333848446939733e-29 1.435288401810833841e-30 -7.452734554119757300e-33 1.032890800645676069e-35 2.161543330295727003e-38 -6.651272242765669588e-41 -1.429858660520873119e-43 1.270443733506520571e-45 -4.173434595428121681e-48 1.274370115048275334e-50 2.690615012007168632e-48 1.390998297435216157e-45 6.292071622589626061e-43 1.976324010512509752e-40 -1.266418459327963047e-38 -7.881437770165583164e-35 -6.920138930285383617e-32 -3.822047446766904030e-29 -1.478470499217523544e-26 -4.045048668843834812e-24 -7.716869175791800033e-22 -1.004745195709552015e-19 -8.732541386476403888e-18 -4.954560390790168164e-16 -1.807452366888872240e-14 -4.167237455932354333e-13 -5.968992244847260613e-12 -5.608905084133604249e-11 -3.199628652394212169e-10 -1.066292343020937761e-09 -2.304409441972585356e-09 -3.449285820076512737e-09 -2.993306819244745405e-09
-1.819081218517937042e-04 -1.460662785995898950e-03 -4.489904561203751296e-03 -9.701619430465163382e-03 -1.742199665926435700e-02 -2.789277891762664482e-02 -4.127186100615668624e-02 -5.762479611388935524e-02 -7.691194491703108593e-02 -9.897465895490413501e-02 -1.235237772716000493e-01 2.888584079432377827e+00 -1.782448390071815492e-01 -2.071762202004930886e-01 -2.361480472164843858e-01 -2.643121022771831585e-01 -2.907860040560975579e-01 -3.146870559730665651e-01 -3.351628210953391807e-01 -3.514183211206389768e-01 -3.627424035527132551e-01 -3.685368221498839802e-01 -3.683503930935199122e-01 -3.619180260200412502e-01 -3.492016884721078629e-01 -3.304279402611575711e-01 -3.061145538418066359e-01 -2.770774278014875303e-01 -2.444097721138328017e-01 -2.094290469512288533e-01 -1.735924643589741856e-01 -1.383876248810939069e-01 -1.052102536439782632e-01 -7.524538738885636069e-02 -4.937021064541010501e-02 -2.809436085877527883e-02 -1.154690640958811083e-02 4.897613759933737128e-04 8.507648316588286436e-03 1.317750913115818025e-02 1.524767249321713758e-02 1.545380183020528785e-02 1.445117416647443039e-02 1.277446177053479133e-02 1.082376319980052869e-02 8.871259607837368374e-03 7.080933475860967143e-03 5.534008381586557473e-03 4.254389760908021401e-03 3.230543060729151091e-03 2.432250850956324886e-03 1.822164060092538616e-03 1.362913896829463659e-03 1.020878793326251283e-03 7.676787889047803062e-04 5.802637051840731607e-04 4.401822698650324555e-04 3.322889243092429961e-04 2.425428530676029630e-04 1.515853857753256446e-04 2.790074155415954980e-04 3.234049105431803062e-04 2.329001394000358629e-04 8.277755610896852341e-05 -4.772854968075298973e-05 -1.074340389093945340e-04 -9.631895505731454617e-05 -5.295741668053088050e-05 -1.660607680728141438e-05 -7.937822154324363586e-07 1.749492381203387578e-06 7.680616773931761822e-07 1.257061974832975187e-07 -4.779398474719621535e-09 -4.821885661822463232e-09 -5.256028412598023390e-10 2.298793136728112065e-11 6.526211845151279471e-12 9.438834045249385718e-14 -2.458381464347100273e-14 -4.286552465535198695e-16 3.861673390838321744e-17 2.247255851027640335e-19 -2.407709339247687393e-20 1.201658157566078939e-22 4.025085860904133986e-24 -4.558663967830707655e-26 1.850018825446735513e-29 1.809039215763237255e-30 -9.314170315844940694e-33 1.268526052622988417e-35 2.739182967843415967e-38 -8.058255251875077233e-41 -1.956930052550980806e-43 1.648704985387679913e-45 -5.377730605885439937e-48 1.338408745556608292e-50 1.836878271693314187e-48 9.496829329348951586e-46 4.296314223033006639e-43 1.349975335257975586e-40 -8.584757149549195055e-39 -5.376552799430634414e-35 -4.722174216877627193e-32 -2.608391145318716618e-29 -1.009062138453389502e-26 -2.760889909564470464e-24 -5.267228474215151491e-22 -6.858196776615194665e-20 -5.960817068175616692e-18 -3.382049407982173884e-16 -1.233815730656668308e-14 -2.844717894169100585e-13 -4.074727407198505010e-12 -3.828970636021120008e-11 -2.184279232258931365e-10 -7.279280630360390834e-10 -1.573173342423274870e-09 -2.354788213817580782e-09 -2.043504953896859603e-09
-2.151865689579732330e-04 -1.727881821587733515e-03 -5.311362279929529237e-03 -1.147696664037568814e-02 -2.061159740096609599e-02 -3.300369443163520683e-02 -4.884486437980811724e-02 -6.822079412429506162e-02 -9.109676021843066129e-02 -1.173013475340649453e-01 -1.465118360669530051e-01 -1.782448390071815492e-01 3.954355572675664288e+00 -2.465486679167855355e-01 -2.814007096301871513e-01 -3.153945144080520513e-01 -3.474600752461692865e-01 -3.765179124416295209e-01 -4.015201207021614205e-01 -4.214873717631741901e-01 -4.355434787452747702e-01 -4.429512576513909838e-01 -4.431530011969084248e-01 -4.358162498513037386e-01 -4.208820752399202725e-01 -3.986098037716894193e-01 -3.696093470657420554e-01 -3.348506166848035925e-01 -2.956401837656157938e-01 -2.535592506619870345e-01 -2.103633319292725068e-01 -1.678511867435433791e-01 -1.277172826260999927e-01 -9.140746654859102649e-02 -5.999984600523758371e-02 -3.413023789065373209e-02 -1.397379509909649035e-02 7.163463758233682777e-04 1.052329333863671716e-02 1.625145617457445305e-02 1.880402382916617279e-02 1.907293800766541453e-02 1.785567366950444046e-02 1.580519172756838370e-02 1.341182759913984654e-02 1.101047613550862857e-02 8.803965685964688231e-03 6.893690366147385909e-03 5.310483153942768646e-03 4.041312260847783507e-03 3.049826036209275001e-03 2.290582999561468092e-03 1.717862361620008148e-03 1.290369156364670755e-03 9.731351541947685794e-04 7.376730381952004709e-04 5.611026062565808081e-04 4.245593454185739779e-04 3.104349529380573511e-04 1.942050759041672305e-04 3.580992163633321592e-04 4.178615020824921213e-04 3.064205293467714506e-04 1.179801119246598668e-04 -4.816767131553120811e-05 -1.269999555821147200e-04 -1.169774285905757916e-04 -6.523406032817423840e-05 -2.077434537027208596e-05 -1.148856452731746601e-06 2.114673798158337863e-06 9.454465451568360376e-07 1.570428139899833580e-07 -5.348578516233173113e-09 -5.909061814600106753e-09 -6.544933994300085852e-10 2.725598059464807468e-11 8.041424455768194180e-12 1.227742884011132544e-13 -3.016557044039111875e-14 -5.427652673887880721e-16 4.739702426881147363e-17 2.906995224045535714e-19 -2.967274370277351289e-20 1.437158214351764447e-22 5.000086995316113634e-24 -5.599426690962441237e-26 1.844256329673214858e-29 2.248133788372729937e-30 -1.145158484614314610e-32 1.524630694165992825e-35 3.425390525359167119e-38 -9.497266691136938863e-41 -2.677348081569312577e-43 2.124250966794842189e-45 -6.870113529044619974e-48 1.465306445652816726e-50 1.042054438190122750e-48 5.388182191708715908e-46 2.438237152820581630e-43 7.668115611546110969e-41 -4.789558435819884810e-39 -3.044680825766823948e-35 -2.675958714542025691e-32 -1.478513672363519831e-29 -5.720547998543373916e-27 -1.565368070471231337e-24 -2.986670198603083348e-22 -3.889079124227894451e-20 -3.380416934161498905e-18 -1.918089201031677242e-16 -6.997794140255185957e-15 -1.613501909828108206e-13 -2.311245428531976454e-12 -2.171932658122824688e-11 -1.239038519133397063e-10 -4.129284850120096935e-10 -8.924329999537050931e-10 -1.335874799698929149e-09 -1.159295871766571713e-09
