Wood-Saxon orbitals: potentials
        r                vc              vls              vem 
 0.16666667E+00  -0.72624397E+02  -0.55748895E+02   0.00000000E+00
 0.33333333E+00  -0.71466342E+02  -0.34795675E+02   0.00000000E+00
 0.50000000E+00  -0.70020122E+02  -0.28671216E+02   0.00000000E+00
 0.66666667E+00  -0.68231646E+02  -0.26254232E+02   0.00000000E+00
 0.83333333E+00  -0.66046527E+02  -0.25263300E+02   0.00000000E+00
 0.10000000E+01  -0.63415942E+02  -0.24871834E+02   0.00000000E+00
 0.11666667E+01  -0.60304806E+02  -0.24657576E+02   0.00000000E+00
 0.13333333E+01  -0.56701666E+02  -0.24350315E+02   0.00000000E+00
 0.15000000E+01  -0.52628651E+02  -0.23762688E+02   0.00000000E+00
 0.16666667E+01  -0.48148735E+02  -0.22777879E+02   0.00000000E+00
 0.18333333E+01  -0.43367138E+02  -0.21353922E+02   0.00000000E+00
 0.20000000E+01  -0.38424477E+02  -0.19525123E+02   0.00000000E+00
 0.21666667E+01  -0.33481688E+02  -0.17390820E+02   0.00000000E+00
 0.23333333E+01  -0.28699722E+02  -0.15090697E+02   0.00000000E+00
 0.25000000E+01  -0.24219243E+02  -0.12773510E+02   0.00000000E+00
 0.26666667E+01  -0.20145532E+02  -0.10569121E+02   0.00000000E+00
 0.28333333E+01  -0.16541633E+02  -0.85711372E+01   0.00000000E+00
 0.30000000E+01  -0.13429731E+02  -0.68320331E+01   0.00000000E+00
 0.31666667E+01  -0.10798418E+02  -0.53679387E+01   0.00000000E+00
 0.33333333E+01  -0.86126402E+01  -0.41683582E+01   0.00000000E+00
 0.35000000E+01  -0.68235867E+01  -0.32066582E+01   0.00000000E+00
 0.36666667E+01  -0.53768758E+01  -0.24488283E+01   0.00000000E+00
 0.38333333E+01  -0.42184115E+01  -0.18596284E+01   0.00000000E+00
 0.40000000E+01  -0.32980233E+01  -0.14062617E+01   0.00000000E+00
 0.41666667E+01  -0.25713385E+01  -0.10601550E+01   0.00000000E+00
 0.43333333E+01  -0.20004158E+01  -0.79748990E+00   0.00000000E+00
 0.45000000E+01  -0.15536052E+01  -0.59901606E+00   0.00000000E+00
 0.46666667E+01  -0.12049869E+01  -0.44951588E+00   0.00000000E+00
 0.48333333E+01  -0.93362609E+00  -0.33715171E+00   0.00000000E+00
 0.50000000E+01  -0.72279123E+00  -0.25282267E+00   0.00000000E+00
 0.51666667E+01  -0.55921711E+00  -0.18959157E+00   0.00000000E+00
 0.53333333E+01  -0.43245097E+00  -0.14220329E+00   0.00000000E+00
 0.55000000E+01  -0.33429488E+00  -0.10669456E+00   0.00000000E+00
 0.56666667E+01  -0.25834257E+00  -0.80085796E-01   0.00000000E+00
 0.58333333E+01  -0.19960171E+00  -0.60141692E-01   0.00000000E+00
 0.60000000E+01  -0.15419022E+00  -0.45187662E-01   0.00000000E+00
 0.61666667E+01  -0.11909426E+00  -0.33970225E-01   0.00000000E+00
 0.63333333E+01  -0.91977080E-01  -0.25551496E-01   0.00000000E+00
 0.65000000E+01  -0.71028632E-01  -0.19229805E-01   0.00000000E+00
 0.66666667E+01  -0.54847935E-01  -0.14480132E-01   0.00000000E+00
 0.68333333E+01  -0.42351253E-01  -0.10909522E-01   0.00000000E+00
 0.70000000E+01  -0.32700631E-01  -0.82237451E-02   0.00000000E+00
 0.71666667E+01  -0.25248384E-01  -0.62023802E-02   0.00000000E+00
 0.73333333E+01  -0.19494021E-01  -0.46802120E-02   0.00000000E+00
 0.75000000E+01  -0.15050878E-01  -0.35333306E-02   0.00000000E+00
 0.76666667E+01  -0.11620279E-01  -0.26687487E-02   0.00000000E+00
 0.78333333E+01  -0.89715364E-02  -0.20166417E-02   0.00000000E+00
 0.80000000E+01  -0.69264976E-02  -0.15245462E-02   0.00000000E+00
 0.81666667E+01  -0.53475878E-02  -0.11530189E-02   0.00000000E+00
 0.83333333E+01  -0.41285744E-02  -0.87238802E-03   0.00000000E+00
 0.85000000E+01  -0.31874307E-02  -0.66031930E-03   0.00000000E+00
 0.86666667E+01  -0.24608218E-02  -0.49999218E-03   0.00000000E+00
 0.88333333E+01  -0.18998470E-02  -0.37873152E-03   0.00000000E+00
 0.90000000E+01  -0.14667510E-02  -0.28698096E-03   0.00000000E+00
 0.91666667E+01  -0.11323837E-02  -0.21753178E-03   0.00000000E+00
 0.93333333E+01  -0.87423936E-03  -0.16494350E-03   0.00000000E+00
 0.95000000E+01  -0.67494252E-03  -0.12510816E-03   0.00000000E+00
 0.96666667E+01  -0.52107828E-03  -0.94922527E-04   0.00000000E+00
 0.98333333E+01  -0.40228973E-03  -0.72041333E-04   0.00000000E+00
 0.10000000E+02  -0.31058092E-03  -0.54691357E-04   0.00000000E+00
 0.10166667E+02  -0.23977863E-03  -0.41531356E-04   0.00000000E+00
 0.10333333E+02  -0.18511691E-03  -0.31546421E-04   0.00000000E+00
 0.10500000E+02  -0.14291626E-03  -0.23968285E-04   0.00000000E+00
 0.10666667E+02  -0.11033597E-03  -0.18215167E-04   0.00000000E+00
 0.10833333E+02  -0.85182931E-04  -0.13846351E-04   0.00000000E+00
 0.11000000E+02  -0.65763966E-04  -0.10527863E-04   0.00000000E+00
 0.11166667E+02  -0.50771897E-04  -0.80065391E-05   0.00000000E+00
 0.11333333E+02  -0.39197535E-04  -0.60904045E-05   0.00000000E+00
 0.11500000E+02  -0.30261756E-04  -0.46338434E-05   0.00000000E+00
 0.11666667E+02  -0.23363046E-04  -0.35263692E-05   0.00000000E+00
 0.11833333E+02  -0.18037021E-04  -0.26841256E-05   0.00000000E+00
 0.12000000E+02  -0.13925158E-04  -0.20434501E-05   0.00000000E+00
 0.12166667E+02  -0.10750668E-04  -0.15559979E-05   0.00000000E+00
 0.12333333E+02  -0.82998602E-05  -0.11850467E-05   0.00000000E+00
 0.12500000E+02  -0.64077579E-05  -0.90269545E-06   0.00000000E+00
 0.12666667E+02  -0.49469943E-05  -0.68773994E-06   0.00000000E+00
 0.12833333E+02  -0.38192380E-05  -0.52406171E-06   0.00000000E+00
 0.13000000E+02  -0.29485740E-05  -0.39940534E-06   0.00000000E+00
 0.13166667E+02  -0.22763936E-05  -0.30445050E-06   0.00000000E+00
 0.13333333E+02  -0.17574487E-05  -0.23210747E-06   0.00000000E+00
 0.13500000E+02  -0.13568067E-05  -0.17698212E-06   0.00000000E+00
 0.13666667E+02  -0.10474982E-05  -0.13496957E-06   0.00000000E+00
 0.13833333E+02  -0.80870213E-06  -0.10294540E-06   0.00000000E+00
 0.14000000E+02  -0.62434393E-06  -0.78530987E-07   0.00000000E+00
 0.14166667E+02  -0.48201350E-06  -0.59915160E-07   0.00000000E+00
 0.14333333E+02  -0.37212985E-06  -0.45718556E-07   0.00000000E+00
 0.14500000E+02  -0.28729616E-06  -0.34890485E-07   0.00000000E+00
 0.14666667E+02  -0.22180183E-06  -0.26630474E-07   0.00000000E+00
 0.14833333E+02  -0.17123811E-06  -0.20328572E-07   0.00000000E+00
 0.15000000E+02  -0.13220130E-06  -0.15519927E-07   0.00000000E+00
 0.15166667E+02  -0.10206364E-06  -0.11850212E-07   0.00000000E+00
 0.15333333E+02  -0.78796396E-07  -0.90492998E-08   0.00000000E+00
 0.15500000E+02  -0.60833340E-07  -0.69112271E-08   0.00000000E+00
 0.15666667E+02  -0.46965286E-07  -0.52789259E-08   0.00000000E+00
 0.15833333E+02  -0.36258704E-07  -0.40325997E-08   0.00000000E+00
 0.16000000E+02  -0.27992880E-07  -0.30808659E-08   0.00000000E+00
 0.16166667E+02  -0.21611399E-07  -0.23540062E-08   0.00000000E+00
 0.16333333E+02  -0.16684692E-07  -0.17988236E-08   0.00000000E+00
 0.16500000E+02  -0.12881116E-07  -0.13747216E-08   0.00000000E+00
 0.16666667E+02  -0.99446342E-08  -0.10507158E-08   0.00000000E+00
 0.16833333E+02  -0.76775759E-08  -0.80315468E-09   0.00000000E+00
 0.17000000E+02  -0.59273344E-08  -0.61398209E-09   0.00000000E+00
 0.17166667E+02  -0.45760919E-08  -0.46941175E-09   0.00000000E+00
 0.17333333E+02  -0.35328894E-08  -0.35891627E-09   0.00000000E+00
 0.17500000E+02  -0.27275037E-08  -0.27445585E-09   0.00000000E+00
 0.17666667E+02  -0.21057202E-08  -0.20988975E-09   0.00000000E+00
 0.17833333E+02  -0.16256834E-08  -0.16052720E-09   0.00000000E+00
 0.18000000E+02  -0.12550796E-08  -0.12278462E-09   0.00000000E+00
 0.18166667E+02  -0.96896162E-09  -0.93923988E-10   0.00000000E+00
 0.18333333E+02  -0.74806939E-09  -0.71853123E-10   0.00000000E+00
 0.18500000E+02  -0.57753351E-09  -0.54973155E-10   0.00000000E+00
 0.18666667E+02  -0.44587436E-09  -0.42062097E-10   0.00000000E+00
 0.18833333E+02  -0.34422928E-09  -0.32185911E-10   0.00000000E+00
 0.19000000E+02  -0.26575602E-09  -0.24630584E-10   0.00000000E+00
 0.19166667E+02  -0.20517215E-09  -0.18850246E-10   0.00000000E+00
 0.19333333E+02  -0.15839947E-09  -0.14427537E-10   0.00000000E+00
 0.19500000E+02  -0.12228946E-09  -0.11043319E-10   0.00000000E+00
 0.19666667E+02  -0.94411379E-10  -0.84535433E-11   0.00000000E+00
 0.19833333E+02  -0.72888607E-10  -0.64715623E-11   0.00000000E+00
 0.20000000E+02  -0.56272337E-10  -0.49546178E-11   0.00000000E+00
 0.20166667E+02  -0.43444046E-10  -0.37935109E-11   0.00000000E+00
 0.20333333E+02  -0.33540194E-10  -0.29047060E-11   0.00000000E+00
 0.20500000E+02  -0.25894103E-10  -0.22242941E-11   0.00000000E+00
 0.20666667E+02  -0.19991077E-10  -0.17033777E-11   0.00000000E+00
 0.20833333E+02  -0.15433751E-10  -0.13045416E-11   0.00000000E+00
 0.21000000E+02  -0.11915350E-10  -0.99915462E-12   0.00000000E+00
 0.21166667E+02  -0.91990315E-11  -0.76530550E-12   0.00000000E+00
 0.21333333E+02  -0.71019468E-11  -0.58622440E-12   0.00000000E+00
 0.21500000E+02  -0.54829302E-11  -0.44907560E-12   0.00000000E+00
 0.21666667E+02  -0.42329976E-11  -0.34403381E-12   0.00000000E+00
 0.21833333E+02  -0.32680097E-11  -0.26357759E-12   0.00000000E+00
 0.22000000E+02  -0.25230081E-11  -0.20194874E-12   0.00000000E+00
 0.22166667E+02  -0.19478430E-11  -0.15473863E-12   0.00000000E+00
 0.22333333E+02  -0.15037971E-11  -0.11857166E-12   0.00000000E+00
 0.22500000E+02  -0.11609795E-11  -0.90863036E-13   0.00000000E+00
 0.22666667E+02  -0.89631336E-12  -0.69633369E-13   0.00000000E+00
 0.22833333E+02  -0.69198260E-12  -0.53366787E-13   0.00000000E+00
 0.23000000E+02  -0.53423272E-12  -0.40902311E-13   0.00000000E+00
 0.23166667E+02  -0.41244476E-12  -0.31350714E-13   0.00000000E+00
 0.23333333E+02  -0.31842056E-12  -0.24030871E-13   0.00000000E+00
 0.23500000E+02  -0.24583086E-12  -0.18421023E-13   0.00000000E+00
 0.23666667E+02  -0.18978930E-12  -0.14121467E-13   0.00000000E+00
 0.23833333E+02  -0.14652341E-12  -0.10825985E-13   0.00000000E+00
 0.24000000E+02  -0.11312076E-12  -0.82999654E-14   0.00000000E+00
 0.24166667E+02  -0.87332850E-13  -0.63636470E-14   0.00000000E+00
 0.24333333E+02  -0.67423756E-13  -0.48792889E-14   0.00000000E+00
 0.24500000E+02  -0.52053298E-13  -0.37413416E-14   0.00000000E+00
 0.24666667E+02  -0.40186812E-13  -0.28689190E-14   0.00000000E+00
 0.24833333E+02  -0.31025505E-13  -0.22000322E-14   0.00000000E+00
 0.25000000E+02  -0.23952683E-13  -0.16871720E-14   0.00000000E+00
 0.25166667E+02  -0.18492238E-13  -0.12939246E-14   0.00000000E+00
 0.25333333E+02  -0.14276600E-13  -0.99237918E-15   0.00000000E+00
 0.25500000E+02  -0.11021992E-13  -0.76114099E-15   0.00000000E+00
 0.25666667E+02  -0.85093306E-14  -0.58380946E-15   0.00000000E+00
 0.25833333E+02  -0.65694756E-14  -0.44781172E-15   0.00000000E+00
 0.26000000E+02  -0.50718455E-14  -0.34350880E-15   0.00000000E+00
 0.26166667E+02  -0.39156270E-14  -0.26351062E-15   0.00000000E+00
 0.26333333E+02  -0.30229894E-14  -0.20215104E-15   0.00000000E+00
 0.26500000E+02  -0.23338446E-14  -0.15508552E-15   0.00000000E+00
 0.26666667E+02  -0.18018027E-14  -0.11898267E-15   0.00000000E+00
 0.26833333E+02  -0.13910494E-14  -0.91287880E-16   0.00000000E+00
 0.27000000E+02  -0.10739347E-14  -0.70042121E-16   0.00000000E+00
 0.27166667E+02  -0.82911193E-15  -0.53743012E-16   0.00000000E+00
 0.27333333E+02  -0.64010095E-15  -0.41238330E-16   0.00000000E+00
 0.27500000E+02  -0.49417842E-15  -0.31644357E-16   0.00000000E+00
 0.27666667E+02  -0.38152156E-15  -0.24283285E-16   0.00000000E+00
 0.27833333E+02  -0.29454686E-15  -0.18635213E-16   0.00000000E+00
 0.28000000E+02  -0.22739960E-15  -0.14301344E-16   0.00000000E+00
 0.28166667E+02  -0.17555977E-15  -0.10975764E-16   0.00000000E+00
 0.28333333E+02  -0.13553776E-15  -0.84237960E-17   0.00000000E+00
 0.28500000E+02  -0.10463949E-15  -0.64654083E-17   0.00000000E+00
 0.28666667E+02  -0.80785037E-16  -0.49624818E-17   0.00000000E+00
 0.28833333E+02  -0.62368634E-16  -0.38090492E-17   0.00000000E+00
 0.29000000E+02  -0.48150582E-16  -0.29238073E-17   0.00000000E+00
 0.29166667E+02  -0.37173791E-16  -0.22443741E-17   0.00000000E+00
 0.29333333E+02  -0.28699356E-16  -0.17228836E-17   0.00000000E+00
 0.29500000E+02  -0.22156822E-16  -0.13226065E-17   0.00000000E+00
 0.29666667E+02  -0.17105776E-16  -0.10153580E-17   0.00000000E+00
 0.29833333E+02  -0.13206206E-16  -0.77950965E-18   0.00000000E+00
 0.30000000E+02  -0.10195614E-16  -0.59846303E-18   0.00000000E+00
 0.30166667E+02  -0.78713404E-17  -0.45947995E-18   0.00000000E+00
 0.30333333E+02  -0.60769267E-17  -0.35278415E-18   0.00000000E+00
 0.30500000E+02  -0.46915819E-17  -0.27087234E-18   0.00000000E+00
 0.30666667E+02  -0.36220514E-17  -0.20798559E-18   0.00000000E+00
 0.30833333E+02  -0.27963396E-17  -0.15970358E-18   0.00000000E+00
 0.31000000E+02  -0.21588637E-17  -0.12263339E-18   0.00000000E+00
 0.31166667E+02  -0.16667119E-17  -0.94170608E-19   0.00000000E+00
 0.31333333E+02  -0.12867549E-17  -0.72316007E-19   0.00000000E+00
 0.31500000E+02  -0.99341600E-18  -0.55534874E-19   0.00000000E+00
 0.31666667E+02  -0.76694895E-18  -0.42649044E-19   0.00000000E+00
 0.31833333E+02  -0.59210914E-18  -0.32754038E-19   0.00000000E+00
 0.32000000E+02  -0.45712721E-18  -0.25155462E-19   0.00000000E+00
 0.32166667E+02  -0.35291684E-18  -0.19320195E-19   0.00000000E+00
 0.32333333E+02  -0.27246309E-18  -0.14838924E-19   0.00000000E+00
 0.32500000E+02  -0.21035023E-18  -0.11397375E-19   0.00000000E+00
 0.32666667E+02  -0.16239711E-18  -0.87542446E-20   0.00000000E+00
 0.32833333E+02  -0.12537577E-18  -0.67242496E-20   0.00000000E+00
 0.33000000E+02  -0.96794106E-19  -0.51651171E-20   0.00000000E+00
 0.33166667E+02  -0.74728148E-19  -0.39675974E-20   0.00000000E+00
 0.33333333E+02  -0.57692522E-19  -0.30477966E-20   0.00000000E+00
 0.33500000E+02  -0.44540474E-19  -0.23412901E-20   0.00000000E+00
 0.33666667E+02  -0.34386672E-19  -0.17986026E-20   0.00000000E+00
 0.33833333E+02  -0.26547611E-19  -0.13817385E-20   0.00000000E+00
 0.34000000E+02  -0.20495606E-19  -0.10615172E-20   0.00000000E+00
 0.34166667E+02  -0.15823264E-19  -0.81552757E-21   0.00000000E+00
 0.34333333E+02  -0.12216066E-19  -0.62655702E-21   0.00000000E+00
 0.34500000E+02  -0.94311940E-20  -0.48138525E-21   0.00000000E+00
 0.34666667E+02  -0.72811836E-20  -0.36985807E-21   0.00000000E+00
 0.34833333E+02  -0.56213068E-20  -0.28417604E-21   0.00000000E+00
 0.35000000E+02  -0.43398288E-20  -0.21834827E-21   0.00000000E+00
 0.35166667E+02  -0.33504868E-20  -0.16777293E-21   0.00000000E+00
 0.35333333E+02  -0.25866830E-20  -0.12891510E-21   0.00000000E+00
 0.35500000E+02  -0.19970021E-20  -0.99059325E-22   0.00000000E+00
 0.35666667E+02  -0.15417495E-20  -0.76119601E-22   0.00000000E+00
 0.35833333E+02  -0.11902800E-20  -0.58493435E-22   0.00000000E+00
 0.36000000E+02  -0.91893426E-21  -0.44949735E-22   0.00000000E+00
 0.36166667E+02  -0.70944666E-21  -0.34542715E-22   0.00000000E+00
 0.36333333E+02  -0.54771553E-21  -0.26545751E-22   0.00000000E+00
 0.36500000E+02  -0.42285392E-21  -0.20400589E-22   0.00000000E+00
 0.36666667E+02  -0.32645676E-21  -0.15678317E-22   0.00000000E+00
 0.36833333E+02  -0.25203507E-21  -0.12049393E-22   0.00000000E+00
 0.37000000E+02  -0.19457914E-21  -0.92606135E-23   0.00000000E+00
 0.37166667E+02  -0.15022133E-21  -0.71174295E-23   0.00000000E+00
 0.37333333E+02  -0.11597567E-21  -0.54703527E-23   0.00000000E+00
 0.37500000E+02  -0.89536931E-22  -0.42045172E-23   0.00000000E+00
 0.37666667E+02  -0.69125377E-22  -0.32316590E-23   0.00000000E+00
 0.37833333E+02  -0.53367004E-22  -0.24839532E-23   0.00000000E+00
 0.38000000E+02  -0.41201035E-22  -0.19092805E-23   0.00000000E+00
 0.38166667E+02  -0.31808518E-22  -0.14675888E-23   0.00000000E+00
 0.38333333E+02  -0.24557194E-22  -0.11280994E-23   0.00000000E+00
 0.38500000E+02  -0.18958940E-22  -0.86715856E-24   0.00000000E+00
 0.38666667E+02  -0.14636908E-22  -0.66658850E-24   0.00000000E+00
 0.38833333E+02  -0.11300162E-22  -0.51241896E-24   0.00000000E+00
 0.39000000E+02  -0.87240867E-23  -0.39391322E-24   0.00000000E+00
 0.39166667E+02  -0.67352742E-23  -0.30281952E-24   0.00000000E+00
 0.39333333E+02  -0.51998472E-23  -0.23279574E-24   0.00000000E+00
 0.39500000E+02  -0.40144485E-23  -0.17896743E-24   0.00000000E+00
 0.39666667E+02  -0.30992828E-23  -0.13758804E-24   0.00000000E+00
 0.39833333E+02  -0.23927455E-23  -0.10577793E-24   0.00000000E+00
 0.40000000E+02  -0.18472761E-23  -0.81323679E-25   0.00000000E+00

