# theta' [deg], IA + Unevolved [fm], IA + Evolved [fm], FSI + Unevolved [fm], FSI + Evolved [fm]
# 
1.000000000000000021e-02 1.619415645094925693e-01 1.619485742342228751e-01 1.338329991426875365e-01 1.338677802325729527e-01
1.827070707070707289e+00 1.613834114436600020e-01 1.613903246909721978e-01 1.333627710779587416e-01 1.333973749461835334e-01
3.644141414141414792e+00 1.597302439607471147e-01 1.597368749542740496e-01 1.319709733075280222e-01 1.320050552763893659e-01
5.461212121212121851e+00 1.570090750713730721e-01 1.570152528564054684e-01 1.296831701181946073e-01 1.297164027971348388e-01
7.278282828282828909e+00 1.532640353174989922e-01 1.532696125397438325e-01 1.265411320793357330e-01 1.265732157544229575e-01
9.095353535353536856e+00 1.485551861580977351e-01 1.485600463297728213e-01 1.226017219771937811e-01 1.226323934467441062e-01
1.091242424242424391e+01 1.429569510063451732e-01 1.429610138121588381e-01 1.179354202555800979e-01 1.179644596464928946e-01
1.272949494949495097e+01 1.365562451911219721e-01 1.365594695250740287e-01 1.126245651641796380e-01 1.126518004009946089e-01
1.454656565656565803e+01 1.294503966308222509e-01 1.294527812096515074e-01 1.067613928415039604e-01 1.067867015945379028e-01
1.636363636363636331e+01 1.217449521795965633e-01 1.217465337365056105e-01 1.004459658685837586e-01 1.004692749654448325e-01
1.818070707070707215e+01 1.135514608260658753e-01 1.135523100360901344e-01 9.378407570705070417e-02 9.380535814053449217e-02
1.999777777777778098e+01 1.062943648596731683e-01 1.062940275064123280e-01 8.792618458401019188e-02 8.794522316126428263e-02
2.181484848484848627e+01 9.986649257318158668e-02 9.986459898837977966e-02 8.277311787219093775e-02 8.278976318629679976e-02
2.363191919191919510e+01 9.324015760991292978e-02 9.323682463822199895e-02 7.750917615463102928e-02 7.752351094497647588e-02
2.544898989898990393e+01 8.648296177348245573e-02 8.647833160017362464e-02 7.219779168434681260e-02 7.220993298386296777e-02
2.726606060606060922e+01 7.966109412896849040e-02 7.965532645870027073e-02 6.690110006783206442e-02 6.691119167929936162e-02
2.908313131313131805e+01 7.283862804035076688e-02 7.283189204494049107e-02 6.167926762334859092e-02 6.168747223840830018e-02
3.090020202020202333e+01 6.607694477130521271e-02 6.606941115573163048e-02 5.658993578853836748e-02 5.659642709480351697e-02
3.271727272727272862e+01 6.099814534712625497e-02 6.098916563520401929e-02 5.281308485206220177e-02 5.281774311450663367e-02
3.453434343434343390e+01 5.620428649569736423e-02 5.619395365354253741e-02 4.930303867775168158e-02 4.930604017795381377e-02
3.635141414141414629e+01 5.148645925038296961e-02 5.147495844611876814e-02 4.591251608309520477e-02 4.591406264083489758e-02
3.816848484848485157e+01 4.687240787892576338e-02 4.685989446920058032e-02 4.266744892253179766e-02 4.266772234183000695e-02
3.998555555555555685e+01 4.238872752864832755e-02 4.237534505856403733e-02 3.959243599055538992e-02 3.959161065824121084e-02
4.180262626262626924e+01 3.830848871838387487e-02 3.829422729666759340e-02 3.686806849420373733e-02 3.686627190167865442e-02
4.361969696969697452e+01 3.523437979603093184e-02 3.521886245894940981e-02 3.485518228001505125e-02 3.485243509841803172e-02
4.543676767676767980e+01 3.225010579683493250e-02 3.223344436315011413e-02 3.295695930924901623e-02 3.295339955183061720e-02
4.725383838383839219e+01 2.936711985975074685e-02 2.934941501898566396e-02 3.118372223653741518e-02 3.117947708129887446e-02
4.907090909090909747e+01 2.659567998720447843e-02 2.657702067315275210e-02 2.954464322167269993e-02 2.953982798659198980e-02
5.088797979797980275e+01 2.394488618252339079e-02 2.392534956871694360e-02 2.804777262155842832e-02 2.804249036186237665e-02
5.270505050505051514e+01 2.194605733791298377e-02 2.192543958356132916e-02 2.695703600207799075e-02 2.695135239800603918e-02
5.452212121212122042e+01 2.014044380872006060e-02 2.011874104173045144e-02 2.601436697498107908e-02 2.600833998505231240e-02
5.633919191919192571e+01 1.840834290193959014e-02 1.838561138665706363e-02 2.515881405882599425e-02 2.515249913417076655e-02
5.815626262626263809e+01 1.675609218283607288e-02 1.673242434054943856e-02 2.439427429106612311e-02 2.438773691419089326e-02
5.997333333333334338e+01 1.518320569149211353e-02 1.515863883775634031e-02 2.372142887566858552e-02 2.371470045040375424e-02
6.179040404040404866e+01 1.383296670474029599e-02 1.380749769035310645e-02 2.318808810094180953e-02 2.318120133378559489e-02
6.360747474747475394e+01 1.276590629807931691e-02 1.273950014896770358e-02 2.279508827036879140e-02 2.278805365545122710e-02
6.542454545454545212e+01 1.174559841377672935e-02 1.171827738658188546e-02 2.245667723852606476e-02 2.244948028411394500e-02
6.724161616161616450e+01 1.077302364366275120e-02 1.074481138193893008e-02 2.217327630969318994e-02 2.216590041214410584e-02
6.905868686868687689e+01 9.848916618100620260e-03 9.819839492482801413e-03 2.194504647122450317e-02 2.193747470110240377e-02
7.087575757575757507e+01 8.973781843621421103e-03 8.943870302324260710e-03 2.177190376904639818e-02 2.176412074917292647e-02
7.269282828282828746e+01 8.295767687779422722e-03 8.265094456937670600e-03 2.166312914231103767e-02 2.165509092592724991e-02
7.450989898989899984e+01 7.700998786521409331e-03 7.669628018199941069e-03 2.159261716360216452e-02 2.158427017121965913e-02
7.632696969696969802e+01 7.134419652152575349e-03 7.102375386087989885e-03 2.155366190440100721e-02 2.154495753098488453e-02
7.814404040404041041e+01 6.596034265877885432e-03 6.563346750539429501e-03 2.154576191869850624e-02 2.153665804974835840e-02
7.996111111111112280e+01 6.085746955227330779e-03 6.052453362830584327e-03 2.156830489897329853e-02 2.155876761375554937e-02
8.177818181818182097e+01 5.603369990036549675e-03 5.569515034467415610e-03 2.162057632283988923e-02 2.161058152762530826e-02
8.359525252525253336e+01 5.227977446943682556e-03 5.193695546195869692e-03 2.168004488369947719e-02 2.166944909260444529e-02
8.541232323232324575e+01 4.896023675155691986e-03 4.861380780780048469e-03 2.175093993215866314e-02 2.173966207103933748e-02
8.722939393939394392e+01 4.583353905612787098e-03 4.548412355886033258e-03 2.183710657846167982e-02 2.182510924224308549e-02
8.904646464646465631e+01 4.287470999711941524e-03 4.252285739509878426e-03 2.193831386674604741e-02 2.192557500511664939e-02
9.086353535353536870e+01 4.007035884378803633e-03 3.971661601443684381e-03 2.205422511022371579e-02 2.204073897376419497e-02
9.268060606060606688e+01 3.741764704974265450e-03 3.706262459007032134e-03 2.218410657823036841e-02 2.216988291529630242e-02
9.449767676767677926e+01 3.502936464729399825e-03 3.467399485551759739e-03 2.231928047639276241e-02 2.230427954349533184e-02
9.631474747474749165e+01 3.320347315446446276e-03 3.284936282380940698e-03 2.243321978745733969e-02 2.241720786679488042e-02
9.813181818181818983e+01 3.147548609869126567e-03 3.112322393728796360e-03 2.255330403301365402e-02 2.253630276696408363e-02
9.994888888888890222e+01 2.987020594150902476e-03 2.952051753701670327e-03 2.267629389337286194e-02 2.265833422584279805e-02
1.017659595959596146e+02 2.834677404900263348e-03 2.800027529896451008e-03 2.280462618320775597e-02 2.278576486080137811e-02
1.035830303030303128e+02 2.690305108263789033e-03 2.656038385439256355e-03 2.293774126915758965e-02 2.291805182415561706e-02
1.054001010101010252e+02 2.553681537505095907e-03 2.519864223913000686e-03 2.307507940397520579e-02 2.305465178333831675e-02
1.072171717171717376e+02 2.424577746175120632e-03 2.391277607047739579e-03 2.321608326960670696e-02 2.319502324995193279e-02
1.090342424242424357e+02 2.326005112992290350e-03 2.293375120598372275e-03 2.333006024702038647e-02 2.330812839658535571e-02
1.108513131313131481e+02 2.242503183426517322e-03 2.210627493154222918e-03 2.343134139966115276e-02 2.340854854593522882e-02
1.126683838383838605e+02 2.163258329097517835e-03 2.132188061482994182e-03 2.353282905997628599e-02 2.350930410649483202e-02
1.144854545454545587e+02 2.088148254218027012e-03 2.057932933486651423e-03 2.363418360075845992e-02 2.361006785476346334e-02
1.163025252525252711e+02 2.017050321185597048e-03 1.987737377183154772e-03 2.373507909726556633e-02 2.371052485894934586e-02
1.181195959595959835e+02 1.949842100179900641e-03 1.921476383561664938e-03 2.383520459444092576e-02 2.381037358795720996e-02
1.199366666666666816e+02 1.890001693734539960e-03 1.862626887086789914e-03 2.392771727413406380e-02 2.390277436682792037e-02
1.217537373737373940e+02 1.836326632785118245e-03 1.809981425528865836e-03 2.401354397039392671e-02 2.398866013868660926e-02
1.235708080808081064e+02 1.785886808793174995e-03 1.760603975600018864e-03 2.409737365701385831e-02 2.407272681952690729e-02
1.253878787878788046e+02 1.750636133339705022e-03 1.726516545601072339e-03 2.415667687907985597e-02 2.413203993375306888e-02
1.272049494949495170e+02 1.719762611941489999e-03 1.696835380883684454e-03 2.420971912447283242e-02 2.418520090849710785e-02
1.290220202020202294e+02 1.692075142206011856e-03 1.670350340930529601e-03 2.425811991436518239e-02 2.423389969263714180e-02
1.308390909090909133e+02 1.673216533924843296e-03 1.652696291539017259e-03 2.428942834487062691e-02 2.426567829996205058e-02
1.326561616161616257e+02 1.656174091414854043e-03 1.636857194585629102e-03 2.431810201513064443e-02 2.429499298616771830e-02
1.344732323232323381e+02 1.640899601536496095e-03 1.622779049589050289e-03 2.434416660723104017e-02 2.432186186885637244e-02
1.362903030303030505e+02 1.627343289733750942e-03 1.610406332003071726e-03 2.436766774486848544e-02 2.434632114688255189e-02
1.381073737373737345e+02 1.615453289059655536e-03 1.599681513917338956e-03 2.438867035337261360e-02 2.436842456208062474e-02
1.399244444444444753e+02 1.612557908472977974e-03 1.597919455666927963e-03 2.439055783379927983e-02 2.437153935549261213e-02
1.417415151515151592e+02 1.613766802369501338e-03 1.600227909650373762e-03 2.438422859289779768e-02 2.436655040364476069e-02
1.435585858585858716e+02 1.616288292013062615e-03 1.603812689394436969e-03 2.437600383465823861e-02 2.435976418626608839e-02
1.453756565656565840e+02 1.620043774303462540e-03 1.608590398559069231e-03 2.436609070800168156e-02 2.435137105599669699e-02
1.471927272727272964e+02 1.626750344179342519e-03 1.616293678468240123e-03 2.435117505388468412e-02 2.433795016746190254e-02
1.490097979797979804e+02 1.640151602486153914e-03 1.630692783290885487e-03 2.432380844701045181e-02 2.431189747935023904e-02
1.508268686868687212e+02 1.665877913859466902e-03 1.657345099458315454e-03 2.427078481753777370e-02 2.426022639552562546e-02
1.526439393939394051e+02 1.691971326097152549e-03 1.684306618687997316e-03 2.421886647054361658e-02 2.420968707246671375e-02
1.544610101010101175e+02 1.718221222587923164e-03 1.711364262783859501e-03 2.416839082602982927e-02 2.416059835560957145e-02
1.562780808080808299e+02 1.744398395017449609e-03 1.738287057095085422e-03 2.411969204314180076e-02 2.411327621473465660e-02
1.580951515151515423e+02 1.770256260366867606e-03 1.764827355481638762e-03 2.407309756840955370e-02 2.406803052538846951e-02
1.599122222222222263e+02 1.795532824012054844e-03 1.790722796746096633e-03 2.402892460891113344e-02 2.402516176022617342e-02
1.617292929292929671e+02 1.825562265068129096e-03 1.821299992208317209e-03 2.397656176720669441e-02 2.397403973701717206e-02
1.635463636363636510e+02 1.862114651991709753e-03 1.858326981253926626e-03 2.391300006242588760e-02 2.391163973919792698e-02
1.653634343434343634e+02 1.896383376392769783e-03 1.893010594590401529e-03 2.385517922306311031e-02 2.385489299805070018e-02
1.671805050505050758e+02 1.927927686589189001e-03 1.924912278336739484e-03 2.380339526985578505e-02 2.380408392942354526e-02
1.689975757575757882e+02 1.956321262646429360e-03 1.953608234515694098e-03 2.375791372870644791e-02 2.375946794088883152e-02
1.708146464646464722e+02 1.981162908254346586e-03 1.978699959295593912e-03 2.371896760934818008e-02 2.372126942049380960e-02
1.726317171717172130e+02 2.002087631188446178e-03 1.999825155256485833e-03 2.368675588793015332e-02 2.368968019619644219e-02
1.744487878787878969e+02 2.018777585133999658e-03 2.016668499321540818e-03 2.366144247147135629e-02 2.366485845135493649e-02
1.762658585858586093e+02 2.030972269288780323e-03 2.028971674031487381e-03 2.364315557843942039e-02 2.364692804067673043e-02
1.780829292929293217e+02 2.038477355448580202e-03 2.036542044522607082e-03 2.363198743591507153e-02 2.363597811892806377e-02
1.799000000000000057e+02 2.041171548127392044e-03 2.039259399341831168e-03 2.362799417806936073e-02 2.363206297914741127e-02
