# theta' [deg], IA + Unevolved [fm], IA + Evolved [fm], FSI + Unevolved [fm], FSI + Evolved [fm]
# 
1.000000000000000021e-02 1.619415645094951783e-01 1.622389190460050978e-01 1.338329991426999155e-01 1.342339058160736676e-01
1.827070707070707289e+00 1.613834114436622502e-01 1.616789208896257934e-01 1.333627710779707598e-01 1.337616672173882748e-01
3.644141414141414792e+00 1.597302439607481417e-01 1.600203217040757631e-01 1.319709733075389302e-01 1.323639440951603352e-01
5.461212121212121851e+00 1.570090750713721839e-01 1.572903200715997651e-01 1.296831701182038499e-01 1.300664837329077728e-01
7.278282828282828909e+00 1.532640353174953562e-01 1.535333437604070872e-01 1.265411320793425054e-01 1.269113502005795313e-01
9.095353535353536856e+00 1.485551861580908795e-01 1.488098466024999067e-01 1.226017219771977085e-01 1.229557945594634688e-01
1.091242424242424391e+01 1.429569510063344040e-01 1.431947180707247858e-01 1.179354202555806669e-01 1.182707598233248142e-01
1.272949494949495097e+01 1.365562451911069841e-01 1.367753882990619119e-01 1.126245651641765433e-01 1.129390972574724761e-01
1.454656565656565803e+01 1.294503966308027387e-01 1.296497220059849020e-01 1.067613928414969104e-01 1.070535808193997379e-01
1.636363636363636331e+01 1.217449521795721662e-01 1.219237980137507227e-01 1.004459658685726425e-01 1.007148099204449726e-01
1.818070707070707215e+01 1.135514608260366903e-01 1.137096671963692129e-01 9.378407570703552187e-02 9.402908749957761270e-02
1.999777777777778098e+01 1.062943648596405138e-01 1.064276959095880604e-01 8.792618458399217851e-02 8.814532739667821359e-02
2.181484848484848627e+01 9.986649257314682282e-02 9.997145793177435180e-02 8.277311787217124517e-02 8.296495161262494589e-02
2.363191919191919510e+01 9.324015760987600099e-02 9.331738771598303839e-02 7.750917615460968524e-02 7.767434421584862303e-02
2.544898989898990393e+01 8.648296177344357016e-02 8.653346788817717350e-02 7.219779168432396976e-02 7.233732316825831898e-02
2.726606060606060922e+01 7.966109412892785624e-02 7.968619453254995044e-02 6.690110006780798646e-02 6.701634170059313222e-02
2.908313131313131805e+01 7.283862804030850902e-02 7.283987169189277966e-02 6.167926762332345825e-02 6.177181286412134625e-02
3.090020202020202333e+01 6.607694477126173360e-02 6.605603635259009454e-02 5.658993578851255479e-02 5.666155486319719020e-02
3.271727272727272862e+01 6.099814534708435099e-02 6.095095369338538599e-02 5.281308485203775605e-02 5.286398173607483736e-02
3.453434343434343390e+01 5.620428649565754886e-02 5.613210242626429786e-02 4.930303867772892201e-02 4.933511108494437886e-02
3.635141414141414629e+01 5.148645925034522897e-02 5.139113103569313556e-02 4.591251608307413828e-02 4.592772272435528130e-02
3.816848484848485157e+01 4.687240787889009053e-02 4.675549754223868454e-02 4.266744892251242427e-02 4.266758603434943342e-02
3.998555555555555685e+01 4.238872752861475718e-02 4.225178686168316183e-02 3.959243599053769574e-02 3.957930473311535580e-02
4.180262626262626924e+01 3.830848871835351721e-02 3.815244114383067181e-02 3.686806849418840931e-02 3.684361250363955148e-02
4.361969696969697452e+01 3.523437979600726327e-02 3.505827073170745406e-02 3.485518228000406005e-02 3.482142624395434538e-02
4.543676767676767980e+01 3.225010579681758527e-02 3.205489133964235793e-02 3.295695930924195244e-02 3.291513235508481544e-02
4.725383838383839219e+01 2.936711985973926645e-02 2.915372955185852738e-02 3.118372223653379308e-02 3.113502529490366766e-02
4.907090909090909747e+01 2.659567998719844506e-02 2.636502035296222832e-02 2.954464322167201645e-02 2.949025180254887663e-02
5.088797979797980275e+01 2.394488618252230139e-02 2.369785077572328022e-02 2.804777262156019080e-02 2.798884607177545142e-02
5.270505050505051514e+01 2.194605733791223090e-02 2.168445444574614370e-02 2.695703600207972200e-02 2.689642060800336715e-02
5.452212121212122042e+01 2.014044380871871098e-02 1.986476927560624009e-02 2.601436697498234196e-02 2.595288867202082475e-02
5.633919191919192571e+01 1.840834290193770970e-02 1.811893554300502904e-02 2.515881405882686508e-02 2.509688054022706644e-02
5.815626262626263809e+01 1.675609218283370325e-02 1.645403756551283916e-02 2.439427429106666781e-02 2.433255957074242221e-02
5.997333333333334338e+01 1.518320569148932410e-02 1.486876880290103134e-02 2.372142887566885613e-02 2.366027101228301496e-02
6.179040404040404866e+01 1.383296670473738513e-02 1.350821130124962507e-02 2.318808810094194137e-02 2.312869547898261866e-02
6.360747474747475394e+01 1.276590629807669401e-02 1.243348657125727987e-02 2.279508827036894406e-02 2.273857523468414063e-02
6.542454545454545212e+01 1.174559841377437880e-02 1.140524124984657398e-02 2.245667723852621395e-02 2.240262476201387160e-02
6.724161616161616450e+01 1.077302364366066259e-02 1.042454673775727175e-02 2.217327630969332178e-02 2.212134226341825119e-02
6.905868686868687689e+01 9.848916618098774514e-03 9.492247294721586209e-03 2.194504647122461766e-02 2.189499042108960375e-02
7.087575757575757507e+01 8.973781843619804341e-03 8.608975263060451508e-03 2.177190376904648145e-02 2.172361197928178098e-02
7.269282828282828746e+01 8.295767687778170252e-03 7.927901394648972574e-03 2.166312914231109665e-02 2.161671584415208319e-02
7.450989898989899984e+01 7.700998786520544571e-03 7.331872853843321262e-03 2.159261716360217492e-02 2.154740570163248339e-02
7.632696969696969802e+01 7.134419652152055799e-03 6.763610558248825400e-03 2.155366190440093782e-02 2.150890159902613119e-02
7.814404040404041041e+01 6.596034265877691143e-03 6.223243757057222297e-03 2.154576191869833970e-02 2.150086082182398398e-02
7.996111111111112280e+01 6.085746955227424454e-03 5.710811131580036462e-03 2.156830489897298975e-02 2.152284965299254213e-02
8.177818181818182097e+01 5.603369990036902691e-03 5.226266796612347512e-03 2.162057632283941391e-02 2.157435055558059103e-02
8.359525252525253336e+01 5.227977446943948836e-03 4.854201278294304964e-03 2.168004488369889779e-02 2.163095585437721860e-02
8.541232323232324575e+01 4.896023675155777855e-03 4.526894132130201802e-03 2.175093993215803517e-02 2.169774468875851695e-02
8.722939393939394392e+01 4.583353905612710770e-03 4.218882468440369148e-03 2.183710657846100328e-02 2.177918257549226605e-02
8.904646464646465631e+01 4.287470999711720347e-03 3.927476576153923239e-03 2.193831386674536393e-02 2.187531219464806595e-02
9.086353535353536870e+01 4.007035884378451485e-03 3.651299653121134210e-03 2.205422511022303578e-02 2.198606787451913916e-02
9.268060606060606688e+01 3.741764704973795774e-03 3.390175107822173978e-03 2.218410657822969187e-02 2.211094815016973261e-02
9.449767676767677926e+01 3.502936464728839076e-03 3.156912314761466890e-03 2.231928047639211710e-02 2.224040517992847271e-02
9.631474747474749165e+01 3.320347315445850832e-03 2.985123916743156330e-03 2.243321978745668396e-02 2.234459189578405156e-02
9.813181818181818983e+01 3.147548609868499464e-03 2.822726869067988809e-03 2.255330403301301911e-02 2.245511079049403169e-02
9.994888888888890222e+01 2.987020594150231571e-03 2.672496092507111246e-03 2.267629389337225826e-02 2.256874212162353691e-02
1.017659595959596146e+02 2.834677404899553412e-03 2.530084975431588952e-03 2.280462618320718005e-02 2.268838110089546611e-02
1.035830303030303128e+02 2.690305108263043535e-03 2.395335333279280214e-03 2.293774126915705883e-02 2.281368334308347956e-02
1.054001010101010252e+02 2.553681537504323088e-03 2.268076246620018624e-03 2.307507940397472354e-02 2.294429706274901323e-02
1.072171717171717376e+02 2.424577746174323093e-03 2.148125129863279713e-03 2.321608326960628368e-02 2.307986319218888541e-02
1.090342424242424357e+02 2.326005112991516664e-03 2.063042266192635383e-03 2.333006024701993544e-02 2.318424449166755358e-02
1.108513131313131481e+02 2.242503183425779631e-03 1.993873437789484091e-03 2.343134139966063928e-02 2.327555239335276499e-02
1.126683838383838605e+02 2.163258329096814838e-03 1.928368835747485506e-03 2.353282905997572394e-02 2.336857979958418402e-02
1.144854545454545587e+02 2.088148254217355240e-03 1.866420996057150750e-03 2.363418360075784236e-02 2.346312279402544901e-02
1.163025252525252711e+02 2.017050321184953900e-03 1.807919618581725835e-03 2.373507909726487244e-02 2.355897376850839969e-02
1.181195959595959835e+02 1.949842100179286549e-03 1.752752244896970324e-03 2.383520459444017289e-02 2.365592118037974576e-02
1.199366666666666816e+02 1.890001693733956226e-03 1.704464423591920807e-03 2.392771727413324848e-02 2.374706814981535422e-02
1.217537373737373940e+02 1.836326632784568338e-03 1.661826402415301964e-03 2.401354397039304547e-02 2.383341302131689737e-02
1.235708080808081064e+02 1.785886808792656313e-03 1.621856257929565155e-03 2.409737365701287645e-02 2.391977277584238226e-02
1.253878787878788046e+02 1.750636133339214095e-03 1.600123955767779761e-03 2.415667687907880820e-02 2.397820694825402929e-02
1.272049494949495170e+02 1.719762611941026394e-03 1.582606324034230945e-03 2.420971912447171873e-02 2.403145882074195910e-02
1.290220202020202294e+02 1.692075142205563647e-03 1.567447704570426115e-03 2.425811991436402013e-02 2.408206099933706337e-02
1.308390909090909133e+02 1.673216533924356056e-03 1.560272089902643624e-03 2.428942834486953750e-02 2.411740294636635987e-02
1.326561616161616257e+02 1.656174091414326470e-03 1.554070975768292616e-03 2.431810201512961747e-02 2.415197586891793327e-02
1.344732323232323381e+02 1.640899601535929491e-03 1.548795172235559311e-03 2.434416660723007220e-02 2.418570609610620759e-02
1.362903030303030505e+02 1.627343289733144656e-03 1.544397292273631383e-03 2.436766774486759379e-02 2.421852239783449032e-02
1.381073737373737345e+02 1.615453289059009135e-03 1.540831472423427519e-03 2.438867035337179828e-02 2.425035658446548711e-02
1.399244444444444753e+02 1.612557908472325935e-03 1.545317569587662237e-03 2.439055783379846451e-02 2.426438242906043055e-02
1.417415151515151592e+02 1.613766802368853419e-03 1.553022673650014500e-03 2.438422859289697542e-02 2.427134575455653157e-02
1.435585858585858716e+02 1.616288292012419683e-03 1.561210166358635142e-03 2.437600383465738166e-02 2.427741107891646585e-02
1.453756565656565840e+02 1.620043774302823295e-03 1.569823719729589650e-03 2.436609070800080726e-02 2.428260294689188817e-02
1.471927272727272964e+02 1.626750344178702623e-03 1.581340218480361496e-03 2.435117505388379247e-02 2.428248533599569256e-02
1.490097979797979804e+02 1.640151602485501658e-03 1.600656461714799854e-03 2.432380844700957750e-02 2.426797419264798208e-02
1.508268686868687212e+02 1.665877913858826356e-03 1.631168264825275972e-03 2.427078481753685429e-02 2.422812868887361942e-02
1.526439393939394051e+02 1.691971326096523278e-03 1.661249513599262137e-03 2.421886647054266248e-02 2.418960286720377162e-02
1.544610101010101175e+02 1.718221222587304952e-03 1.690740425038301034e-03 2.416839082602884395e-02 2.415254803064284875e-02
1.562780808080808299e+02 1.744398395016842889e-03 1.719469273283139119e-03 2.411969204314077034e-02 2.411711980240876033e-02
1.580951515151515423e+02 1.770256260366272812e-03 1.747253012705462811e-03 2.407309756840850593e-02 2.408347655618183619e-02
1.599122222222222263e+02 1.795532824011471761e-03 1.773898484758876151e-03 2.402892460891005444e-02 2.405177757363645419e-02
1.617292929292929671e+02 1.825562265067564010e-03 1.804649550355710407e-03 2.397656176720557378e-02 2.401120575082481626e-02
1.635463636363636510e+02 1.862114651991169170e-03 1.841283650935654536e-03 2.391300006242471493e-02 2.395858526465610705e-02
1.653634343434343634e+02 1.896383376392252835e-03 1.875319355030170051e-03 2.385517922306188560e-02 2.391082833713076630e-02
1.671805050505050758e+02 1.927927686588694388e-03 1.906401973625277899e-03 2.380339526985454299e-02 2.386813485029226287e-02
1.689975757575757882e+02 1.956321262645953612e-03 1.934189297852025816e-03 2.375791372870517115e-02 2.383068892345447179e-02
1.708146464646464722e+02 1.981162908253889486e-03 1.958359973258555140e-03 2.371896760934686862e-02 2.379865626135528947e-02
1.726317171717172130e+02 2.002087631188004258e-03 1.978622174180523063e-03 2.368675588792881412e-02 2.377218171727387905e-02
1.744487878787878969e+02 2.018777585133569880e-03 1.994722156421053182e-03 2.366144247146999627e-02 2.375138714281051569e-02
1.762658585858586093e+02 2.030972269288359219e-03 2.006452213566295873e-03 2.364315557843804996e-02 2.373636957890452523e-02
1.780829292929293217e+02 2.038477355448164736e-03 2.013657548131549558e-03 2.363198743591368722e-02 2.372719982410706127e-02
1.799000000000000057e+02 2.041171548126977445e-03 2.016241601630775360e-03 2.362799417806799029e-02 2.372392139956859894e-02
