# E' [MeV], IA + Unevolved [fm], IA + Evolved [fm], FSI + Unevolved [fm], FSI + Evolved [fm]
# 
1.000000000000000000e+01 6.811454602798646007e+00 6.811379280201633080e+00 4.864516662981836603e+00 4.864549454363453762e+00
1.106060606060606055e+01 6.721725362214844957e+00 6.721652325709840170e+00 4.938112862503221123e+00 4.938214234428071947e+00
1.212121212121212110e+01 6.600772267755397493e+00 6.600701081032988249e+00 4.969511454501541969e+00 4.969691906946398952e+00
1.318181818181818166e+01 6.456011737099440317e+00 6.455948714839573555e+00 4.961526203843726002e+00 4.961660670808348605e+00
1.424242424242424221e+01 6.312606425102245566e+00 6.312541930607729057e+00 4.939978920769219961e+00 4.940157114276424011e+00
1.530303030303030276e+01 6.155573212513887782e+00 6.155516948792659981e+00 4.891769050170929667e+00 4.892004982965777238e+00
1.636363636363636331e+01 5.988387127570149460e+00 5.988339584408998384e+00 4.822246838100016753e+00 4.822535291112886924e+00
1.742424242424242209e+01 5.814267464329173407e+00 5.814225485697189555e+00 4.740831104519283912e+00 4.741103637860601516e+00
1.848484848484848442e+01 5.635130710013393163e+00 5.635101151143460108e+00 4.645464591229099049e+00 4.645777127888337077e+00
1.954545454545454675e+01 5.453001544586784988e+00 5.452987753481959743e+00 4.538424986969150865e+00 4.538777225552154349e+00
2.060606060606060552e+01 5.269325304252244102e+00 5.269328969884766067e+00 4.421036059419267694e+00 4.421424133864229056e+00
2.166666666666666430e+01 5.085308701910162377e+00 5.085335611828305069e+00 4.298600407760903686e+00 4.299038063898374062e+00
2.272727272727272663e+01 4.902150301537668398e+00 4.902202888414101345e+00 4.171093878554579248e+00 4.171572691692220225e+00
2.378787878787878896e+01 4.739222947592626412e+00 4.739292139772745216e+00 4.057870113667923384e+00 4.058375097398145392e+00
2.484848484848484773e+01 4.587635768260437175e+00 4.587716194645195422e+00 3.951890208114273495e+00 3.952410347377536493e+00
2.590909090909090651e+01 4.437297591347048709e+00 4.437396117044523081e+00 3.844534350604007056e+00 3.845119998972542863e+00
2.696969696969696884e+01 4.288519978388246834e+00 4.288645114012094695e+00 3.735731009514031253e+00 3.736366730066917885e+00
2.803030303030303116e+01 4.141934602381586394e+00 4.142081834856407241e+00 3.624119972407061852e+00 3.624788760783478114e+00
2.909090909090908994e+01 3.997575918337781253e+00 3.997745955761368819e+00 3.511001582514867714e+00 3.511693411869845516e+00
3.015151515151514872e+01 3.855853405191973948e+00 3.856053211538373660e+00 3.398058801016911712e+00 3.398771494069150911e+00
3.121212121212121104e+01 3.716938394181590333e+00 3.717165450527233794e+00 3.285676403549382396e+00 3.286400852212160384e+00
3.227272727272727337e+01 3.580915474319815939e+00 3.581166538909364316e+00 3.174837980174636254e+00 3.175666183431419931e+00
3.333333333333332860e+01 3.448006384020831927e+00 3.448279481452791728e+00 3.067141337652449451e+00 3.068008572918252241e+00
3.439393939393939092e+01 3.318155327421369538e+00 3.318459852886417760e+00 2.959806959960182837e+00 2.960708711586433672e+00
3.545454545454545325e+01 3.191594247264784023e+00 3.191926127871807406e+00 2.853777568988011382e+00 2.854699088694266695e+00
3.651515151515151558e+01 3.070704937775240229e+00 3.071065632502569809e+00 2.751188807126977665e+00 2.752122729871111506e+00
3.757575757575757791e+01 2.972404315943863562e+00 2.972788762245143879e+00 2.668634980415401703e+00 2.669571447997214353e+00
3.863636363636363313e+01 2.876275334891967184e+00 2.876686590405522548e+00 2.586945111740579950e+00 2.587979687758529490e+00
3.969696969696969546e+01 2.782281925919405374e+00 2.782720838405131403e+00 2.508218672622629430e+00 2.509303994623615974e+00
4.075757575757575779e+01 2.690503880184040408e+00 2.690967689118923367e+00 2.430178072782167575e+00 2.431298344630463681e+00
4.181818181818181301e+01 2.600892413779713586e+00 2.601379601622387128e+00 2.353135951281734251e+00 2.354277988160391910e+00
4.287878787878787534e+01 2.513454524768512943e+00 2.513968827708208842e+00 2.277321906187687706e+00 2.278479414930552061e+00
4.393939393939393767e+01 2.428244733654278509e+00 2.428785839254743006e+00 2.202808383879584664e+00 2.203972464804743403e+00
4.500000000000000000e+01 2.345171116083714757e+00 2.345740589774088836e+00 2.129626494004376536e+00 2.130791384040288783e+00
4.606060606060606233e+01 2.264289108690935581e+00 2.264883208035962880e+00 2.057652986188521549e+00 2.058901660571744952e+00
4.712121212121211755e+01 2.185524754391467095e+00 2.186141820247944345e+00 1.988777742390911873e+00 1.990071840729131347e+00
4.818181818181817988e+01 2.108890976394389050e+00 2.109535602429225776e+00 1.920851023122383205e+00 1.922182833558228054e+00
4.924242424242424221e+01 2.034364394499315942e+00 2.035033756279238659e+00 1.854370623854138644e+00 1.855727052119541032e+00
5.030303030303029743e+01 1.961871343749692853e+00 1.962566277419793392e+00 1.789387997205880820e+00 1.790760502673073074e+00
5.136363636363635976e+01 1.891431126436966315e+00 1.892149877264376112e+00 1.726055836709614377e+00 1.727434657579753896e+00
5.242424242424242209e+01 1.822971460162796431e+00 1.823711840448772659e+00 1.664451742612781171e+00 1.665827952470948725e+00
5.348484848484848442e+01 1.756476361126071195e+00 1.757237775737306995e+00 1.604359329492983877e+00 1.605726341887678377e+00
5.454545454545454675e+01 1.699240997929092112e+00 1.700025528546267983e+00 1.552205270956039218e+00 1.553649112966936752e+00
5.560606060606060197e+01 1.648351646974351326e+00 1.649157739579006687e+00 1.506922983678316452e+00 1.508409239996832740e+00
5.666666666666666430e+01 1.598752447240458840e+00 1.599581696513769247e+00 1.462406783199693194e+00 1.463927092598438229e+00
5.772727272727272663e+01 1.550379329761695013e+00 1.551230046515746697e+00 1.418875359569107264e+00 1.420419222154507777e+00
5.878787878787878185e+01 1.503216854841254779e+00 1.504086674676621049e+00 1.376311295019478464e+00 1.377868564121779160e+00
5.984848484848484418e+01 1.457240501161777058e+00 1.458128781429295362e+00 1.334700806803744477e+00 1.336263787224416744e+00
6.090909090909090651e+01 1.412433146405952300e+00 1.413339379107508842e+00 1.293900922974979606e+00 1.295462438810835559e+00
6.196969696969696884e+01 1.368796830214979332e+00 1.369722520191349213e+00 1.254015874330929314e+00 1.255571545356362728e+00
6.303030303030303116e+01 1.326286112679621265e+00 1.327232309610552496e+00 1.214295768281373755e+00 1.215874019352022106e+00
6.409090909090909349e+01 1.284892001980151743e+00 1.285857026178241158e+00 1.176660625526398718e+00 1.178280554983025752e+00
6.515151515151515582e+01 1.244580597641282704e+00 1.245562382818528491e+00 1.139960535054889368e+00 1.141611718203227266e+00
6.621212121212121815e+01 1.205333080938177703e+00 1.206330886293012883e+00 1.104143490726810173e+00 1.105817823175483383e+00
6.727272727272726627e+01 1.167135795041128077e+00 1.168148133336987193e+00 1.069184195448118935e+00 1.070873452690545458e+00
6.833333333333332860e+01 1.129955569345423738e+00 1.130981051920194602e+00 1.035151418589576489e+00 1.036847740702246945e+00
6.939393939393939092e+01 1.093777323622964204e+00 1.094817491995678127e+00 1.001957683658350362e+00 1.003656600343243666e+00
7.045454545454545325e+01 1.058571421756479447e+00 1.059625651108532240e+00 9.695418449617725365e-01 9.712374218713673013e-01
7.151515151515151558e+01 1.024321058231046022e+00 1.025388783210863020e+00 9.379096835777304131e-01 9.395963997456994177e-01
7.257575757575756370e+01 9.910063196169984767e-01 9.920866483558857807e-01 9.070877994594338523e-01 9.087603839128705063e-01
7.363636363636362603e+01 9.586045442318467114e-01 9.596959045001953736e-01 8.767290251225826614e-01 8.784279155455952948e-01
7.469696969696968836e+01 9.271071556017593807e-01 9.282079700219971752e-01 8.477196379612198518e-01 8.494423440382221635e-01
7.575757575757575069e+01 8.964781038805481606e-01 8.975874165819153205e-01 8.194728770742615298e-01 8.212122485499270264e-01
7.681818181818181301e+01 8.689995416735770695e-01 8.701201513874047277e-01 7.941718700030080402e-01 7.959257219849009690e-01
7.787878787878787534e+01 8.455191569853190980e-01 8.466519983694491547e-01 7.726267478714647918e-01 7.743922112516306022e-01
7.893939393939393767e+01 8.226031103438677938e-01 8.237464933606261086e-01 7.515477591086628939e-01 7.533184082796853254e-01
8.000000000000000000e+01 8.002454185504062067e-01 8.013991537369310469e-01 7.309533798692297024e-01 7.327244579109651879e-01
8.106060606060606233e+01 7.784238754197015941e-01 7.795867504055549180e-01 7.108113451614946898e-01 7.125773499078563722e-01
8.212121212121212466e+01 7.571334238439735298e-01 7.583040956458424464e-01 6.910833396329933986e-01 6.928391360783670017e-01
8.318181818181817277e+01 7.363583459375436790e-01 7.375364647967959097e-01 6.717878773856817975e-01 6.735294593091811777e-01
8.424242424242423510e+01 7.160878472623686264e-01 7.172722110419256225e-01 6.525275722227105168e-01 6.542693850055033566e-01
8.530303030303029743e+01 6.963102758030194073e-01 6.975011938400189626e-01 6.343250623751489625e-01 6.360876761657127121e-01
8.636363636363635976e+01 6.770152471663719584e-01 6.782119148163511246e-01 6.165575236871153608e-01 6.183352473107114333e-01
8.742424242424242209e+01 6.581979832343367587e-01 6.594000145871385943e-01 5.992411337221729140e-01 6.010290799445383580e-01
8.848484848484848442e+01 6.398423413116289815e-01 6.410501114516204968e-01 5.823483067820041104e-01 5.841425401856316091e-01
8.954545454545454675e+01 6.219392835058360491e-01 6.231512529461976646e-01 5.658443422936844103e-01 5.676394195157956624e-01
9.060606060606059486e+01 6.044780802268510111e-01 6.056939050009555459e-01 5.497453921847250680e-01 5.515372808216272293e-01
9.166666666666665719e+01 5.874502369970719950e-01 5.886693987832666286e-01 5.340460045640392783e-01 5.358307930792269858e-01
9.272727272727271952e+01 5.708487601984636450e-01 5.720705096263847267e-01 5.187583609503757520e-01 5.205321622423398908e-01
9.378787878787878185e+01 5.546602230574253500e-01 5.558853656375706276e-01 5.038612126466757157e-01 5.056218261464805463e-01
9.484848484848484418e+01 5.388760909948809852e-01 5.401024271644286889e-01 4.892285756922644668e-01 4.909709357845539190e-01
9.590909090909090651e+01 5.234867448023745595e-01 5.247136001479921763e-01 4.746660959017510728e-01 4.763928231601373686e-01
9.696969696969696884e+01 5.084854413333507184e-01 5.097122453387008534e-01 4.608288059015589466e-01 4.625661338803488398e-01
9.803030303030303116e+01 4.938636521028272885e-01 4.950897845578903222e-01 4.473380013949314060e-01 4.490816602637113242e-01
9.909090909090909349e+01 4.796099659406636295e-01 4.808356645007660357e-01 4.341859239579018426e-01 4.359326718596181482e-01
1.001515151515151416e+02 4.657129402229527315e-01 4.669375001878104392e-01 4.213177178912824172e-01 4.230636217743308225e-01
1.012121212121212039e+02 4.521680351964699751e-01 4.533908446141423632e-01 4.087618364525280601e-01 4.105032704139370270e-01
1.022727272727272663e+02 4.389699838120563746e-01 4.401909281228120752e-01 3.965247968462107808e-01 3.982588200926890365e-01
1.033333333333333286e+02 4.261091377271540304e-01 4.273279129707387991e-01 3.845989112280273070e-01 3.863226101103957588e-01
1.043939393939393909e+02 4.135764951814887014e-01 4.147927276211748060e-01 3.729754696673324155e-01 3.746859605652270164e-01
1.054545454545454533e+02 4.033781400782213700e-01 4.045940529420937182e-01 3.635505074023647198e-01 3.652490720140461056e-01
1.065151515151515156e+02 3.936425042998389356e-01 3.948576461061424347e-01 3.545615295725135785e-01 3.562456251024017639e-01
1.075757575757575637e+02 3.841234665085830335e-01 3.853375001367158048e-01 3.457770202910120938e-01 3.474441050272727982e-01
1.086363636363636260e+02 3.748163672656185108e-01 3.760278350967528604e-01 3.369531522206380969e-01 3.386025267980532494e-01
1.096969696969696884e+02 3.657168431083986926e-01 3.669256298194986110e-01 3.286250944289068054e-01 3.302803178127035055e-01
1.107575757575757507e+02 3.568205271583970162e-01 3.580258902698223999e-01 3.204869844611663576e-01 3.221447456771390216e-01
1.118181818181818130e+02 3.481230675349770154e-01 3.493251258531892001e-01 3.125230434095606635e-01 3.141808529106733250e-01
1.128787878787878753e+02 3.396202678873515568e-01 3.408190930176461242e-01 3.047268132955647801e-01 3.063822560698387099e-01
1.139393939393939377e+02 3.313080131789296057e-01 3.325029444013498092e-01 2.971037762493963785e-01 2.987539484605734597e-01
1.150000000000000000e+02 3.231799966249023215e-01 3.243707522200445226e-01 2.896484545892852314e-01 2.912909324464050820e-01
