# theta' [deg], IA + Unevolved [fm], IA + Evolved [fm], FSI + Unevolved [fm], FSI + Evolved [fm]
# 
1.000000000000000021e-02 1.619415645094925693e-01 1.619415792752723349e-01 1.338329991426875365e-01 1.338330713289030971e-01
1.827070707070707289e+00 1.613834114436600020e-01 1.613834262108697903e-01 1.333627710779587416e-01 1.333628430489860739e-01
3.644141414141414792e+00 1.597302439607471147e-01 1.597302587371605687e-01 1.319709733075280222e-01 1.319710446448932317e-01
5.461212121212121851e+00 1.570090750713730721e-01 1.570090898790398315e-01 1.296831701181946073e-01 1.296832404244460946e-01
7.278282828282828909e+00 1.532640353174989922e-01 1.532640502006818450e-01 1.265411320793357330e-01 1.265412009903523205e-01
9.095353535353536856e+00 1.485551861580977351e-01 1.485552011890310109e-01 1.226017219771937811e-01 1.226017891721516151e-01
1.091242424242424391e+01 1.429569510063451732e-01 1.429569662881906011e-01 1.179354202555800979e-01 1.179354854638956090e-01
1.272949494949495097e+01 1.365562451911219721e-01 1.365562608577184367e-01 1.126245651641796380e-01 1.126246281689674972e-01
1.454656565656565803e+01 1.294503966308222509e-01 1.294504128430560286e-01 1.067613928415039604e-01 1.067614534793295267e-01
1.636363636363636331e+01 1.217449521795965633e-01 1.217449691184582100e-01 1.004459658685837586e-01 1.004460240255333758e-01
1.818070707070707215e+01 1.135514608260658753e-01 1.135514786826685441e-01 9.378407570705070417e-02 9.378413131136122127e-02
1.999777777777778098e+01 1.062943648596731683e-01 1.062943821053202592e-01 8.792618458401019188e-02 8.792623664081140877e-02
2.181484848484848627e+01 9.986649257318158668e-02 9.986650795074411557e-02 8.277311787219093775e-02 8.277316561971775899e-02
2.363191919191919510e+01 9.324015760991292978e-02 9.324017134167460197e-02 7.750917615463102928e-02 7.750921970927907023e-02
2.544898989898990393e+01 8.648296177348245573e-02 8.648297411366223653e-02 7.219779168434681260e-02 7.219783121788310443e-02
2.726606060606060922e+01 7.966109412896849040e-02 7.966110534960767209e-02 6.690110006783206442e-02 6.690113579386494647e-02
2.908313131313131805e+01 7.283862804035076688e-02 7.283863841678096807e-02 6.167926762334859092e-02 6.167929978310188188e-02
3.090020202020202333e+01 6.607694477130521271e-02 6.607695456775265763e-02 5.658993578853836748e-02 5.658996463648825748e-02
3.271727272727272862e+01 6.099814534712625497e-02 6.099815164124271910e-02 5.281308485206220177e-02 5.281310884723513371e-02
3.453434343434343390e+01 5.620428649569736423e-02 5.620428927209591280e-02 4.930303867775168158e-02 4.930305803023309064e-02
3.635141414141414629e+01 5.148645925038296961e-02 5.148645895643307741e-02 4.591251608309520477e-02 4.591253128077984330e-02
3.816848484848485157e+01 4.687240787892576338e-02 4.687240493734639440e-02 4.266744892253179766e-02 4.266746044573791613e-02
3.998555555555555685e+01 4.238872752864832755e-02 4.238872234734610001e-02 3.959243599055538992e-02 3.959244431729819907e-02
4.180262626262626924e+01 3.830848871838387487e-02 3.830848161535164303e-02 3.686806849420373733e-02 3.686807411633835629e-02
4.361969696969697452e+01 3.523437979603093184e-02 3.523437086623557729e-02 3.485518228001505125e-02 3.485518568448323085e-02
4.543676767676767980e+01 3.225010579683493250e-02 3.225009533371870490e-02 3.295695930924901623e-02 3.295696083960258926e-02
4.725383838383839219e+01 2.936711985975074685e-02 2.936710812997925593e-02 3.118372223653741518e-02 3.118372221485033249e-02
4.907090909090909747e+01 2.659567998720447843e-02 2.659566722760362684e-02 2.954464322167269993e-02 2.954464194482189776e-02
5.088797979797980275e+01 2.394488618252339079e-02 2.394487259808304735e-02 2.804777262155842832e-02 2.804777035853234929e-02
5.270505050505051514e+01 2.194605733791298377e-02 2.194604226790393756e-02 2.695703600207799075e-02 2.695703268686520243e-02
5.452212121212122042e+01 2.014044380872006060e-02 2.014042726611546194e-02 2.601436697498107908e-02 2.601436277002253106e-02
5.633919191919192571e+01 1.840834290193959014e-02 1.840832507627343170e-02 2.515881405882599425e-02 2.515880917727830735e-02
5.815626262626263809e+01 1.675609218283607288e-02 1.675607327720571998e-02 2.439427429106612311e-02 2.439426894000949753e-02
5.997333333333334338e+01 1.518320569149211353e-02 1.518318584451664767e-02 2.372142887566858552e-02 2.372142321546018631e-02
6.179040404040404866e+01 1.383296670474029599e-02 1.383294583296358973e-02 2.318808810094180953e-02 2.318808218774555396e-02
6.360747474747475394e+01 1.276590629807931691e-02 1.276588420099357413e-02 2.279508827036879140e-02 2.279508208719316364e-02
6.542454545454545212e+01 1.174559841377672935e-02 1.174557521191880831e-02 2.245667723852606476e-02 2.245667088339980966e-02
6.724161616161616450e+01 1.077302364366275120e-02 1.077299944601065734e-02 2.217327630969318994e-02 2.217326986653656712e-02
6.905868686868687689e+01 9.848916618100620260e-03 9.848891523540131629e-03 2.194504647122450317e-02 2.194504001157028192e-02
7.087575757575757507e+01 8.973781843621421103e-03 8.973755942552744114e-03 2.177190376904639818e-02 2.177189735397368209e-02
7.269282828282828746e+01 8.295767687779422722e-03 8.295740861666227317e-03 2.166312914231103767e-02 2.166312269026521298e-02
7.450989898989899984e+01 7.700998786521409331e-03 7.700971075397508581e-03 2.159261716360216452e-02 2.159261064828178062e-02
7.632696969696969802e+01 7.134419652152575349e-03 7.134391135293235292e-03 2.155366190440100721e-02 2.155365533304577641e-02
7.814404040404041041e+01 6.596034265877885432e-03 6.596005020171354441e-03 2.154576191869850624e-02 2.154575529632410738e-02
7.996111111111112280e+01 6.085746955227330779e-03 6.085717056293092619e-03 2.156830489897329853e-02 2.156829823035301408e-02
8.177818181818182097e+01 5.603369990036549675e-03 5.603339513290717805e-03 2.162057632283988923e-02 2.162056961446215744e-02
8.359525252525253336e+01 5.227977446943682556e-03 5.227946363602233200e-03 2.168004488369947719e-02 2.168003797389155690e-02
8.541232323232324575e+01 4.896023675155691986e-03 4.895992028612659169e-03 2.175093993215866314e-02 2.175093275511707711e-02
8.722939393939394392e+01 4.583353905612787098e-03 4.583321787260312939e-03 2.183710657846167982e-02 2.183709911984607274e-02
8.904646464646465631e+01 4.287470999711941524e-03 4.287438493119382320e-03 2.193831386674604741e-02 2.193830612319695034e-02
9.086353535353536870e+01 4.007035884378803633e-03 4.007003070436276036e-03 2.205422511022371579e-02 2.205421708996612579e-02
9.268060606060606688e+01 3.741764704974265450e-03 3.741731666666070748e-03 2.218410657823036841e-02 2.218409830007509603e-02
9.449767676767677926e+01 3.502936464729399825e-03 3.502903286031303163e-03 2.231928047639276241e-02 2.231927189942328749e-02
9.631474747474749165e+01 3.320347315446446276e-03 3.320314072367688656e-03 2.243321978745733969e-02 2.243321065918993384e-02
9.813181818181818983e+01 3.147548609869126567e-03 3.147515381820595141e-03 2.255330403301365402e-02 2.255329437652646429e-02
9.994888888888890222e+01 2.987020594150902476e-03 2.986987465532158371e-03 2.267629389337286194e-02 2.267628373784501966e-02
1.017659595959596146e+02 2.834677404900263348e-03 2.834644455607458757e-03 2.280462618320775597e-02 2.280461558144763340e-02
1.035830303030303128e+02 2.690305108263789033e-03 2.690272418730569378e-03 2.293774126915758965e-02 2.293773028820505697e-02
1.054001010101010252e+02 2.553681537505095907e-03 2.553649188392985523e-03 2.307507940397520579e-02 2.307506812495283000e-02
1.072171717171717376e+02 2.424577746175120632e-03 2.424545818016060877e-03 2.321608326960670696e-02 2.321607178735273988e-02
1.090342424242424357e+02 2.326005112992290350e-03 2.325973725901609064e-03 2.333006024702038647e-02 2.333004829136196487e-02
1.108513131313131481e+02 2.242503183426517322e-03 2.242472417893645164e-03 2.343134139966115276e-02 2.343132895966553234e-02
1.126683838383838605e+02 2.163258329097517835e-03 2.163228250005803065e-03 2.353282905997628599e-02 2.353281625058698326e-02
1.144854545454545587e+02 2.088148254218027012e-03 2.088118923990202411e-03 2.363418360075845992e-02 2.363417054835605796e-02
1.163025252525252711e+02 2.017050321185597048e-03 2.017021799373965377e-03 2.373507909726556633e-02 2.373506593839166262e-02
1.181195959595959835e+02 1.949842100179900641e-03 1.949814443058920516e-03 2.383520459444092576e-02 2.383519147436022334e-02
1.199366666666666816e+02 1.890001693734539960e-03 1.889974950998058725e-03 2.392771727413406380e-02 2.392770433599841762e-02
1.217537373737373940e+02 1.836326632785118245e-03 1.836300850146458784e-03 2.401354397039392671e-02 2.401353136424864976e-02
1.235708080808081064e+02 1.785886808793174995e-03 1.785862029334845573e-03 2.409737365701385831e-02 2.409736154320169660e-02
1.253878787878788046e+02 1.750636133339705022e-03 1.750612400126776678e-03 2.415667687907985597e-02 2.415666499391125668e-02
1.272049494949495170e+02 1.719762611941489999e-03 1.719739955435732560e-03 2.420971912447283242e-02 2.420970755635155902e-02
1.290220202020202294e+02 1.692075142206011856e-03 1.692053584349583048e-03 2.425811991436518239e-02 2.425810882386260706e-02
1.308390909090909133e+02 1.673216533924843296e-03 1.673196081242813099e-03 2.428942834487062691e-02 2.428941787500092306e-02
1.326561616161616257e+02 1.656174091414854043e-03 1.656154755015686432e-03 2.431810201513064443e-02 2.431809232078976923e-02
1.344732323232323381e+02 1.640899601536496095e-03 1.640881386228051344e-03 2.434416660723104017e-02 2.434415783634524127e-02
1.362903030303030505e+02 1.627343289733750942e-03 1.627326194040153856e-03 2.436766774486848544e-02 2.436766003657964488e-02
1.381073737373737345e+02 1.615453289059655536e-03 1.615437305287792391e-03 2.438867035337261360e-02 2.438866383632277285e-02
1.399244444444444753e+02 1.612557908472977974e-03 1.612543016168703882e-03 2.439055783379927983e-02 2.439055258502800805e-02
1.417415151515151592e+02 1.613766802369501338e-03 1.613752977928359150e-03 2.438422859289779768e-02 2.438422470012386462e-02
1.435585858585858716e+02 1.616288292013062615e-03 1.616275508271314276e-03 2.437600383465823861e-02 2.437600138515609582e-02
1.453756565656565840e+02 1.620043774303462540e-03 1.620031998658968313e-03 2.436609070800168156e-02 2.436608977327626990e-02
1.471927272727272964e+02 1.626750344179342519e-03 1.626739550931992828e-03 2.435117505388468412e-02 2.435117559783227248e-02
1.490097979797979804e+02 1.640151602486153914e-03 1.640141778022218390e-03 2.432380844701045181e-02 2.432381027531020992e-02
1.508268686868687212e+02 1.665877913859466902e-03 1.665868975298451194e-03 2.427078481753777370e-02 2.427078795428903868e-02
1.526439393939394051e+02 1.691971326097152549e-03 1.691963223067696146e-03 2.421886647054361658e-02 2.421887093696601517e-02
1.544610101010101175e+02 1.718221222587923164e-03 1.718213901580398781e-03 2.416839082602982927e-02 2.416839662600613406e-02
1.562780808080808299e+02 1.744398395017449609e-03 1.744391800057786164e-03 2.411969204314180076e-02 2.411969916358534111e-02
1.580951515151515423e+02 1.770256260366867606e-03 1.770250333703264796e-03 2.407309756840955370e-02 2.407310597985872630e-02
1.599122222222222263e+02 1.795532824012054844e-03 1.795527506800893673e-03 2.402892460891113344e-02 2.402893426633537916e-02
1.617292929292929671e+02 1.825562265068129096e-03 1.825557483718167956e-03 2.397656176720669441e-02 2.397657259560217330e-02
1.635463636363636510e+02 1.862114651991709753e-03 1.862110327695833080e-03 2.391300006242588760e-02 2.391301196769866216e-02
1.653634343434343634e+02 1.896383376392769783e-03 1.896379452861957473e-03 2.385517922306311031e-02 2.385519212236529227e-02
1.671805050505050758e+02 1.927927686589189001e-03 1.927924109262688871e-03 2.380339526985578505e-02 2.380340907000353529e-02
1.689975757575757882e+02 1.956321262646429360e-03 1.956317979040875666e-03 2.375791372870644791e-02 2.375792832756990977e-02
1.708146464646464722e+02 1.981162908254346586e-03 1.981159868167929172e-03 2.371896760934818008e-02 2.371898289723545217e-02
1.726317171717172130e+02 2.002087631188446178e-03 2.002084786745797745e-03 2.368675588793015332e-02 2.368677174893227613e-02
1.744487878787878969e+02 2.018777585133999658e-03 2.018774890665972054e-03 2.366144247147135629e-02 2.366145878474325975e-02
1.762658585858586093e+02 2.030972269288780323e-03 2.030969681052114100e-03 2.364315557843942039e-02 2.364317221940278463e-02
1.780829292929293217e+02 2.038477355448580202e-03 2.038474831202579610e-03 2.363198743591507153e-02 2.363200427738128273e-02
1.799000000000000057e+02 2.041171548127392044e-03 2.041169046596832092e-03 2.362799417806936073e-02 2.362801109129361241e-02
