# E' [MeV], IA + Unevolved [fm], IA + Evolved [fm], FSI + Unevolved [fm], FSI + Evolved [fm]
# 
1.000000000000000000e+01 6.811454602798646007e+00 6.811454878494408227e+00 4.864516662981836603e+00 4.864516784189966359e+00
1.106060606060606055e+01 6.721725362214844957e+00 6.721725657293621481e+00 4.938112862503221123e+00 4.938113371632887549e+00
1.212121212121212110e+01 6.600772267755397493e+00 6.600772566049836421e+00 4.969511454501541969e+00 4.969512476075876428e+00
1.318181818181818166e+01 6.456011737099440317e+00 6.456012036319858538e+00 4.961526203843726002e+00 4.961526544270212113e+00
1.424242424242424221e+01 6.312606425102245566e+00 6.312606682558085325e+00 4.939978920769219961e+00 4.939979517519208052e+00
1.530303030303030276e+01 6.155573212513887782e+00 6.155573446996360332e+00 4.891769050170929667e+00 4.891770039830543482e+00
1.636363636363636331e+01 5.988387127570149460e+00 5.988387342226941357e+00 4.822246838100016753e+00 4.822248222005883100e+00
1.742424242424242209e+01 5.814267464329173407e+00 5.814267661580656110e+00 4.740831104519283912e+00 4.740831855129004957e+00
1.848484848484848442e+01 5.635130710013393163e+00 5.635130892710957795e+00 4.645464591229099049e+00 4.645465602611693612e+00
1.954545454545454675e+01 5.453001544586784988e+00 5.453001695722966780e+00 4.538424986969150865e+00 4.538426288664857644e+00
2.060606060606060552e+01 5.269325304252244102e+00 5.269325413550700610e+00 4.421036059419267694e+00 4.421037631700346360e+00
2.166666666666666430e+01 5.085308701910162377e+00 5.085308786371283141e+00 4.298600407760903686e+00 4.298601347640865988e+00
2.272727272727272663e+01 4.902150301537668398e+00 4.902150364643580005e+00 4.171093878554579248e+00 4.171094933080755851e+00
2.378787878787878896e+01 4.739222947592626412e+00 4.739223002121195627e+00 4.057870113667923384e+00 4.057871347994002953e+00
2.484848484848484773e+01 4.587635768260437175e+00 4.587635819570077267e+00 3.951890208114273495e+00 3.951891646338758779e+00
2.590909090909090651e+01 4.437297591347048709e+00 4.437297645623038633e+00 3.844534350604007056e+00 3.844535530102147991e+00
2.696969696969696884e+01 4.288519978388246834e+00 4.288520054092221478e+00 3.735731009514031253e+00 3.735732229809121563e+00
2.803030303030303116e+01 4.141934602381586394e+00 4.141934705313218501e+00 3.624119972407061852e+00 3.624121292337589839e+00
2.909090909090908994e+01 3.997575918337781253e+00 3.997576057428808394e+00 3.511001582514867714e+00 3.511003040516113671e+00
3.015151515151514872e+01 3.855853405191973948e+00 3.855853585268591122e+00 3.398058801016911712e+00 3.398060416504942172e+00
3.121212121212121104e+01 3.716938394181590333e+00 3.716938609409573768e+00 3.285676403549382396e+00 3.285678174956575326e+00
3.227272727272727337e+01 3.580915474319815939e+00 3.580915720311071748e+00 3.174837980174636254e+00 3.174839589114101024e+00
3.333333333333332860e+01 3.448006384020831927e+00 3.448006660886947294e+00 3.067141337652449451e+00 3.067143003179123362e+00
3.439393939393939092e+01 3.318155327421369538e+00 3.318155651112379090e+00 2.959806959960182837e+00 2.959808718206832445e+00
3.545454545454545325e+01 3.191594247264784023e+00 3.191594612625623384e+00 2.853777568988011382e+00 2.853779428175295507e+00
3.651515151515151558e+01 3.070704937775240229e+00 3.070705343682270438e+00 2.751188807126977665e+00 2.751190773226872111e+00
3.757575757575757791e+01 2.972404315943863562e+00 2.972404791196816554e+00 2.668634980415401703e+00 2.668637088580882555e+00
3.863636363636363313e+01 2.876275334891967184e+00 2.876275880367138882e+00 2.586945111740579950e+00 2.586947230758785743e+00
3.969696969696969546e+01 2.782281925919405374e+00 2.782282539858141224e+00 2.508218672622629430e+00 2.508220860283710607e+00
4.075757575757575779e+01 2.690503880184040408e+00 2.690504557819662690e+00 2.430178072782167575e+00 2.430180335856536811e+00
4.181818181818181301e+01 2.600892413779713586e+00 2.600893150925096098e+00 2.353135951281734251e+00 2.353138292515968732e+00
4.287878787878787534e+01 2.513454524768512943e+00 2.513455322895373989e+00 2.277321906187687706e+00 2.277324331964525328e+00
4.393939393939393767e+01 2.428244733654278509e+00 2.428245590064289861e+00 2.202808383879584664e+00 2.202810894618892235e+00
4.500000000000000000e+01 2.345171116083714757e+00 2.345172029854512896e+00 2.129626494004376536e+00 2.129629091028371501e+00
4.606060606060606233e+01 2.264289108690935581e+00 2.264290073197384512e+00 2.057652986188521549e+00 2.057655669014434974e+00
4.712121212121211755e+01 2.185524754391467095e+00 2.185525767688430765e+00 1.988777742390911873e+00 1.988780463271397014e+00
4.818181818181817988e+01 2.108890976394389050e+00 2.108892041524708993e+00 1.920851023122383205e+00 1.920853785670606939e+00
4.924242424242424221e+01 2.034364394499315942e+00 2.034365506229733889e+00 1.854370623854138644e+00 1.854373424323337849e+00
5.030303030303029743e+01 1.961871343749692853e+00 1.961872501743894714e+00 1.789387997205880820e+00 1.789390836176866006e+00
5.136363636363635976e+01 1.891431126436966315e+00 1.891432326847990231e+00 1.726055836709614377e+00 1.726058712022839448e+00
5.242424242424242209e+01 1.822971460162796431e+00 1.822972699366282257e+00 1.664451742612781171e+00 1.664454653149135321e+00
5.348484848484848442e+01 1.756476361126071195e+00 1.756477638414887466e+00 1.604359329492983877e+00 1.604362277162906913e+00
5.454545454545454675e+01 1.699240997929092112e+00 1.699242298910685900e+00 1.552205270956039218e+00 1.552208322909856442e+00
5.560606060606060197e+01 1.648351646974351326e+00 1.648352960377408083e+00 1.506922983678316452e+00 1.506926047235783495e+00
5.666666666666666430e+01 1.598752447240458840e+00 1.598753775001203303e+00 1.462406783199693194e+00 1.462409855792747182e+00
5.772727272727272663e+01 1.550379329761695013e+00 1.550380670806858152e+00 1.418875359569107264e+00 1.418878436190895043e+00
5.878787878787878185e+01 1.503216854841254779e+00 1.503218206032363558e+00 1.376311295019478464e+00 1.376314369316053110e+00
5.984848484848484418e+01 1.457240501161777058e+00 1.457241863198480258e+00 1.334700806803744477e+00 1.334703876678216661e+00
6.090909090909090651e+01 1.412433146405952300e+00 1.412434519283344958e+00 1.293900922974979606e+00 1.293903985313555438e+00
6.196969696969696884e+01 1.368796830214979332e+00 1.368798215289300124e+00 1.254015874330929314e+00 1.254018928671262412e+00
6.303030303030303116e+01 1.326286112679621265e+00 1.326287512923792766e+00 1.214295768281373755e+00 1.214298906057843741e+00
6.409090909090909349e+01 1.284892001980151743e+00 1.284893414170309223e+00 1.176660625526398718e+00 1.176663775063906181e+00
6.515151515151515582e+01 1.244580597641282704e+00 1.244582020808308487e+00 1.139960535054889368e+00 1.139963689927424140e+00
6.621212121212121815e+01 1.205333080938177703e+00 1.205334513958715714e+00 1.104143490726810173e+00 1.104146645729882970e+00
6.727272727272726627e+01 1.167135795041128077e+00 1.167137236193442007e+00 1.069184195448118935e+00 1.069187345097938557e+00
6.833333333333332860e+01 1.129955569345423738e+00 1.129957018025440796e+00 1.035151418589576489e+00 1.035154558121114565e+00
6.939393939393939092e+01 1.093777323622964204e+00 1.093778781321259830e+00 1.001957683658350362e+00 1.001960810856552975e+00
7.045454545454545325e+01 1.058571421756479447e+00 1.058572889472034984e+00 9.695418449617725365e-01 9.695449578950919856e-01
7.151515151515151558e+01 1.024321058231046022e+00 1.024322534733023149e+00 9.379096835777304131e-01 9.379127784837004711e-01
7.257575757575756370e+01 9.910063196169984767e-01 9.910078043449286334e-01 9.070877994594338523e-01 9.070908741460653735e-01
7.363636363636362603e+01 9.586045442318467114e-01 9.586060355449190773e-01 8.767290251225826614e-01 8.767321740457265644e-01
7.469696969696968836e+01 9.271071556017593807e-01 9.271086506925784176e-01 8.477196379612198518e-01 8.477227838087479928e-01
7.575757575757575069e+01 8.964781038805481606e-01 8.964796010368215606e-01 8.194728770742615298e-01 8.194760131096794353e-01
7.681818181818181301e+01 8.689995416735770695e-01 8.690010451417832238e-01 7.941718700030080402e-01 7.941749979077233901e-01
7.787878787878787534e+01 8.455191569853190980e-01 8.455206692732042395e-01 7.726267478714647918e-01 7.726298697618746436e-01
7.893939393939393767e+01 8.226031103438677938e-01 8.226046321616440338e-01 7.515477591086628939e-01 7.515508724343296088e-01
8.000000000000000000e+01 8.002454185504062067e-01 8.002469486072573135e-01 7.309533798692297024e-01 7.309564803505239627e-01
8.106060606060606233e+01 7.784238754197015941e-01 7.784254121002649462e-01 7.108113451614946898e-01 7.108144284645052657e-01
8.212121212121212466e+01 7.571334238439735298e-01 7.571349650414634924e-01 6.910833396329933986e-01 6.910864019373246236e-01
8.318181818181817277e+01 7.363583459375436790e-01 7.363598902565325899e-01 6.717878773856817975e-01 6.717909157614692095e-01
8.424242424242423510e+01 7.160878472623686264e-01 7.160893955179236103e-01 6.525275722227105168e-01 6.525306766541778547e-01
8.530303030303029743e+01 6.963102758030194073e-01 6.963118287339435941e-01 6.343250623751489625e-01 6.343281727597809283e-01
8.636363636363635976e+01 6.770152471663719584e-01 6.770168040943245202e-01 6.165575236871153608e-01 6.165606335516344849e-01
8.742424242424242209e+01 6.581979832343367587e-01 6.581995428550071470e-01 5.992411337221729140e-01 5.992442368751030868e-01
8.848484848484848442e+01 6.398423413116289815e-01 6.398439025094807553e-01 5.823483067820041104e-01 5.823513975386043207e-01
8.954545454545454675e+01 6.219392835058360491e-01 6.219408458114598082e-01 5.658443422936844103e-01 5.658474162129737417e-01
9.060606060606059486e+01 6.044780802268510111e-01 6.044796426667096156e-01 5.497453921847250680e-01 5.497484448450190575e-01
9.166666666666665719e+01 5.874502369970719950e-01 5.874517998222819060e-01 5.340460045640392783e-01 5.340490332132430407e-01
9.272727272727271952e+01 5.708487601984636450e-01 5.708503235530212327e-01 5.187583609503757520e-01 5.187613630966605438e-01
9.378787878787878185e+01 5.546602230574253500e-01 5.546617869290390024e-01 5.038612126466757157e-01 5.038641859645202059e-01
9.484848484848484418e+01 5.388760909948809852e-01 5.388776545323880063e-01 4.892285756922644668e-01 4.892315171344390756e-01
9.590909090909090651e+01 5.234867448023745595e-01 5.234883072206085730e-01 4.746660959017510728e-01 4.746690744665442718e-01
9.696969696969696884e+01 5.084854413333507184e-01 5.084870017702486367e-01 4.608288059015589466e-01 4.608317788282393912e-01
9.803030303030303116e+01 4.938636521028272885e-01 4.938652098258604073e-01 4.473380013949314060e-01 4.473409636276711177e-01
9.909090909090909349e+01 4.796099659406636295e-01 4.796115209723136319e-01 4.341859239579018426e-01 4.341888716941212367e-01
1.001515151515151416e+02 4.657129402229527315e-01 4.657144928411195983e-01 4.213177178912824172e-01 4.213206479819365802e-01
1.012121212121212039e+02 4.521680351964699751e-01 4.521695846689516296e-01 4.087618364525280601e-01 4.087647452719824770e-01
1.022727272727272663e+02 4.389699838120563746e-01 4.389715298009857491e-01 3.965247968462107808e-01 3.965276815806582644e-01
1.033333333333333286e+02 4.261091377271540304e-01 4.261106802390276505e-01 3.845989112280273070e-01 3.846017698119307271e-01
1.043939393939393909e+02 4.135764951814887014e-01 4.135780335232910887e-01 3.729754696673324155e-01 3.729782995064819251e-01
1.054545454545454533e+02 4.033781400782213700e-01 4.033796752712117684e-01 3.635505074023647198e-01 3.635533114205865557e-01
1.065151515151515156e+02 3.936425042998389356e-01 3.936440362919370606e-01 3.545615295725135785e-01 3.545643066303906243e-01
1.075757575757575637e+02 3.841234665085830335e-01 3.841249953898892011e-01 3.457770202910120938e-01 3.457797690966241677e-01
1.086363636363636260e+02 3.748163672656185108e-01 3.748178918670515558e-01 3.369531522206380969e-01 3.369559295112173336e-01
1.096969696969696884e+02 3.657168431083986926e-01 3.657183631239975807e-01 3.286250944289068054e-01 3.286278659337483754e-01
1.107575757575757507e+02 3.568205271583970162e-01 3.568220419297889467e-01 3.204869844611663576e-01 3.204897462412491516e-01
1.118181818181818130e+02 3.481230675349770154e-01 3.481245770468781586e-01 3.125230434095606635e-01 3.125257921744117873e-01
1.128787878787878753e+02 3.396202678873515568e-01 3.396217721627091679e-01 3.047268132955647801e-01 3.047295460810298673e-01
1.139393939393939377e+02 3.313080131789296057e-01 3.313095120049043829e-01 2.971037762493963785e-01 2.971064903536393409e-01
1.150000000000000000e+02 3.231799966249023215e-01 3.231814897669357256e-01 2.896484545892852314e-01 2.896511476073703184e-01
