# theta' [deg], IA + Unevolved [fm], IA + Evolved [fm], FSI + Unevolved [fm], FSI + Evolved [fm]
# 
1.000000000000000021e-02 9.418471555462862429e-04 9.464716541822379469e-04 1.262832491041653059e-03 1.270543905611474979e-03
1.827070707070707289e+00 9.390785170278154008e-04 9.436311746906466107e-04 1.259706824016427118e-03 1.267338789217077339e-03
3.644141414141414792e+00 9.308714719264001925e-04 9.352114512573816421e-04 1.250442081306383114e-03 1.257838915113997005e-03
5.461212121212121851e+00 9.173407989858528436e-04 9.213310604725544325e-04 1.235169435913406220e-03 1.242179861461285926e-03
7.278282828282828909e+00 8.986763406534008323e-04 9.021860922641289793e-04 1.214104865541437055e-03 1.220584835958477606e-03
9.095353535353536856e+00 8.751411770343563200e-04 8.780482165107392212e-04 1.187545718610604536e-03 1.193361094596286955e-03
1.091242424242424391e+01 8.470689553663679136e-04 8.492618661397242051e-04 1.155865999387757290e-03 1.160895028758547522e-03
1.272949494949495097e+01 8.148602984791273067e-04 8.162404641081639871e-04 1.119510469573983856e-03 1.123646025536853728e-03
1.454656565656565803e+01 7.789782394238883162e-04 7.794616465797621265e-04 1.078987698729642723e-03 1.082139242632927829e-03
1.636363636363636331e+01 7.399426727634144741e-04 7.394614790174547847e-04 1.034862230991618953e-03 1.036957475292351943e-03
1.818070707070707215e+01 6.983238689002552830e-04 6.968277186818660953e-04 9.877460668377617374e-04 9.887323244671709921e-04
1.999777777777778098e+01 6.547351573721490970e-04 6.521922371264272239e-04 9.382896822483346782e-04 9.381348988919486955e-04
2.181484848484848627e+01 6.144612872346720935e-04 6.108830226296675615e-04 8.918686777674312421e-04 8.906016860514156348e-04
2.363191919191919510e+01 5.782184631649385032e-04 5.736224861997250976e-04 8.492917020337414262e-04 8.469523617832027795e-04
2.544898989898990393e+01 5.412696701318013255e-04 5.356578530936739746e-04 8.058080309471981261e-04 8.024054212772392886e-04
2.726606060606060922e+01 5.040475489148180934e-04 4.974369557549205992e-04 7.618750590728441295e-04 7.574347681227121092e-04
2.908313131313131805e+01 4.669889277959201647e-04 4.594117377929226318e-04 7.179475541595652707e-04 7.125114005449147093e-04
3.090020202020202333e+01 4.316617771763796882e-04 4.231666968542643361e-04 6.756573505829842731e-04 6.692897478734481697e-04
3.271727272727272862e+01 4.028418369429915017e-04 3.934834370330367401e-04 6.400662876624922497e-04 6.328612580716783641e-04
3.453434343434343390e+01 3.745342326599285297e-04 3.643609723207694596e-04 6.049547672379734526e-04 5.969744808760018943e-04
3.635141414141414629e+01 3.469782473226195891e-04 3.360456885263679041e-04 5.705648791690833129e-04 5.618778043709687182e-04
3.816848484848485157e+01 3.204265233228825987e-04 3.088002368374728355e-04 5.371511356882598164e-04 5.278356779924003308e-04
3.998555555555555685e+01 2.981073840138113475e-04 2.858382284440391403e-04 5.082687670673338926e-04 4.984107051831962541e-04
4.180262626262626924e+01 2.778598874132545715e-04 2.649983978426786817e-04 4.816370178566908812e-04 4.713096295862398010e-04
4.361969696969697452e+01 2.584678910637433166e-04 2.450774484292672010e-04 4.559142083642157188e-04 4.451938418555216321e-04
4.543676767676767980e+01 2.400651301159931477e-04 2.262152714487725190e-04 4.312329666113797855e-04 4.202013946365483043e-04
4.725383838383839219e+01 2.243094561129124504e-04 2.100448286688445863e-04 4.095475408482509108e-04 3.982798552499180588e-04
4.907090909090909747e+01 2.102859402025551575e-04 1.956517395212676290e-04 3.898785282214507070e-04 3.784429034554139351e-04
5.088797979797980275e+01 1.970096791502081552e-04 1.820687801724995940e-04 3.710671236100267180e-04 3.595367203643389615e-04
5.270505050505051514e+01 1.845448248603779999e-04 1.693637338922303912e-04 3.531776119397119938e-04 3.416280791427676053e-04
5.452212121212122042e+01 1.738938833278638404e-04 1.584965282352924706e-04 3.375215342273627829e-04 3.260055668111585354e-04
5.633919191919192571e+01 1.642364244168259611e-04 1.486626597831463377e-04 3.231308919349556671e-04 3.117044205394467406e-04
5.815626262626263809e+01 1.551716116873749958e-04 1.394835715847023724e-04 3.094875910013644921e-04 2.982185648563689235e-04
5.997333333333334338e+01 1.467259964248516753e-04 1.309889408065241978e-04 2.966212650969114414e-04 2.855789437920760489e-04
6.179040404040404866e+01 1.395040599830858112e-04 1.237239712656893300e-04 2.854486889770733592e-04 2.746643924187525338e-04
6.360747474747475394e+01 1.327943997292331286e-04 1.170160535080419701e-04 2.750110387947370897e-04 2.645346435421180040e-04
6.542454545454545212e+01 1.265118622378940078e-04 1.107879961482352511e-04 2.651838141262133288e-04 2.550685368197014346e-04
6.724161616161616450e+01 1.206912571983202726e-04 1.050736088804154762e-04 2.560228915643320284e-04 2.463202660564715180e-04
6.905868686868687689e+01 1.156136571090527235e-04 1.001110867865008010e-04 2.480509889539646035e-04 2.387827876746349538e-04
7.087575757575757507e+01 1.108357604545248226e-04 9.549444185677202757e-05 2.405803204675924082e-04 2.317879866978892552e-04
7.269282828282828746e+01 1.063599889291050852e-04 9.122591914123084021e-05 2.336169405623416014e-04 2.253401126713818349e-04
7.450989898989899984e+01 1.022270405543599959e-04 8.733745333997828967e-05 2.272422534396735213e-04 2.195118736784413399e-04
7.632696969696969802e+01 9.849461561828475238e-05 8.386343609410445163e-05 2.216228302581095370e-04 2.144487579051380943e-04
7.814404040404041041e+01 9.497699746980691295e-05 8.064926999643449112e-05 2.164419935827125482e-04 2.098566731090281419e-04
7.996111111111112280e+01 9.167098516012584864e-05 7.768475401691991627e-05 2.116920110607495981e-04 2.057199717785153912e-04
8.177818181818182097e+01 8.860124771024062613e-05 7.498618783912700079e-05 2.074292501925725470e-04 2.020840564617697741e-04
8.359525252525253336e+01 8.577388018550883566e-05 7.254495329492231912e-05 2.037026531736967387e-04 1.989796152224375359e-04
8.541232323232324575e+01 8.309165955635523164e-05 7.028813677519686967e-05 2.003632419313411774e-04 1.962828078244543723e-04
8.722939393939394392e+01 8.055901302355753251e-05 6.821021720094444442e-05 1.974019308113008286e-04 1.939735363242525679e-04
8.904646464646465631e+01 7.818738849799724286e-05 6.631769902123737343e-05 1.948412806473593154e-04 1.920646408663968525e-04
9.086353535353536870e+01 7.598605414939263913e-05 6.461115935967136879e-05 1.927107352271695815e-04 1.905677024099087136e-04
9.268060606060606688e+01 7.388255377455582888e-05 6.302916808272412638e-05 1.909251312622164477e-04 1.894196384673494890e-04
9.449767676767677926e+01 7.188361599970838464e-05 6.157227827590832433e-05 1.894813490196322573e-04 1.886100519051552753e-04
9.631474747474749165e+01 6.999505209741402573e-05 6.024110995088392953e-05 1.883791985028096690e-04 1.881321883148621651e-04
9.813181818181818983e+01 6.824972495944428596e-05 5.907011908828538430e-05 1.876515639461846688e-04 1.879977682923702847e-04
9.994888888888890222e+01 6.656824985827343845e-05 5.797756601443264081e-05 1.872373496621746044e-04 1.881675453704133966e-04
1.017659595959596146e+02 6.496230538485373615e-05 5.696953551999484061e-05 1.871357997612500942e-04 1.886344799987551765e-04
1.035830303030303128e+02 6.344429592207954938e-05 5.605244983993098215e-05 1.873477103219159585e-04 1.893928847900663327e-04
1.054001010101010252e+02 6.203620080864034620e-05 5.525535592118720196e-05 1.878817256906278280e-04 1.904435962485143672e-04
1.072171717171717376e+02 6.068167058890918742e-05 5.452244109046596864e-05 1.887072813814138638e-04 1.917635316413446225e-04
1.090342424242424357e+02 5.939073045531595646e-05 5.384893817621790935e-05 1.898196957104685164e-04 1.933445814474939639e-04
1.108513131313131481e+02 5.817867398182633354e-05 5.324486376673760643e-05 1.912210233622978997e-04 1.951837244948112894e-04
1.126683838383838605e+02 5.704514805854783043e-05 5.270692669920063215e-05 1.929067100462119439e-04 1.972742108024044176e-04
1.144854545454545587e+02 5.595348639141114723e-05 5.222431786037714553e-05 1.948434250483922531e-04 1.995930348985311929e-04
1.163025252525252711e+02 5.494157214885911448e-05 5.180950583793847604e-05 1.970459897759136217e-04 2.021453224645806013e-04
1.181195959595959835e+02 5.400893935665787668e-05 5.145249985023082158e-05 1.995088437442534891e-04 2.049220855544131776e-04
1.199366666666666816e+02 5.314824410739276713e-05 5.114381990153886193e-05 2.022189859195717531e-04 2.079094317701741840e-04
1.217537373737373940e+02 5.227606294827374223e-05 5.080324882251169549e-05 2.051018765698724199e-04 2.110373578905437987e-04
1.235708080808081064e+02 5.151514665818830350e-05 5.056133941061720529e-05 2.082285578043452476e-04 2.143789861819996826e-04
1.253878787878788046e+02 5.086430114121498459e-05 5.041340677424379155e-05 2.115897706615474188e-04 2.179266386300159086e-04
1.272049494949495170e+02 5.027137957854415403e-05 5.029023083772565821e-05 2.151344485256017410e-04 2.216205122364621591e-04
1.290220202020202294e+02 4.968284806925383666e-05 5.013826989216636863e-05 2.187893559720663534e-04 2.253879530847506497e-04
1.308390909090909133e+02 4.919331550007737257e-05 5.004628565758667758e-05 2.226276830033654887e-04 2.292981830132933348e-04
1.326561616161616257e+02 4.880172081511244156e-05 5.001173358806836272e-05 2.266352329201034395e-04 2.333368923618075520e-04
1.344732323232323381e+02 4.848584676318506943e-05 5.002683174824737569e-05 2.307587900303559292e-04 2.374663687205165008e-04
1.362903030303030505e+02 4.822200379095434661e-05 5.007021093237752163e-05 2.349352960077325122e-04 2.416291765241400456e-04
1.381073737373737345e+02 4.807191149650841272e-05 5.018226578820592619e-05 2.392377331757442917e-04 2.458799533303881644e-04
1.399244444444444753e+02 4.803172736503057329e-05 5.035899678730646460e-05 2.436478000988142082e-04 2.502012739596801085e-04
1.417415151515151592e+02 4.806823907113600379e-05 5.056662966113819468e-05 2.480927100752734781e-04 2.545200683380624183e-04
1.435585858585858716e+02 4.813569396057360212e-05 5.075722916286030056e-05 2.524471820334947677e-04 2.587081836476189394e-04
1.453756565656565840e+02 4.832553285042630109e-05 5.102515799274410477e-05 2.568563769905821657e-04 2.629165525467558827e-04
1.471927272727272964e+02 4.862856801523541531e-05 5.136287914590304980e-05 2.612973300922876124e-04 2.671246378829773816e-04
1.490097979797979804e+02 4.906770234091423053e-05 5.181693237303823231e-05 2.657807424990720662e-04 2.713772488257287395e-04
1.508268686868687212e+02 4.955883268610909270e-05 5.228275057483146608e-05 2.700610537639020641e-04 2.754019113502127313e-04
1.526439393939394051e+02 5.014837991481439907e-05 5.280726359147520986e-05 2.742641805481181518e-04 2.793238752671277597e-04
1.544610101010101175e+02 5.083572714260574095e-05 5.339564290502416596e-05 2.784152143676878362e-04 2.831746743266646800e-04
1.562780808080808299e+02 5.160186656713456737e-05 5.403334594774872183e-05 2.824835438242206671e-04 2.869282120390956336e-04
1.580951515151515423e+02 5.242695233850590248e-05 5.470546878970585132e-05 2.864374756952892663e-04 2.905577182206215293e-04
1.599122222222222263e+02 5.329495510237543851e-05 5.539458076061579839e-05 2.901312680083932062e-04 2.939153927471975644e-04
1.617292929292929671e+02 5.420789613070545984e-05 5.610734821065040102e-05 2.935419671085814507e-04 2.969827789263471932e-04
1.635463636363636510e+02 5.514163831245776705e-05 5.683333674642557416e-05 2.967686793583138418e-04 2.998731708177792264e-04
1.653634343434343634e+02 5.606817151431951719e-05 5.755099959356678338e-05 2.997758722455188770e-04 3.025572901690171883e-04
1.671805050505050758e+02 5.696050249932400135e-05 5.823980404326941290e-05 3.025289656562181700e-04 3.050067862831964570e-04
1.689975757575757882e+02 5.779315952254616723e-05 5.888057542833665856e-05 3.049949902130166726e-04 3.071947450325152279e-04
1.708146464646464722e+02 5.854270457123894036e-05 5.945583680178081446e-05 3.071432960099191147e-04 3.090962366079650150e-04
1.726317171717172130e+02 5.918823579427427971e-05 5.995013372161613719e-05 3.089462828406661370e-04 3.106888795962663651e-04
1.744487878787878969e+02 5.971186080921404821e-05 6.035033325867803530e-05 3.103801167445210799e-04 3.119533941954413846e-04
1.762658585858586093e+02 6.009912084794551682e-05 6.064588663077463774e-05 3.114253937670039148e-04 3.128741144188091033e-04
1.780829292929293217e+02 6.033934634903077398e-05 6.082904574523135697e-05 3.120677111221618807e-04 3.134394286476501900e-04
1.799000000000000057e+02 6.042592674333245660e-05 6.089502537462043350e-05 3.122981089842132799e-04 3.136421202750209439e-04
