# theta' [deg], IA + Unevolved [fm], IA + Evolved [fm], FSI + Unevolved [fm], FSI + Evolved [fm]
# 
1.000000000000000021e-02 9.418471555461307683e-04 1.073973089085889909e-03 1.262832491041508860e-03 1.408829156606207283e-03
1.827070707070707289e+00 9.390785170276592757e-04 1.069861596317101676e-03 1.259706824016281835e-03 1.404381350019900769e-03
3.644141414141414792e+00 9.308714719262422242e-04 1.057688056863637267e-03 1.250442081306236096e-03 1.391212461399429475e-03
5.461212121212121851e+00 9.173407989856916227e-04 1.037664173585100928e-03 1.235169435913255950e-03 1.369552492734986285e-03
7.278282828282828909e+00 8.986763406532347325e-04 1.010137751310377554e-03 1.214104865541281797e-03 1.339778391227500068e-03
9.095353535353536856e+00 8.751411770341861003e-04 9.755860831987398559e-04 1.187545718610444724e-03 1.302405600671346832e-03
1.091242424242424391e+01 8.470689553661922729e-04 9.346069804420257870e-04 1.155865999387591840e-03 1.258076760433506644e-03
1.272949494949495097e+01 8.148602984789468954e-04 8.879077177978132208e-04 1.119510469573813203e-03 1.207548024630849572e-03
1.454656565656565803e+01 7.789782394237015082e-04 8.362922294562866350e-04 1.078987698729464914e-03 1.151673548828687334e-03
1.636363636363636331e+01 7.399426727632223534e-04 7.806469383016805680e-04 1.034862230991435072e-03 1.091388730228808187e-03
1.818070707070707215e+01 6.983238689000590424e-04 7.219256333079501330e-04 9.877460668375730862e-04 1.027692790206235704e-03
1.999777777777778098e+01 6.547351573719494954e-04 6.611338222110347716e-04 9.382896822481412566e-04 9.616312586083319153e-04
2.181484848484848627e+01 6.144612872344786718e-04 6.051196885205440638e-04 8.918686777672431331e-04 9.002157959317241744e-04
2.363191919191919510e+01 5.782184631647603688e-04 5.548452439492500060e-04 8.492917020335666528e-04 8.445161096117464539e-04
2.544898989898990393e+01 5.412696701316377194e-04 5.044929398900223046e-04 8.058080309470365800e-04 7.886261309694150628e-04
2.726606060606060922e+01 5.040475489146689072e-04 4.547482055124552969e-04 7.618750590726954854e-04 7.332548391696520852e-04
2.908313131313131805e+01 4.669889277957848021e-04 4.062815477040860592e-04 7.179475541594293117e-04 6.790886448191223602e-04
3.090020202020202333e+01 4.316617771762566312e-04 3.612115498229202738e-04 6.756573505828600236e-04 6.283362275502421676e-04
3.271727272727272862e+01 4.028418369428794494e-04 3.256493715001443530e-04 6.400662876623790590e-04 5.875119981885244379e-04
3.453434343434343390e+01 3.745342326598262894e-04 2.917083216836344889e-04 6.049547672378698029e-04 5.483439924250227675e-04
3.635141414141414629e+01 3.469782473225265103e-04 2.597307636836118541e-04 5.705648791689893126e-04 5.111754270907563130e-04
3.816848484848485157e+01 3.204265233227968925e-04 2.300313153742467986e-04 5.371511356881738392e-04 4.763184511794505598e-04
3.998555555555555685e+01 2.981073840137247197e-04 2.068166694681777731e-04 5.082687670672472648e-04 4.483826551159177218e-04
4.180262626262626924e+01 2.778598874131644201e-04 1.869986023740135585e-04 4.816370178566011092e-04 4.240878816362339283e-04
4.361969696969697452e+01 2.584678910636504004e-04 1.688854389179950414e-04 4.559142083641230195e-04 4.015757519737387466e-04
4.543676767676767980e+01 2.400651301158975481e-04 1.525863544516350002e-04 4.312329666112849720e-04 3.809509499186061396e-04
4.725383838383839219e+01 2.243094561128195343e-04 1.401748165118824833e-04 4.095475408481593499e-04 3.645530472944847797e-04
4.907090909090909747e+01 2.102859402024672558e-04 1.302429830408693057e-04 3.898785282213656513e-04 3.508826058665377723e-04
5.088797979797980275e+01 1.970096791501250511e-04 1.214175750224576211e-04 3.710671236099473001e-04 3.384006020275909590e-04
5.270505050505051514e+01 1.845448248602990699e-04 1.137103888820591033e-04 3.531776119396382138e-04 3.271181000996078504e-04
5.452212121212122042e+01 1.738938833277929336e-04 1.082913769087023658e-04 3.375215342272985981e-04 3.183419319590742374e-04
5.633919191919192571e+01 1.642364244167636195e-04 1.039905191845254891e-04 3.231308919349019991e-04 3.108129731166554984e-04
5.815626262626263809e+01 1.551716116873199996e-04 1.002328419183515213e-04 3.094875910013200940e-04 3.039017721511925161e-04
5.997333333333334338e+01 1.467259964248027236e-04 9.700029909271558695e-05 2.966212650968747954e-04 2.975949019298905658e-04
6.179040404040404866e+01 1.395040599830382419e-04 9.494391840888120123e-05 2.854486889770357916e-04 2.924955333657787730e-04
6.360747474747475394e+01 1.327943997291875921e-04 9.318055589653676852e-05 2.750110387946981668e-04 2.877492284419963433e-04
6.542454545454545212e+01 1.265118622378514257e-04 9.158031149858778886e-05 2.651838141261735927e-04 2.832408766386005023e-04
6.724161616161616450e+01 1.206912571982819189e-04 9.015338881847740357e-05 2.560228915642928887e-04 2.789765557636302734e-04
6.905868686868687689e+01 1.156136571090214172e-04 8.919403488553758765e-05 2.480509889539322401e-04 2.750496833756916216e-04
7.087575757575757507e+01 1.108357604545000215e-04 8.821715362100381573e-05 2.405803204675662247e-04 2.711868046152025109e-04
7.269282828282828746e+01 1.063599889290860168e-04 8.721413342503775087e-05 2.336169405623206221e-04 2.673925733002023727e-04
7.450989898989899984e+01 1.022270405543456573e-04 8.622710868775849990e-05 2.272422534396566619e-04 2.636616765039834155e-04
7.632696969696969802e+01 9.849461561827331404e-05 8.536788979747003702e-05 2.216228302580943582e-04 2.599416451787235128e-04
7.814404040404041041e+01 9.497699746979853749e-05 8.443580256439311743e-05 2.164419935826989686e-04 2.562690673780373355e-04
7.996111111111112280e+01 9.167098516012046829e-05 8.341828447148115435e-05 2.116920110607374550e-04 2.526481208093116215e-04
8.177818181818182097e+01 8.860124771023768523e-05 8.236305953348137276e-05 2.074292501925616237e-04 2.490687458125204873e-04
8.359525252525253336e+01 8.577388018550677568e-05 8.134014035572517437e-05 2.037026531736867911e-04 2.455010629046830016e-04
8.541232323232324575e+01 8.309165955635367310e-05 8.027130452518002016e-05 2.003632419313319888e-04 2.420628682094074446e-04
8.722939393939394392e+01 8.055901302355617725e-05 7.912553681093505771e-05 1.974019308112922905e-04 2.387410118192512492e-04
8.904646464646465631e+01 7.818738849799609090e-05 7.793448835409440322e-05 1.948412806473509941e-04 2.355395407616354714e-04
9.086353535353536870e+01 7.598605414939284242e-05 7.677177637388629596e-05 1.927107352271614771e-04 2.324530980993891316e-04
9.268060606060606688e+01 7.388255377455749584e-05 7.560046719053068181e-05 1.909251312622087769e-04 2.295928973393054342e-04
9.449767676767677926e+01 7.188361599971177277e-05 7.439527671596753123e-05 1.894813490196250202e-04 2.269469882929128172e-04
9.631474747474749165e+01 6.999505209741906727e-05 7.314396365872591040e-05 1.883791985028030554e-04 2.245123807708440623e-04
9.813181818181818983e+01 6.824972495944825685e-05 7.193502817418483597e-05 1.876515639461775672e-04 2.222946216022866212e-04
9.994888888888890222e+01 6.656824985827618961e-05 7.076050427940389954e-05 1.872373496621669337e-04 2.203936466233860365e-04
1.017659595959596146e+02 6.496230538485507785e-05 6.958939108345010296e-05 1.871357997612416917e-04 2.187844380805227832e-04
1.035830303030303128e+02 6.344429592207953582e-05 6.839357749487659283e-05 1.873477103219067428e-04 2.174426428363801110e-04
1.054001010101010252e+02 6.203620080864027844e-05 6.720616002168011758e-05 1.878817256906183683e-04 2.163801932291450447e-04
1.072171717171717376e+02 6.068167058891031228e-05 6.611300436131509672e-05 1.887072813814048649e-04 2.157019001638479211e-04
1.090342424242424357e+02 5.939073045531832816e-05 6.503652757510294032e-05 1.898196957104600054e-04 2.153419914132961009e-04
1.108513131313131481e+02 5.817867398182984364e-05 6.395018324101971153e-05 1.912210233622897682e-04 2.152677379600028904e-04
1.126683838383838605e+02 5.704514805855243829e-05 6.285836324734535698e-05 1.929067100462043816e-04 2.154787260540653256e-04
1.144854545454545587e+02 5.595348639141408135e-05 6.188110574468517003e-05 1.948434250483834439e-04 2.161006709988952488e-04
1.163025252525252711e+02 5.494157214885981243e-05 6.091745276101881429e-05 1.970459897759032405e-04 2.170121316213312541e-04
1.181195959595959835e+02 5.400893935665640623e-05 5.995422828552507508e-05 1.995088437442412647e-04 2.181898612953496648e-04
1.199366666666666816e+02 5.314824410738929091e-05 5.900113121027245099e-05 2.022189859195576043e-04 2.196342379030256941e-04
1.217537373737373940e+02 5.227606294826964937e-05 5.812594063818946738e-05 2.051018765698573224e-04 2.214253985474593054e-04
1.235708080808081064e+02 5.151514665818397346e-05 5.726443967682696892e-05 2.082285578043297435e-04 2.234491858749643948e-04
1.253878787878788046e+02 5.086430114121068843e-05 5.642094008696734255e-05 2.115897706615314539e-04 2.256947152919487436e-04
1.272049494949495170e+02 5.027137957853983078e-05 5.560013786709143728e-05 2.151344485255854780e-04 2.281564758753555893e-04
1.290220202020202294e+02 4.968284806924943886e-05 5.481910549481937376e-05 2.187893559720497380e-04 2.308375821461050700e-04
1.308390909090909133e+02 4.919331550007287313e-05 5.407052035443842090e-05 2.226276830033485209e-04 2.336909774258288529e-04
1.326561616161616257e+02 4.880172081510788113e-05 5.335907038674176576e-05 2.266352329200861464e-04 2.367024009569505415e-04
1.344732323232323381e+02 4.848584676318033960e-05 5.267605629106440193e-05 2.307587900303382296e-04 2.398372469363564414e-04
1.362903030303030505e+02 4.822200379094926441e-05 5.202429887399558870e-05 2.349352960077142434e-04 2.430600299853437373e-04
1.381073737373737345e+02 4.807191149650301204e-05 5.144070433236453538e-05 2.392377331757254808e-04 2.463957531785115310e-04
1.399244444444444753e+02 4.803172736502496932e-05 5.092816860223018370e-05 2.436478000987947197e-04 2.498286032385156250e-04
1.417415151515151592e+02 4.806823907113029140e-05 5.046843943260235837e-05 2.480927100752535830e-04 2.532986470230187128e-04
1.435585858585858716e+02 4.813569396056799137e-05 5.004297773524839531e-05 2.524471820334748184e-04 2.567074954255715055e-04
1.453756565656565840e+02 4.832553285042080554e-05 4.972643950563988098e-05 2.568563769905623248e-04 2.601759060265687335e-04
1.471927272727272964e+02 4.862856801522999429e-05 4.951586363917277994e-05 2.612973300922678257e-04 2.636854406096499960e-04
1.490097979797979804e+02 4.906770234090911446e-05 4.940713751948100146e-05 2.657807424990529842e-04 2.672169848801810152e-04
1.508268686868687212e+02 4.955883268610448484e-05 4.934649637882347980e-05 2.700610537638839037e-04 2.705452668483240017e-04
1.526439393939394051e+02 5.014837991481019101e-05 4.940350416094897886e-05 2.742641805481010214e-04 2.738253783854554028e-04
1.544610101010101175e+02 5.083572714260183782e-05 4.958186443451052957e-05 2.784152143676716274e-04 2.770899904158203230e-04
1.562780808080808299e+02 5.160186656713090819e-05 4.986584510910353833e-05 2.824835438242052714e-04 2.803131417675783330e-04
1.580951515151515423e+02 5.242695233850243303e-05 5.023834098169006342e-05 2.864374756952747379e-04 2.834675394648214215e-04
1.599122222222222263e+02 5.329495510237181998e-05 5.068140763477993287e-05 2.901312680083790573e-04 2.863965245663539099e-04
1.617292929292929671e+02 5.420789613070140086e-05 5.120614628342351596e-05 2.935419671085663261e-04 2.890870385728337212e-04
1.635463636363636510e+02 5.514163831245327439e-05 5.179531607406065680e-05 2.967686793582982293e-04 2.916596649273965570e-04
1.653634343434343634e+02 5.606817151431467893e-05 5.241963809050134297e-05 2.997758722455026682e-04 2.940800684896402320e-04
1.671805050505050758e+02 5.696050249931891238e-05 5.305060392519634613e-05 3.025289656562013649e-04 2.963144940867938810e-04
1.689975757575757882e+02 5.779315952254086819e-05 5.366108608882331918e-05 3.049949902129994879e-04 2.983304737834349273e-04
1.708146464646464722e+02 5.854270457123342448e-05 5.422595454520418777e-05 3.071432960099016048e-04 3.000975950516109416e-04
1.726317171717172130e+02 5.918823579426864186e-05 5.472267850002466042e-05 3.089462828406483561e-04 3.015882972972372704e-04
1.744487878787878969e+02 5.971186080920828839e-05 5.513189076598122421e-05 3.103801167445030280e-04 3.027786570785181357e-04
1.762658585858586093e+02 6.009912084793964180e-05 5.543789150694302065e-05 3.114253937669855376e-04 3.036491179081564568e-04
1.780829292929293217e+02 6.033934634902489896e-05 5.562906916482144519e-05 3.120677111221435577e-04 3.041851197322520016e-04
1.799000000000000057e+02 6.042592674332655447e-05 5.569821899179450055e-05 3.122981089841949027e-04 3.043775866186938773e-04
