# theta' [deg], IA + Unevolved [fm], IA + Evolved [fm], FSI + Unevolved [fm], FSI + Evolved [fm]
# 
1.000000000000000021e-02 1.619415645094925693e-01 1.625636945936010103e-01 1.388754025236167144e-01 1.394742458305979205e-01
1.827070707070707289e+00 1.613834114436600020e-01 1.620027681923022489e-01 1.383867673644847140e-01 1.389828450253601522e-01
3.644141414141414792e+00 1.597302439607471147e-01 1.603414227729181019e-01 1.369402909664069745e-01 1.375282135378620985e-01
5.461212121212121851e+00 1.570090750713730721e-01 1.576069105620038213e-01 1.345619568096878826e-01 1.351365739917695652e-01
7.278282828282828909e+00 1.532640353174989922e-01 1.538437456290977501e-01 1.312942198610901334e-01 1.318507650407347020e-01
9.095353535353536856e+00 1.485551861580977351e-01 1.491124966243602135e-01 1.271948736170464833e-01 1.277290881490444896e-01
1.091242424242424391e+01 1.429569510063451732e-01 1.434881911301173762e-01 1.223355508170038963e-01 1.228437820968641125e-01
1.272949494949495097e+01 1.365562451911219721e-01 1.370584148278591874e-01 1.167999344889945751e-01 1.172792037500852702e-01
1.454656565656565803e+01 1.294503966308222509e-01 1.299211994018470151e-01 1.106817661394482316e-01 1.111298039875841526e-01
1.636363636363636331e+01 1.217449521795965633e-01 1.221827962821265823e-01 1.040827411850668155e-01 1.044979909786078465e-01
1.818070707070707215e+01 1.135514608260658753e-01 1.139554293799176499e-01 9.711037845642848942e-02 9.749196957445267764e-02
1.999777777777778098e+01 1.062943648596731683e-01 1.066598672131846975e-01 9.096524824929246023e-02 9.131111884020479130e-02
2.181484848484848627e+01 9.986649257318158668e-02 1.001898093649265242e-01 8.554689285812085153e-02 8.585568760149638046e-02
2.363191919191919510e+01 9.324015760991292978e-02 9.352163692939098605e-02 8.000184850142436077e-02 8.027426394806787269e-02
2.544898989898990393e+01 8.648296177348245573e-02 8.672346019822116392e-02 7.439489675428495596e-02 7.463212961366977316e-02
2.726606060606060922e+01 7.966109412896849040e-02 7.986188951953974990e-02 6.878949706188261515e-02 6.899315974722959599e-02
2.908313131313131805e+01 7.283862804035076688e-02 7.300132963174611744e-02 6.324710207561845543e-02 6.341913542198068798e-02
3.090020202020202333e+01 6.607694477130521271e-02 6.620340495317676710e-02 5.782659235559647198e-02 5.796917980170157580e-02
3.271727272727272862e+01 6.099814534712625497e-02 6.108470048712737188e-02 5.378546726696019353e-02 5.389934734569829661e-02
3.453434343434343390e+01 5.620428649569736423e-02 5.625250966078186587e-02 5.001628180186799139e-02 5.010383469720903343e-02
3.635141414141414629e+01 5.148645925038296961e-02 5.149848559338061210e-02 4.636136961173725063e-02 4.642501516904961462e-02
3.816848484848485157e+01 4.687240787892576338e-02 4.685012175376118693e-02 4.284735742746551695e-02 4.288933846233251856e-02
3.998555555555555685e+01 4.238872752864832755e-02 4.233403150583212038e-02 3.949954142755290887e-02 3.952210320827798801e-02
4.180262626262626924e+01 3.830848871838387487e-02 3.822270293459535673e-02 3.651443575175142287e-02 3.651995377958670852e-02
4.361969696969697452e+01 3.523437979603093184e-02 3.511699668502257787e-02 3.429337770470533564e-02 3.428424211599912647e-02
4.543676767676767980e+01 3.225010579683493250e-02 3.210243401590637258e-02 3.218553869746935275e-02 3.216330681971149574e-02
4.725383838383839219e+01 2.936711985975074685e-02 2.919044784173070034e-02 3.020162242829427940e-02 3.016780053512865475e-02
4.907090909090909747e+01 2.659567998720447843e-02 2.639127712274383017e-02 2.835114667693036314e-02 2.830719196750782971e-02
5.088797979797980275e+01 2.394488618252339079e-02 2.371401109651146213e-02 2.664247318076085058e-02 2.658980304229822955e-02
5.270505050505051514e+01 2.194605733791298377e-02 2.169086386165434976e-02 2.538289399688698975e-02 2.532467092068947656e-02
5.452212121212122042e+01 2.014044380872006060e-02 1.986175776500689188e-02 2.428130156277619189e-02 2.421853739741314931e-02
5.633919191919192571e+01 1.840834290193959014e-02 1.810683444403110229e-02 2.326722882296504424e-02 2.320048412273372634e-02
5.815626262626263809e+01 1.675609218283607288e-02 1.643316994292891992e-02 2.234499608467968579e-02 2.227514775943674127e-02
5.997333333333334338e+01 1.518320569149211353e-02 1.483946777815119654e-02 2.151511050262457439e-02 2.144261090618620677e-02
6.179040404040404866e+01 1.383296670474029599e-02 1.347078210500684235e-02 2.084029803219329333e-02 2.076663154135236986e-02
6.360747474747475394e+01 1.276590629807931691e-02 1.238820486610804107e-02 2.033035471675393932e-02 2.025698739754904637e-02
6.542454545454545212e+01 1.174559841377672935e-02 1.135243004105097875e-02 1.987580225532222661e-02 1.980237669573513618e-02
6.724161616161616450e+01 1.077302364366275120e-02 1.036453565860380281e-02 1.947711009554868936e-02 1.940334433433610686e-02
6.905868686868687689e+01 9.848916618100620260e-03 9.425373327235767040e-03 1.913447728412585522e-02 1.906019139253518901e-02
7.087575757575757507e+01 8.973781843621421103e-03 8.535583360684096538e-03 1.884784896459098386e-02 1.877299144226372146e-02
7.269282828282828746e+01 8.295767687779422722e-03 7.848265496440690742e-03 1.864733992868621362e-02 1.857277363418125687e-02
7.450989898989899984e+01 7.700998786521409331e-03 7.246308961318820470e-03 1.849329332733919140e-02 1.841869733687425542e-02
7.632696969696969802e+01 7.134419652152575349e-03 6.672482588100902591e-03 1.837161522648059209e-02 1.829629709078127095e-02
7.814404040404041041e+01 6.596034265877885432e-03 6.126927513336023756e-03 1.828180835984985139e-02 1.820524017803279437e-02
7.996111111111112280e+01 6.085746955227330779e-03 5.609694295508835422e-03 1.822326211469614890e-02 1.814509966340176542e-02
8.177818181818182097e+01 5.603369990036549675e-03 5.120748748477546054e-03 1.819526197092678071e-02 1.811536197888004990e-02
8.359525252525253336e+01 5.227977446943682556e-03 4.744608254257174328e-03 1.819004784261690419e-02 1.810738384954327027e-02
8.541232323232324575e+01 4.896023675155691986e-03 4.413619187870337045e-03 1.820173311965804508e-02 1.811544630835423483e-02
8.722939393939394392e+01 4.583353905612787098e-03 4.102349924798411387e-03 1.822998594432378647e-02 1.813958713773998130e-02
8.904646464646465631e+01 4.287470999711941524e-03 3.808127316364875829e-03 1.827417739548259715e-02 1.817940293931517154e-02
9.086353535353536870e+01 4.007035884378803633e-03 3.529587849013867285e-03 1.833376271563293483e-02 1.823459157718580748e-02
9.268060606060606688e+01 3.741764704974265450e-03 3.266564341415869981e-03 1.840801430551670601e-02 1.830465112436965858e-02
9.449767676767677926e+01 3.502936464729399825e-03 3.031849468221446079e-03 1.849106071670557350e-02 1.838315686532037557e-02
9.631474747474749165e+01 3.320347315446446276e-03 2.858993679571397630e-03 1.856436876548914205e-02 1.844917200186741921e-02
9.813181818181818983e+01 3.147548609869126567e-03 2.696017916414303155e-03 1.864466590912103663e-02 1.852237904312831543e-02
9.994888888888890222e+01 2.987020594150902476e-03 2.545700898666655547e-03 1.872949502576383429e-02 1.860037789630139549e-02
1.017659595959596146e+02 2.834677404900263348e-03 2.403702123662621124e-03 1.882032547288723170e-02 1.868501187188282078e-02
1.035830303030303128e+02 2.690305108263789033e-03 2.269865136862359370e-03 1.891661909982746484e-02 1.877593975660965878e-02
1.054001010101010252e+02 2.553681537505095907e-03 2.144018736646366007e-03 1.901783955310036925e-02 1.887281327260310199e-02
1.072171717171717376e+02 2.424577746175120632e-03 2.025977976482368475e-03 1.912345460586854784e-02 1.897527733823423796e-02
1.090342424242424357e+02 2.326005112992290350e-03 1.943212767628774715e-03 1.921040540904657423e-02 1.905611492403471233e-02
1.108513131313131481e+02 2.242503183426517322e-03 1.876841477458402211e-03 1.928876605772354702e-02 1.912824069606470015e-02
1.126683838383838605e+02 2.163258329097517835e-03 1.814627930760836540e-03 1.936805702810026619e-02 1.920264218735670894e-02
1.144854545454545587e+02 2.088148254218027012e-03 1.756455170613094915e-03 1.944796536396692366e-02 1.927912241693485393e-02
1.163025252525252711e+02 2.017050321185597048e-03 1.702201017940524258e-03 1.952819113499848491e-02 1.935748066002406648e-02
1.181195959595959835e+02 1.949842100179900641e-03 1.651738756175443693e-03 1.960844828023100214e-02 1.943751220666819352e-02
1.199366666666666816e+02 1.890001693734539960e-03 1.608605493960218796e-03 1.968335972600126355e-02 1.951378503879835219e-02
1.217537373737373940e+02 1.836326632785118245e-03 1.571551271113242340e-03 1.975355289160485653e-02 1.958697890159575086e-02
1.235708080808081064e+02 1.785886808793174995e-03 1.537566894491965283e-03 1.982263504340700880e-02 1.966080441915912455e-02
1.253878787878788046e+02 1.750636133339705022e-03 1.522159099010922650e-03 1.987306715160217646e-02 1.971358659029394736e-02
1.272049494949495170e+02 1.719762611941489999e-03 1.511331903132420718e-03 1.991893106323699633e-02 1.976281893110778953e-02
1.290220202020202294e+02 1.692075142206011856e-03 1.503214184536080756e-03 1.996143366083202864e-02 1.981038848011891507e-02
1.308390909090909133e+02 1.673216533924843296e-03 1.503417897281545020e-03 1.999071041272833249e-02 1.984626476518834212e-02
1.326561616161616257e+02 1.656174091414854043e-03 1.504883052199298098e-03 2.001815385284955867e-02 1.988188087306984667e-02
1.344732323232323381e+02 1.640899601536496095e-03 1.507526720539337532e-03 2.004377207156166768e-02 1.991715034402578507e-02
1.362903030303030505e+02 1.627343289733750942e-03 1.511265877146019797e-03 2.006758727258182301e-02 1.995198623133629875e-02
1.381073737373737345e+02 1.615453289059655536e-03 1.516017253072639379e-03 2.008963501683900046e-02 1.998630152741160543e-02
1.399244444444444753e+02 1.612557908472977974e-03 1.528985882099892111e-03 2.009673220827321721e-02 2.000668943658578947e-02
1.417415151515151592e+02 1.613766802369501338e-03 1.545283006356586641e-03 2.009749946347846525e-02 2.002165046793615358e-02
1.435585858585858716e+02 1.616288292013062615e-03 1.562120962987925254e-03 2.009692583651059503e-02 2.003604495977307290e-02
1.453756565656565840e+02 1.620043774303462540e-03 1.579399940231750307e-03 2.009515217869073389e-02 2.004985117978681092e-02
1.471927272727272964e+02 1.626750344179342519e-03 1.599569068838098537e-03 2.008959650278342376e-02 2.005968835506043504e-02
1.490097979797979804e+02 1.640151602486153914e-03 1.627519281494302925e-03 2.007446099043218649e-02 2.005862877537329531e-02
1.508268686868687212e+02 1.665877913859466902e-03 1.666592229058444031e-03 2.003917442905988472e-02 2.003752477209279001e-02
1.526439393939394051e+02 1.691971326097152549e-03 1.705073639425758745e-03 2.000484664102011867e-02 2.001745157515167142e-02
1.544610101010101175e+02 1.718221222587923164e-03 1.742753441936242690e-03 1.997169230800289672e-02 1.999845625782298644e-02
1.562780808080808299e+02 1.744398395017449609e-03 1.779409200681012198e-03 1.993991834514032002e-02 1.998058478314781658e-02
1.580951515151515423e+02 1.770256260366867606e-03 1.814806980384028922e-03 1.990972159854310572e-02 1.996388117221216743e-02
1.599122222222222263e+02 1.795532824012054844e-03 1.848702839219810642e-03 1.988128665012984034e-02 1.994838662544949626e-02
1.617292929292929671e+02 1.825562265068129096e-03 1.886305801568668658e-03 1.984629077131413316e-02 1.992555935067060607e-02
1.635463636363636510e+02 1.862114651991709753e-03 1.929347930083109147e-03 1.980238562504020930e-02 1.989288461771570801e-02
1.653634343434343634e+02 1.896383376392769783e-03 1.969275740947391048e-03 1.976269071697966256e-02 1.986350152737296690e-02
1.671805050505050758e+02 1.927927686589189001e-03 2.005688381258005030e-03 1.972734473164161617e-02 1.983745905354425410e-02
1.689975757575757882e+02 1.956321262646429360e-03 2.038200217265185438e-03 1.969646500168395140e-02 1.981479748237739008e-02
1.708146464646464722e+02 1.981162908254346586e-03 2.066449943022242910e-03 1.967014831387037255e-02 1.979554883721272932e-02
1.726317171717172130e+02 2.002087631188446178e-03 2.090110033404877013e-03 1.964847220639383621e-02 1.977973760429051903e-02
1.744487878787878969e+02 2.018777585133999658e-03 2.108896084203010744e-03 1.963149662468416379e-02 1.976738168939311951e-02
1.762658585858586093e+02 2.030972269288780323e-03 2.122575519062580053e-03 1.961926574768893539e-02 1.975849349595346430e-02
1.780829292929293217e+02 2.038477355448580202e-03 2.130975123002375876e-03 1.961180976066275589e-02 1.975308098753930305e-02
1.799000000000000057e+02 2.041171548127392044e-03 2.133986895258886598e-03 1.960914634395301975e-02 1.975114858951905125e-02
