# theta' [deg], IA + Unevolved [fm], IA + Evolved [fm], FSI + Unevolved [fm], FSI + Evolved [fm]
# 
1.000000000000000021e-02 9.698327044923853890e+00 9.705915793181173257e+00 9.466359767671393755e+00 9.476903387074088414e+00
1.827070707070707289e+00 8.790478188645421298e+00 8.797670092502389849e+00 8.569981212306197804e+00 8.579977100411799285e+00
3.644141414141414792e+00 6.792992368482362764e+00 6.799230640121260549e+00 6.600046281767301792e+00 6.608726171043808328e+00
5.461212121212121851e+00 4.703470440697198107e+00 4.708549895616385150e+00 4.544138364442594558e+00 4.551217775360281159e+00
7.278282828282828909e+00 3.060220448984346753e+00 3.064196348238031220e+00 2.933074706161565626e+00 2.938628516814191016e+00
9.095353535353536856e+00 1.946714981356487684e+00 1.949762937526780648e+00 1.846707457517789752e+00 1.850978693381775120e+00
1.091242424242424391e+01 1.245659935032859877e+00 1.247979855681011552e+00 1.167012586075904412e+00 1.170278057981837483e+00
1.272949494949495097e+01 8.110791341795816622e-01 8.128414488185921050e-01 7.488831572693674943e-01 7.513786593817615156e-01
1.454656565656565803e+01 5.373302387520771939e-01 5.386657867090615115e-01 4.878805502970213759e-01 4.897863783631085655e-01
1.636363636363636331e+01 3.606257072235925509e-01 3.616327928122657909e-01 3.211988266441944129e-01 3.226497644326965508e-01
1.818070707070707215e+01 2.441790306455246806e-01 2.449325249318957676e-01 2.127359620445374300e-01 2.138342750493589517e-01
1.999777777777778098e+01 1.703060407524921993e-01 1.708682973886287149e-01 1.449397285329183382e-01 1.457731736012757295e-01
2.181484848484848627e+01 1.216336785649208829e-01 1.220494321566354123e-01 1.009975741760838902e-01 1.016288724519631981e-01
2.363191919191919510e+01 8.662054172752223224e-02 8.692129331628817290e-02 6.995358530734821501e-02 7.042459377235646412e-02
2.544898989898990393e+01 6.323984972975423002e-02 6.345265172700301215e-02 4.966212793735288317e-02 5.001155237827958205e-02
2.726606060606060922e+01 4.689720900530407882e-02 4.704190046679691817e-02 3.580193031019156952e-02 3.605765782214315207e-02
2.908313131313131805e+01 3.441496495864360128e-02 3.450650083841764332e-02 2.547722669965656744e-02 2.565869749784587331e-02
3.090020202020202333e+01 2.637642191686353013e-02 2.642716755034292542e-02 1.902799584249981538e-02 1.915475958240828516e-02
3.271727272727272862e+01 1.990183374894995832e-02 1.992084687858657749e-02 1.398041201707382088e-02 1.406385022734457299e-02
3.453434343434343390e+01 1.538055062128167866e-02 1.537489390394983571e-02 1.057858936617796231e-02 1.062959534099654907e-02
3.635141414141414629e+01 1.187447602992777393e-02 1.184995438153120528e-02 8.033813490026787268e-03 8.060230125950224034e-03
3.816848484848485157e+01 9.277505769847269393e-03 9.238339986438706686e-03 6.224792262603623567e-03 6.232952600471884826e-03
3.998555555555555685e+01 7.297912263693426618e-03 7.247544830851447399e-03 4.905082181238838018e-03 4.899927614703414140e-03
4.180262626262626924e+01 5.777445524313630683e-03 5.718379875987764961e-03 3.938962159956084681e-03 3.924238319488724570e-03
4.361969696969697452e+01 4.615370577012542497e-03 4.549458052598050195e-03 3.238415722836816141e-03 3.216979764785095515e-03
4.543676767676767980e+01 3.709542733956802153e-03 3.638206478143534914e-03 2.722632984341610395e-03 2.696671736853554179e-03
4.725383838383839219e+01 3.003021064722747376e-03 2.927407616724777076e-03 2.344941712510411041e-03 2.316135374062781166e-03
4.907090909090909747e+01 2.454577899588151254e-03 2.375369642567161377e-03 2.071318670360949420e-03 2.040788462176861863e-03
5.088797979797980275e+01 2.011672289122148904e-03 1.929558028705316390e-03 1.867018466574630513e-03 1.835719106846619856e-03
5.270505050505051514e+01 1.674462353558774531e-03 1.589584480967784486e-03 1.724061798263453425e-03 1.692321452479799825e-03
5.452212121212122042e+01 1.389415744662293815e-03 1.302319069711897195e-03 1.615318279847553469e-03 1.583788311821327692e-03
5.633919191919192571e+01 1.178825404521739988e-03 1.089407384321355041e-03 1.542852403500907538e-03 1.511277355943939143e-03
5.815626262626263809e+01 9.938350146601207611e-04 9.025467719370904767e-04 1.488311346301874087e-03 1.457181743176706908e-03
5.997333333333334338e+01 8.574927996739977647e-04 7.641153914719465458e-04 1.453182922929679424e-03 1.421910866591727819e-03
6.179040404040404866e+01 7.393828373579840749e-04 6.442147108228083244e-04 1.428934896844745580e-03 1.397690811368782968e-03
6.360747474747475394e+01 6.450355880504658182e-04 5.481521183325364704e-04 1.413964761654555808e-03 1.382403790222112286e-03
6.542454545454545212e+01 5.681424270375722918e-04 4.696235608989869376e-04 1.405374649697845035e-03 1.373174717150581767e-03
6.724161616161616450e+01 5.017264208483284901e-04 4.018682186922979357e-04 1.401975186754701513e-03 1.369116509731461984e-03
6.905868686868687689e+01 4.504971895150783876e-04 3.492596116507199117e-04 1.400969711262818997e-03 1.366679463383087311e-03
7.087575757575757507e+01 4.050161760220885197e-04 3.027858665020101404e-04 1.402955225994501542e-03 1.367241752965774743e-03
7.269282828282828746e+01 3.678856706381784325e-04 2.648208887073812611e-04 1.405853521125013028e-03 1.368189613739863959e-03
7.450989898989899984e+01 3.363920730028377979e-04 2.327522907941317182e-04 1.409378032857731052e-03 1.369405540925883917e-03
7.632696969696969802e+01 3.084274298403120052e-04 2.046578109260478446e-04 1.413922357719588291e-03 1.371572232131698351e-03
7.814404040404041041e+01 2.858997008548517420e-04 1.821088453183377059e-04 1.417063569524415999e-03 1.371550989633191610e-03
7.996111111111112280e+01 2.655121973328397134e-04 1.621729001368469279e-04 1.420347227456703184e-03 1.371619468124581987e-03
8.177818181818182097e+01 2.476824374397588861e-04 1.451754929208322353e-04 1.423049972836140870e-03 1.370821599239415616e-03
8.359525252525253336e+01 2.323341534235325880e-04 1.309297239803325862e-04 1.424418920330790955e-03 1.368213578865103272e-03
8.541232323232324575e+01 2.182424720285173223e-04 1.184418279844472399e-04 1.425200301215162136e-03 1.364988277152396007e-03
8.722939393939394392e+01 2.058172106298015080e-04 1.079451382365056544e-04 1.424844630002389213e-03 1.360294660444328089e-03
8.904646464646465631e+01 1.946129522861471677e-04 9.901195397323567064e-05 1.423378994418520501e-03 1.354254875254201412e-03
9.086353535353536870e+01 1.841256141283358755e-04 9.128003858818525286e-05 1.421103315942622925e-03 1.347437617560394906e-03
9.268060606060606688e+01 1.746860898520453064e-04 8.486416041494066853e-05 1.417873607773725711e-03 1.339433185734104212e-03
9.449767676767677926e+01 1.658877469566652008e-04 7.942902353624776762e-05 1.413868637349481551e-03 1.330610106388855924e-03
9.631474747474749165e+01 1.574895161675864792e-04 7.481413711417359068e-05 1.409296092300270278e-03 1.321349613688434363e-03
9.813181818181818983e+01 1.497574780169600903e-04 7.107488385242826214e-05 1.404413117322225041e-03 1.311742522683809501e-03
9.994888888888890222e+01 1.423423318586109583e-04 6.793480171870289012e-05 1.399235446262551410e-03 1.301971111380270532e-03
1.017659595959596146e+02 1.351735958785889454e-04 6.535292840060039597e-05 1.394145993612304910e-03 1.292536998365985531e-03
1.035830303030303128e+02 1.284420516244200042e-04 6.335754417389570633e-05 1.389625331741708774e-03 1.283868104903708625e-03
1.054001010101010252e+02 1.217808928321663972e-04 6.162755760372533016e-05 1.385385533472546348e-03 1.275796303742849280e-03
1.072171717171717376e+02 1.153558207853963780e-04 6.029801733298238454e-05 1.382236432354039301e-03 1.269180507627672280e-03
1.090342424242424357e+02 1.090818283187889199e-04 5.924625892573166000e-05 1.380298182550781204e-03 1.264193945532153052e-03
1.108513131313131481e+02 1.029113324896168438e-04 5.832124911414939287e-05 1.379705374660207757e-03 1.261038712840912516e-03
1.126683838383838605e+02 9.697670816098753386e-05 5.765482482967186314e-05 1.381200339645544724e-03 1.260448450912113371e-03
1.144854545454545587e+02 9.086758029759309555e-05 5.690556438502289969e-05 1.384136886390498764e-03 1.261885714636889946e-03
1.163025252525252711e+02 8.503537032907094507e-05 5.631374976469903063e-05 1.389693863141764013e-03 1.266542237056507729e-03
1.181195959595959835e+02 7.929365862204861069e-05 5.571744794855706078e-05 1.397687481039967946e-03 1.274266671171129985e-03
1.199366666666666816e+02 7.350508349167523842e-05 5.500871858762341164e-05 1.407893162007360557e-03 1.284836214067963146e-03
1.217537373737373940e+02 6.803320783867800763e-05 5.442206543670441698e-05 1.421385341954689010e-03 1.299257303373596703e-03
1.235708080808081064e+02 6.247256994277477268e-05 5.357715454559326766e-05 1.436695172186904694e-03 1.316319451408772163e-03
1.253878787878788046e+02 5.741984717975753935e-05 5.293573131246736446e-05 1.455678214859332112e-03 1.337628052586910298e-03
1.272049494949495170e+02 5.244588018754591256e-05 5.216356277603047059e-05 1.476378913603170959e-03 1.361288780384249187e-03
1.290220202020202294e+02 4.805805377845009691e-05 5.163777996875948769e-05 1.500208170896806525e-03 1.388601795143956695e-03
1.308390909090909133e+02 4.433975661609930571e-05 5.140057392167676005e-05 1.526071674345716141e-03 1.418615093411513574e-03
1.326561616161616257e+02 4.162899967749485218e-05 5.174631629453317632e-05 1.554273257550418171e-03 1.451490493908142191e-03
1.344732323232323381e+02 4.024440058494718108e-05 5.297127304560691525e-05 1.584287292608011150e-03 1.486582401164093011e-03
1.362903030303030505e+02 4.077063289432927460e-05 5.562274223598880703e-05 1.615594050771428872e-03 1.523311256255290057e-03
1.381073737373737345e+02 4.389727097204067365e-05 6.032257827858395648e-05 1.648515574045062056e-03 1.561902393699572070e-03
1.399244444444444753e+02 5.104316279941840858e-05 6.836770251425703109e-05 1.682279886466984085e-03 1.601667524489444258e-03
1.417415151515151592e+02 6.332173051523471493e-05 8.085980992500482289e-05 1.717503623558192926e-03 1.642944551260553396e-03
1.435585858585858716e+02 8.321644470087234224e-05 1.002145869066310420e-04 1.753878360942736150e-03 1.685310288497034181e-03
1.453756565656565840e+02 1.138552938761321965e-04 1.294618897214787692e-04 1.792431726393255370e-03 1.729655325992272971e-03
1.471927272727272964e+02 1.584780815850400843e-04 1.717889772863543025e-04 1.835215660078582355e-03 1.777919729602379798e-03
1.490097979797979804e+02 2.273863536256089872e-04 2.372155166289420579e-04 1.884636010078906323e-03 1.832297376863562584e-03
1.508268686868687212e+02 3.201953862911338525e-04 3.254122734309073317e-04 1.946099691758549927e-03 1.898201131051041515e-03
1.526439393939394051e+02 4.709927685841587661e-04 4.697668472536145308e-04 2.030848221955334782e-03 1.986262975212881293e-03
1.544610101010101175e+02 6.769689762293826111e-04 6.678840482405491328e-04 2.148914878438479108e-03 2.106658699440075271e-03
1.562780808080808299e+02 9.881855243756203309e-04 9.690261915634501089e-04 2.329239530351561154e-03 2.287769061800197165e-03
1.580951515151515423e+02 1.463066971639395740e-03 1.431071303616093977e-03 2.617589903604544081e-03 2.574938447737555505e-03
1.599122222222222263e+02 2.138564676348640638e-03 2.091151659723199108e-03 3.055233064111704741e-03 3.009469424575758525e-03
1.617292929292929671e+02 3.206109971294459314e-03 3.138816149648082556e-03 3.789588428129102900e-03 3.737542680152941728e-03
1.635463636363636510e+02 4.898359779239835551e-03 4.805576477825419628e-03 5.027887449238937698e-03 4.965604085849414581e-03
1.653634343434343634e+02 7.502610566873403955e-03 7.377855850549504962e-03 7.043301153067876158e-03 6.966194361439254600e-03
1.671805050505050758e+02 1.158537915589968534e-02 1.142017971974608644e-02 1.035781133847537769e-02 1.025996355241541244e-02
1.689975757575757882e+02 1.813984209562985103e-02 1.792287875829930502e-02 1.590018976187775393e-02 1.577384697459673774e-02
1.708146464646464722e+02 2.894590788491833988e-02 2.866155369692030552e-02 2.535795047951994868e-02 2.519258782736914434e-02
1.726317171717172130e+02 4.603269335203190316e-02 4.566421158941413871e-02 4.073566901913629190e-02 4.052003726452448051e-02
1.744487878787878969e+02 7.172171750316108652e-02 7.125263118400905482e-02 6.436015244779089151e-02 6.408312442201584413e-02
1.762658585858586093e+02 1.047739898318875984e-01 1.041995137226278956e-01 9.523555678123507562e-02 9.489342796043245820e-02
1.780829292929293217e+02 1.372022105504286105e-01 1.365398265523727617e-01 1.258391076476659820e-01 1.254423059553639863e-01
1.799000000000000057e+02 1.529417645138611281e-01 1.522405728348044662e-01 1.407708656332401775e-01 1.403498417498779682e-01
