# theta' [deg], IA + Unevolved [fm], IA + Evolved [fm], FSI + Unevolved [fm], FSI + Evolved [fm]
# 
1.000000000000000021e-02 9.698327044923853890e+00 9.829830236813235089e+00 9.466359767671393755e+00 9.609524106585515923e+00
1.827070707070707289e+00 8.790478188645421298e+00 8.915130415338390790e+00 8.569981212306197804e+00 8.705649284732581705e+00
3.644141414141414792e+00 6.792992368482362764e+00 6.901204647818801163e+00 6.600046281767301792e+00 6.717727707387174618e+00
5.461212121212121851e+00 4.703470440697198107e+00 4.791665804450961019e+00 4.544138364442594558e+00 4.639925369954142731e+00
7.278282828282828909e+00 3.060220448984346753e+00 3.129316472925829373e+00 2.933074706161565626e+00 3.007980611625219236e+00
9.095353535353536856e+00 1.946714981356487684e+00 1.999733086809555527e+00 1.846707457517789752e+00 1.904055635892886178e+00
1.091242424242424391e+01 1.245659935032859877e+00 1.286028802668692572e+00 1.167012586075904412e+00 1.210574094234622367e+00
1.272949494949495097e+01 8.110791341795816622e-01 8.417227657312413847e-01 7.488831572693674943e-01 7.818734113678461606e-01
1.454656565656565803e+01 5.373302387520771939e-01 5.604902632465398327e-01 4.878805502970213759e-01 5.127624377387851595e-01
1.636363636363636331e+01 3.606257072235925509e-01 3.779879616569330469e-01 3.211988266441944129e-01 3.398217775115668360e-01
1.818070707070707215e+01 2.441790306455246806e-01 2.570317257248757037e-01 2.127359620445374300e-01 2.265109884639271709e-01
1.999777777777778098e+01 1.703060407524921993e-01 1.797361429037350466e-01 1.449397285329183382e-01 1.550681275960565375e-01
2.181484848484848627e+01 1.216336785649208829e-01 1.284261690948485524e-01 1.009975741760838902e-01 1.083449578367790128e-01
2.363191919191919510e+01 8.662054172752223224e-02 9.132327815267653193e-02 6.995358530734821501e-02 7.511288165604726452e-02
2.544898989898990393e+01 6.323984972975423002e-02 6.634012368222530487e-02 4.966212793735288317e-02 5.317152026398895559e-02
2.726606060606060922e+01 4.689720900530407882e-02 4.875920364762782039e-02 3.580193031019156952e-02 3.805888965395223811e-02
2.908313131313131805e+01 3.441496495864360128e-02 3.530945394177901347e-02 2.547722669965656744e-02 2.676942477905243020e-02
3.090020202020202333e+01 2.637642191686353013e-02 2.655102613190811131e-02 1.902799584249981538e-02 1.963020892883247590e-02
3.271727272727272862e+01 1.990183374894995832e-02 1.953008101514557351e-02 1.398041201707382088e-02 1.407164992591120739e-02
3.453434343434343390e+01 1.538055062128167866e-02 1.461127085691513172e-02 1.057858936617796231e-02 1.031815264051902555e-02
3.635141414141414629e+01 1.187447602992777393e-02 1.082723694484054311e-02 8.033813490026787268e-03 7.543484023004570077e-03
3.816848484848485157e+01 9.277505769847269393e-03 8.044925736855237930e-03 6.224792262603623567e-03 5.599191334216054895e-03
3.998555555555555685e+01 7.297912263693426618e-03 5.958452294721214813e-03 4.905082181238838018e-03 4.220355689514389448e-03
4.180262626262626924e+01 5.777445524313630683e-03 4.388271888510458796e-03 3.938962159956084681e-03 3.249988102479364933e-03
4.361969696969697452e+01 4.615370577012542497e-03 3.225221469686963705e-03 3.238415722836816141e-03 2.587853182985548790e-03
4.543676767676767980e+01 3.709542733956802153e-03 2.351588379934336104e-03 2.722632984341610395e-03 2.138729645309867412e-03
4.725383838383839219e+01 3.003021064722747376e-03 1.704876011178359805e-03 2.344941712510411041e-03 1.847430367528269919e-03
4.907090909090909747e+01 2.454577899588151254e-03 1.232792979697590113e-03 2.071318670360949420e-03 1.669379461792430816e-03
5.088797979797980275e+01 2.011672289122148904e-03 8.791885835971556670e-04 1.867018466574630513e-03 1.566473447231947307e-03
5.270505050505051514e+01 1.674462353558774531e-03 6.363386543583110988e-04 1.724061798263453425e-03 1.519717399424518707e-03
5.452212121212122042e+01 1.389415744662293815e-03 4.494601781646677483e-04 1.615318279847553469e-03 1.506936763381189377e-03
5.633919191919192571e+01 1.178825404521739988e-03 3.340269317620252459e-04 1.542852403500907538e-03 1.513991490449862051e-03
5.815626262626263809e+01 9.938350146601207611e-04 2.431974891777055679e-04 1.488311346301874087e-03 1.537125368122377930e-03
5.997333333333334338e+01 8.574927996739977647e-04 1.931030906077213559e-04 1.453182922929679424e-03 1.558179482814106434e-03
6.179040404040404866e+01 7.393828373579840749e-04 1.569845316023789925e-04 1.428934896844745580e-03 1.584193898237977937e-03
6.360747474747475394e+01 6.450355880504658182e-04 1.369725861930067760e-04 1.413964761654555808e-03 1.604945143477138573e-03
6.542454545454545212e+01 5.681424270375722918e-04 1.270567579443274836e-04 1.405374649697845035e-03 1.619721933411773186e-03
6.724161616161616450e+01 5.017264208483284901e-04 1.224136322662790005e-04 1.401975186754701513e-03 1.633416396030776914e-03
6.905868686868687689e+01 4.504971895150783876e-04 1.232496437957666415e-04 1.400969711262818997e-03 1.633173013661255637e-03
7.087575757575757507e+01 4.050161760220885197e-04 1.258336205978987808e-04 1.402955225994501542e-03 1.632493811338329255e-03
7.269282828282828746e+01 3.678856706381784325e-04 1.297122193435990911e-04 1.405853521125013028e-03 1.623462975289967488e-03
7.450989898989899984e+01 3.363920730028377979e-04 1.339715207224377255e-04 1.409378032857731052e-03 1.609124807600988876e-03
7.632696969696969802e+01 3.084274298403120052e-04 1.384973550188724396e-04 1.413922357719588291e-03 1.593687616029731881e-03
7.814404040404041041e+01 2.858997008548517420e-04 1.419637928661668684e-04 1.417063569524415999e-03 1.569856181998845364e-03
7.996111111111112280e+01 2.655121973328397134e-04 1.452310262312543707e-04 1.420347227456703184e-03 1.545539690815315396e-03
8.177818181818182097e+01 2.476824374397588861e-04 1.478812916717547443e-04 1.423049972836140870e-03 1.519175754517170743e-03
8.359525252525253336e+01 2.323341534235325880e-04 1.494930131529658855e-04 1.424418920330790955e-03 1.489788670127443473e-03
8.541232323232324575e+01 2.182424720285173223e-04 1.507667129043329106e-04 1.425200301215162136e-03 1.460431892364355902e-03
8.722939393939394392e+01 2.058172106298015080e-04 1.512501772879112027e-04 1.424844630002389213e-03 1.430036315562193327e-03
8.904646464646465631e+01 1.946129522861471677e-04 1.510653001171877250e-04 1.423378994418520501e-03 1.399261177443275736e-03
9.086353535353536870e+01 1.841256141283358755e-04 1.505991384331921412e-04 1.421103315942622925e-03 1.369231645902562605e-03
9.268060606060606688e+01 1.746860898520453064e-04 1.495203149059083885e-04 1.417873607773725711e-03 1.339584364420699563e-03
9.449767676767677926e+01 1.658877469566652008e-04 1.480869284355532285e-04 1.413868637349481551e-03 1.311002828478819967e-03
9.631474747474749165e+01 1.574895161675864792e-04 1.465073282807493574e-04 1.409296092300270278e-03 1.284019589190246030e-03
9.813181818181818983e+01 1.497574780169600903e-04 1.445596451549544664e-04 1.404413117322225041e-03 1.258710029383796085e-03
9.994888888888890222e+01 1.423423318586109583e-04 1.425677656853852049e-04 1.399235446262551410e-03 1.235586025206150424e-03
1.017659595959596146e+02 1.351735958785889454e-04 1.405385358897190493e-04 1.394145993612304910e-03 1.214980954543844627e-03
1.035830303030303128e+02 1.284420516244200042e-04 1.383325818172409408e-04 1.389625331741708774e-03 1.197181166378051380e-03
1.054001010101010252e+02 1.217808928321663972e-04 1.364512142839871729e-04 1.385385533472546348e-03 1.182522106731104510e-03
1.072171717171717376e+02 1.153558207853963780e-04 1.345119116001389627e-04 1.382236432354039301e-03 1.171313334216700754e-03
1.090342424242424357e+02 1.090818283187889199e-04 1.326971911934780759e-04 1.380298182550781204e-03 1.163809164160018068e-03
1.108513131313131481e+02 1.029113324896168438e-04 1.311909689776341017e-04 1.379705374660207757e-03 1.160141051520569662e-03
1.126683838383838605e+02 9.697670816098753386e-05 1.296258893752119516e-04 1.381200339645544724e-03 1.160796994031460406e-03
1.144854545454545587e+02 9.086758029759309555e-05 1.284524345290490640e-04 1.384136886390498764e-03 1.165348971667929789e-03
1.163025252525252711e+02 8.503537032907094507e-05 1.272791525047333144e-04 1.389693863141764013e-03 1.174440248788873519e-03
1.181195959595959835e+02 7.929365862204861069e-05 1.261656879644025369e-04 1.397687481039967946e-03 1.187854498433438093e-03
1.199366666666666816e+02 7.350508349167523842e-05 1.251390492219263081e-04 1.407893162007360557e-03 1.205244638382848600e-03
1.217537373737373940e+02 6.803320783867800763e-05 1.239517084831652754e-04 1.421385341954689010e-03 1.227546931663381575e-03
1.235708080808081064e+02 6.247256994277477268e-05 1.226893121855217544e-04 1.436695172186904694e-03 1.252535917345206891e-03
1.253878787878788046e+02 5.741984717975753935e-05 1.211952838989115351e-04 1.455678214859332112e-03 1.282381245782842185e-03
1.272049494949495170e+02 5.244588018754591256e-05 1.193538903311107781e-04 1.476378913603170959e-03 1.314486091817981730e-03
1.290220202020202294e+02 4.805805377845009691e-05 1.172626731059441273e-04 1.500208170896806525e-03 1.350327938120689329e-03
1.308390909090909133e+02 4.433975661609930571e-05 1.147983807943507578e-04 1.526071674345716141e-03 1.388109166893989731e-03
1.326561616161616257e+02 4.162899967749485218e-05 1.121659647863886591e-04 1.554273257550418171e-03 1.428050974959238278e-03
1.344732323232323381e+02 4.024440058494718108e-05 1.094895584768008646e-04 1.584287292608011150e-03 1.469452625845243682e-03
1.362903030303030505e+02 4.077063289432927460e-05 1.071621905584782460e-04 1.615594050771428872e-03 1.511359410702045386e-03
1.381073737373737345e+02 4.389727097204067365e-05 1.056948112685172843e-04 1.648515574045062056e-03 1.554057929256927881e-03
1.399244444444444753e+02 5.104316279941840858e-05 1.060560577465866490e-04 1.682279886466984085e-03 1.596011135339527607e-03
1.417415151515151592e+02 6.332173051523471493e-05 1.093577780666305643e-04 1.717503623558192926e-03 1.638052550374673004e-03
1.435585858585858716e+02 8.321644470087234224e-05 1.177080322332326492e-04 1.753878360942736150e-03 1.679362878742147189e-03
1.453756565656565840e+02 1.138552938761321965e-04 1.338905838934250996e-04 1.792431726393255370e-03 1.720758132928171908e-03
1.471927272727272964e+02 1.584780815850400843e-04 1.611509583381040100e-04 1.835215660078582355e-03 1.764188170207228170e-03
1.490097979797979804e+02 2.273863536256089872e-04 2.083036013660263537e-04 1.884636010078906323e-03 1.810969568082787789e-03
1.508268686868687212e+02 3.201953862911338525e-04 2.764880188717045188e-04 1.946099691758549927e-03 1.867550260569200704e-03
1.526439393939394051e+02 4.709927685841587661e-04 3.952602671727134575e-04 2.030848221955334782e-03 1.942067627839340208e-03
1.544610101010101175e+02 6.769689762293826111e-04 5.651192825562317704e-04 2.148914878438479108e-03 2.046916907108928523e-03
1.562780808080808299e+02 9.881855243756203309e-04 8.320292624076755300e-04 2.329239530351561154e-03 2.208304111477140362e-03
1.580951515151515423e+02 1.463066971639395740e-03 1.252263863750779005e-03 2.617589903604544081e-03 2.470684085031391117e-03
1.599122222222222263e+02 2.138564676348640638e-03 1.864629812436575506e-03 3.055233064111704741e-03 2.876758565105516294e-03
1.617292929292929671e+02 3.206109971294459314e-03 2.851760440423953442e-03 3.789588428129102900e-03 3.568313704868576307e-03
1.635463636363636510e+02 4.898359779239835551e-03 4.442067323618177459e-03 5.027887449238937698e-03 4.750123961773169978e-03
1.653634343434343634e+02 7.502610566873403955e-03 6.921240559033250625e-03 7.043301153067876158e-03 6.694737660300294560e-03
1.671805050505050758e+02 1.158537915589968534e-02 1.084790524571462543e-02 1.035781133847537769e-02 9.919492724688745017e-03
1.689975757575757882e+02 1.813984209562985103e-02 1.720353236195059157e-02 1.590018976187775393e-02 1.534616836367465147e-02
1.708146464646464722e+02 2.894590788491833988e-02 2.775066725426874811e-02 2.535795047951994868e-02 2.465170408070467903e-02
1.726317171717172130e+02 4.603269335203190316e-02 4.451503758383251741e-02 4.073566901913629190e-02 3.983907203719351531e-02
1.744487878787878969e+02 7.172171750316108652e-02 6.981833982601443056e-02 6.436015244779089151e-02 6.323489095346027100e-02
1.762658585858586093e+02 1.047739898318875984e-01 1.024672267274904097e-01 9.523555678123507562e-02 9.387096711488356060e-02
1.780829292929293217e+02 1.372022105504286105e-01 1.345594199389749945e-01 1.258391076476659820e-01 1.242751924865580226e-01
1.799000000000000057e+02 1.529417645138611281e-01 1.501507084327463326e-01 1.407708656332401775e-01 1.391189966286441038e-01
