# theta' [deg], IA + Unevolved [fm], IA + Evolved [fm], FSI + Unevolved [fm], FSI + Evolved [fm]
# 
1.000000000000000021e-02 9.418471555462862429e-04 1.126792896354253349e-03 1.246350466454769577e-03 1.463352381617914581e-03
1.827070707070707289e+00 9.390785170278154008e-04 1.122524279826019305e-03 1.243160980044841820e-03 1.458587686996322148e-03
3.644141414141414792e+00 9.308714719264001925e-04 1.109885437776007627e-03 1.233707298732924151e-03 1.444480423240427453e-03
5.461212121212121851e+00 9.173407989858528436e-04 1.089095751345651271e-03 1.218123963618822966e-03 1.421276420963102664e-03
7.278282828282828909e+00 8.986763406534008323e-04 1.060515093041416524e-03 1.196632545566764499e-03 1.389378160109408728e-03
9.095353535353536856e+00 8.751411770343563200e-04 1.024636225068266751e-03 1.169538188478127985e-03 1.349335181852004493e-03
1.091242424242424391e+01 8.470689553663679136e-04 9.820745863813359466e-04 1.137224854232079000e-03 1.301831327058347023e-03
1.272949494949495097e+01 8.148602984791273067e-04 9.335558583530386865e-04 1.100149359995541542e-03 1.247669387204469087e-03
1.454656565656565803e+01 7.789782394238883162e-04 8.799017674018294643e-04 1.058834333830283112e-03 1.187753835758241635e-03
1.636363636363636331e+01 7.399426727634144741e-04 8.220146242363351834e-04 1.013860250795197218e-03 1.123072341464197762e-03
1.818070707070707215e+01 6.983238689002552830e-04 7.608611124892301078e-04 9.658567450260291138e-04 1.054676752074091639e-03
1.999777777777778098e+01 6.547351573721490970e-04 6.974558256903655093e-04 9.154934193229126264e-04 9.836641845765454334e-04
2.181484848484848627e+01 6.144612872346720935e-04 6.384569013151151270e-04 8.681717333239156358e-04 9.169204456356109829e-04
2.363191919191919510e+01 5.782184631649385032e-04 5.848410634397658171e-04 8.247033525475726051e-04 8.555561984753845030e-04
2.544898989898990393e+01 5.412696701318013255e-04 5.310239385877636503e-04 7.803427915737051876e-04 7.939111965230471937e-04
2.726606060606060922e+01 5.040475489148180934e-04 4.776981749641603806e-04 7.355649204982769602e-04 7.327423582731514744e-04
2.908313131313131805e+01 4.669889277959201647e-04 4.255377674542193986e-04 6.908421774657013108e-04 6.727797725246245425e-04
3.090020202020202333e+01 4.316617771763796882e-04 3.766348219579587135e-04 6.478155043043958136e-04 6.162401924787383467e-04
3.271727272727272862e+01 4.028418369429915017e-04 3.370270143724617140e-04 6.115084090053792346e-04 5.695591263981601400e-04
3.453434343434343390e+01 3.745342326599285297e-04 2.990032733624364706e-04 5.757466965501788908e-04 5.246786541456769639e-04
3.635141414141414629e+01 3.469782473226195891e-04 2.629100811482546081e-04 5.407853229839696546e-04 4.819744108487989689e-04
3.816848484848485157e+01 3.204265233228825987e-04 2.290651836979152537e-04 5.068912082416052569e-04 4.417869658455279066e-04
3.998555555555555685e+01 2.981073840138113475e-04 2.017239211056314179e-04 4.775528303363044992e-04 4.087330015682843934e-04
4.180262626262626924e+01 2.778598874132545715e-04 1.778329679649965961e-04 4.505180300043877127e-04 3.795884830604557701e-04
4.361969696969697452e+01 2.584678910637433166e-04 1.556983882015431893e-04 4.244815728488144355e-04 3.525263449197237834e-04
4.543676767676767980e+01 2.400651301159931477e-04 1.354367564239470614e-04 3.995833119494416599e-04 3.276675107084812207e-04
4.725383838383839219e+01 2.243094561129124504e-04 1.192291653769375197e-04 3.777018221772661909e-04 3.074006300643303984e-04
4.907090909090909747e+01 2.102859402025551575e-04 1.056732490643512993e-04 3.578732891963267511e-04 2.902322073742872525e-04
5.088797979797980275e+01 1.970096791502081552e-04 9.335156120494988335e-05 3.389885651957958465e-04 2.746095326777466786e-04
5.270505050505051514e+01 1.845448248603779999e-04 8.228539229281574730e-05 3.211148536045242523e-04 2.605466017971788304e-04
5.452212121212122042e+01 1.738938833278638404e-04 7.376280312171668919e-05 3.054692931814228228e-04 2.493967041025983646e-04
5.633919191919192571e+01 1.642364244168259611e-04 6.657352526372045947e-05 2.911260997028021708e-04 2.398668046779392005e-04
5.815626262626263809e+01 1.551716116873749958e-04 6.010851760600076599e-05 2.776046040815700650e-04 2.313004625682898085e-04
5.997333333333334338e+01 1.467259964248516753e-04 5.435742884983362335e-05 2.649341638296303443e-04 2.236740350323391309e-04
6.179040404040404866e+01 1.395040599830858112e-04 5.004516070222593316e-05 2.539206750326190301e-04 2.175977910138798962e-04
6.360747474747475394e+01 1.327943997292331286e-04 4.623499788169549256e-05 2.436877184493249074e-04 2.121724657734686773e-04
6.542454545454545212e+01 1.265118622378940078e-04 4.279240040037221360e-05 2.341239592973242832e-04 2.072616399214504443e-04
6.724161616161616450e+01 1.206912571983202726e-04 3.973026504210694869e-05 2.252767626511540105e-04 2.028498188724771594e-04
6.905868686868687689e+01 1.156136571090527235e-04 3.732743694361077949e-05 2.175713919325829673e-04 1.989770439496206381e-04
7.087575757575757507e+01 1.108357604545248226e-04 3.510748640847818013e-05 2.104123188952745709e-04 1.953656969156254664e-04
7.269282828282828746e+01 1.063599889291050852e-04 3.306246396984530741e-05 2.038030884990166952e-04 1.919977793227566217e-04
7.450989898989899984e+01 1.022270405543599959e-04 3.121871261773021114e-05 1.978049475354707589e-04 1.888319098235365057e-04
7.632696969696969802e+01 9.849461561828475238e-05 2.963360483524156213e-05 1.925310358729189646e-04 1.857466223452202867e-04
7.814404040404041041e+01 9.497699746980691295e-05 2.815606347313903668e-05 1.877249210805466125e-04 1.827993448079410523e-04
7.996111111111112280e+01 9.167098516012584864e-05 2.677615405053558861e-05 1.833776745560820561e-04 1.799778200581388283e-04
8.177818181818182097e+01 8.860124771024062613e-05 2.551245764150086252e-05 1.795255257380186712e-04 1.772331779412219535e-04
8.359525252525253336e+01 8.577388018550883566e-05 2.438644241604902342e-05 1.761880441490901465e-04 1.744836818932178515e-04
8.541232323232324575e+01 8.309165955635523164e-05 2.336391866666822238e-05 1.732524045476225747e-04 1.718662696087175780e-04
8.722939393939394392e+01 8.055901302355753251e-05 2.242529449065263080e-05 1.707108360362068948e-04 1.693682291420734072e-04
8.904646464646465631e+01 7.818738849799724286e-05 2.158140618699675274e-05 1.685739477728107408e-04 1.669721283660435026e-04
9.086353535353536870e+01 7.598605414939263913e-05 2.085958559589575734e-05 1.668480632619529804e-04 1.646358293449536048e-04
9.268060606060606688e+01 7.388255377455582888e-05 2.025479607946669005e-05 1.654720040921111755e-04 1.624887430814880721e-04
9.449767676767677926e+01 7.188361599970838464e-05 1.975172526581118459e-05 1.644435737930299737e-04 1.605300332121662084e-04
9.631474747474749165e+01 6.999505209741402573e-05 1.934246591012208974e-05 1.637619966188327413e-04 1.587659224689977832e-04
9.813181818181818983e+01 6.824972495944428596e-05 1.906533089349298627e-05 1.634363561076541190e-04 1.571761024223585726e-04
9.994888888888890222e+01 6.656824985827343845e-05 1.892601021080398177e-05 1.634214737865238680e-04 1.558737793561320694e-04
1.017659595959596146e+02 6.496230538485373615e-05 1.890655111195693776e-05 1.637186200532025557e-04 1.548589319391448465e-04
1.035830303030303128e+02 6.344429592207954938e-05 1.899092264301481441e-05 1.643304150213259745e-04 1.541332338654390684e-04
1.054001010101010252e+02 6.203620080864034620e-05 1.919537737211734512e-05 1.652584152878664825e-04 1.537148609602005927e-04
1.072171717171717376e+02 6.068167058890918742e-05 1.956575907747588728e-05 1.664646713967668880e-04 1.536917194847753766e-04
1.090342424242424357e+02 5.939073045531595646e-05 2.006016527464502474e-05 1.679549822241646043e-04 1.540482058903577139e-04
1.108513131313131481e+02 5.817867398182633354e-05 2.066314013261106978e-05 1.697338265002499766e-04 1.547829580347986379e-04
1.126683838383838605e+02 5.704514805854783043e-05 2.137527408133077614e-05 1.717958104667083167e-04 1.559142405224215851e-04
1.144854545454545587e+02 5.595348639141114723e-05 2.225876647824283670e-05 1.740937974563967088e-04 1.575407804897312072e-04
1.163025252525252711e+02 5.494157214885911448e-05 2.325917638244499817e-05 1.766566075821662438e-04 1.596051524459861197e-04
1.181195959595959835e+02 5.400893935665787668e-05 2.436691612704166996e-05 1.794801407587611017e-04 1.621084340109111676e-04
1.199366666666666816e+02 5.314824410739276713e-05 2.558393715491600245e-05 1.825497440536789429e-04 1.650646260297664145e-04
1.217537373737373940e+02 5.227606294827374223e-05 2.693935530006163689e-05 1.857779829548839175e-04 1.685385008029706855e-04
1.235708080808081064e+02 5.151514665818830350e-05 2.840277389869616808e-05 1.892545545438539258e-04 1.724683587537546522e-04
1.253878787878788046e+02 5.086430114121498459e-05 2.997321220451874355e-05 1.929706046263176178e-04 1.768544395609283708e-04
1.272049494949495170e+02 5.027137957854415403e-05 3.164512751185535590e-05 1.968688107947664764e-04 1.816944532104599773e-04
1.290220202020202294e+02 4.968284806925383666e-05 3.341876996537817597e-05 2.008699942601211244e-04 1.869891611810146697e-04
1.308390909090909133e+02 4.919331550007737257e-05 3.529700399106636583e-05 2.050600783917765416e-04 1.927127472891694223e-04
1.326561616161616257e+02 4.880172081511244156e-05 3.727740581266601207e-05 2.094243214728849529e-04 1.988499730387641661e-04
1.344732323232323381e+02 4.848584676318506943e-05 3.934159329878620032e-05 2.139081884656906303e-04 2.053595643500454385e-04
1.362903030303030505e+02 4.822200379095434661e-05 4.148074430724348624e-05 2.184485935867801719e-04 2.121982949535006191e-04
1.381073737373737345e+02 4.807191149650841272e-05 4.372716726813509648e-05 2.231230436697979327e-04 2.193854967666457236e-04
1.399244444444444753e+02 4.803172736503057329e-05 4.607534379420924193e-05 2.279120072668516534e-04 2.268903135301860981e-04
1.417415151515151592e+02 4.806823907113600379e-05 4.849671657711907810e-05 2.327401936759519827e-04 2.346332688898020949e-04
1.435585858585858716e+02 4.813569396057360212e-05 5.095612791190555279e-05 2.374821111457485977e-04 2.424921623535896873e-04
1.453756565656565840e+02 4.832553285042630109e-05 5.352058217104788308e-05 2.422864728544374944e-04 2.505651220220798969e-04
1.471927272727272964e+02 4.862856801523541531e-05 5.617730527830721194e-05 2.471279920117273009e-04 2.588050210025650568e-04
1.490097979797979804e+02 4.906770234091423053e-05 5.891167598331365570e-05 2.520198084817320563e-04 2.671609248230910031e-04
1.508268686868687212e+02 4.955883268610909270e-05 6.163586135496442061e-05 2.567168981983888616e-04 2.753590298633005031e-04
1.526439393939394051e+02 5.014837991481439907e-05 6.441629142828122091e-05 2.613405094835033883e-04 2.835250496242533490e-04
1.544610101010101175e+02 5.083572714260574095e-05 6.725000484648276122e-05 2.659107838575360699e-04 2.916556389818232759e-04
1.562780808080808299e+02 5.160186656713456737e-05 7.010857840896850799e-05 2.703931887851146682e-04 2.996833508784191714e-04
1.580951515151515423e+02 5.242695233850590248e-05 7.296116541748221050e-05 2.747520215959716079e-04 3.075376797281246773e-04
1.599122222222222263e+02 5.329495510237543851e-05 7.574705833007455377e-05 2.788467200943373146e-04 3.149984366177663916e-04
1.617292929292929671e+02 5.420789613070545984e-05 7.845528268975888325e-05 2.826533236587937281e-04 3.220045482900645841e-04
1.635463636363636510e+02 5.514163831245776705e-05 8.108418550194081912e-05 2.862565291803073533e-04 3.286533043998390337e-04
1.653634343434343634e+02 5.606817151431951719e-05 8.358979863964806866e-05 2.896159566051828278e-04 3.348667957051046861e-04
1.671805050505050758e+02 5.696050249932400135e-05 8.592862149691897326e-05 2.926924140953510492e-04 3.405689873707652498e-04
1.689975757575757882e+02 5.779315952254616723e-05 8.805861258656009431e-05 2.954486336152975122e-04 3.456872397751484249e-04
1.708146464646464722e+02 5.854270457123894036e-05 8.994025249655177988e-05 2.978500546201684170e-04 3.501539270997057278e-04
1.726317171717172130e+02 5.918823579427427971e-05 9.153763500314445562e-05 2.998656249940917615e-04 3.539080915221968311e-04
1.744487878787878969e+02 5.971186080921404821e-05 9.281953435244806572e-05 3.014685820478894807e-04 3.568970571278602308e-04
1.762658585858586093e+02 6.009912084794551682e-05 9.376039134479611115e-05 3.026371724878435302e-04 3.590779189327386232e-04
1.780829292929293217e+02 6.033934634903077398e-05 9.434116010713472738e-05 3.033552696941037990e-04 3.604188206409515054e-04
1.799000000000000057e+02 6.042592674333245660e-05 9.454996206459937813e-05 3.036128499396437640e-04 3.608999411735667909e-04
