# theta' [deg], IA + Unevolved [fm], IA + Evolved [fm], FSI + Unevolved [fm], FSI + Evolved [fm]
# 
1.000000000000000021e-02 9.698327044977826716e+00 9.830564441534209053e+00 9.466359767724705776e+00 9.608950689691443614e+00
1.827070707070707289e+00 8.790478188765078471e+00 8.915829559509443669e+00 8.569981212424350403e+00 8.705104001383364931e+00
3.644141414141414792e+00 6.792992368456864938e+00 6.901819576594218297e+00 6.600046281742185883e+00 6.717250021256327308e+00
5.461212121212121851e+00 4.703470440680849407e+00 4.792177885224448985e+00 4.544138364426540733e+00 4.639530182872643849e+00
7.278282828282828909e+00 3.060220448984289021e+00 3.129729887083317230e+00 2.933074706161519440e+00 3.007664453765021673e+00
9.095353535353536856e+00 1.946714981360753161e+00 2.000063063362317539e+00 1.846707457521948870e+00 1.903806163268832341e+00
1.091242424242424391e+01 1.245659935033850418e+00 1.286292831635144296e+00 1.167012586076868752e+00 1.210377177490742806e+00
1.272949494949495097e+01 8.110791341801717458e-01 8.419357032374489291e-01 7.488831572699387040e-01 7.817170473651844365e-01
1.454656565656565803e+01 5.373302387522749246e-01 5.606632943718236062e-01 4.878805502972132779e-01 5.126375624980524792e-01
1.636363636363636331e+01 3.606257072236219163e-01 3.781292777280695905e-01 3.211988266442251660e-01 3.397217208200827288e-01
1.818070707070707215e+01 2.441790306455379478e-01 2.571474397273256773e-01 2.127359620445521404e-01 2.264307484208278043e-01
1.999777777777778098e+01 1.703060407524565334e-01 1.798320606832751190e-01 1.449397285328876683e-01 1.550030492674761562e-01
2.181484848484848627e+01 1.216336785648658297e-01 1.285063890424203159e-01 1.009975741760357898e-01 1.082917486307387323e-01
2.363191919191919510e+01 8.662054172746369574e-02 9.139005157500294796e-02 6.995358530729767210e-02 7.506964877499454347e-02
2.544898989898990393e+01 6.323984972970611573e-02 6.639617603610610541e-02 4.966212793731217268e-02 5.313610998208020963e-02
2.726606060606060922e+01 4.689720900527991065e-02 4.880641933192930715e-02 3.580193031017190469e-02 3.802980240365141928e-02
2.908313131313131805e+01 3.441496495864299759e-02 3.534879749934566329e-02 2.547722669965680684e-02 2.674582431728227475e-02
3.090020202020202333e+01 2.637642191686045967e-02 2.658438451545677705e-02 1.902799584249795228e-02 1.961071078613683613e-02
3.271727272727272862e+01 1.990183374894593377e-02 1.955794327332731342e-02 1.398041201707117716e-02 1.405580787566442467e-02
3.453434343434343390e+01 1.538055062127896729e-02 1.463469781430226137e-02 1.057858936617633167e-02 1.030519739711343967e-02
3.635141414141414629e+01 1.187447602992644166e-02 1.084677567990852479e-02 8.033813490026164503e-03 7.532989468125403376e-03
3.816848484848485157e+01 9.277505769847390824e-03 8.061212290338893444e-03 6.224792262603989594e-03 5.590705094498265616e-03
3.998555555555555685e+01 7.297912263693581009e-03 5.971981231129407618e-03 4.905082181239169350e-03 4.213528986346085775e-03
4.180262626262626924e+01 5.777445524313039142e-03 4.399467436985656649e-03 3.938962159955892994e-03 3.244531221497680591e-03
4.361969696969697452e+01 4.615370577011581460e-03 3.234482698416559724e-03 3.238415722836385929e-03 2.583505098884557923e-03
4.543676767676767980e+01 3.709542733955708844e-03 2.359236327207971454e-03 2.722632984341113397e-03 2.135285658802310669e-03
4.725383838383839219e+01 3.003021064721738635e-03 1.711203347479381973e-03 2.344941712509974758e-03 1.844709045742603214e-03
4.907090909090909747e+01 2.454577899587353281e-03 1.238068785438855603e-03 2.071318670360627195e-03 1.667222951360943037e-03
5.088797979797980275e+01 2.011672289121521802e-03 8.836046474828386857e-04 1.867018466574390904e-03 1.564766153053695572e-03
5.270505050505051514e+01 1.674462353558282520e-03 6.401310072039537429e-04 1.724061798263270195e-03 1.518330098772763433e-03
5.452212121212122042e+01 1.389415744661886155e-03 4.527361592924689418e-04 1.615318279847399729e-03 1.505805356593555282e-03
5.633919191919192571e+01 1.178825404521311512e-03 3.369895359914920163e-04 1.542852403500747510e-03 1.513007355494186195e-03
5.815626262626263809e+01 9.938350146596799245e-04 2.459032857456746332e-04 1.488311346301714709e-03 1.536257130704356917e-03
5.997333333333334338e+01 8.574927996736104877e-04 1.956941626820458675e-04 1.453182922929534358e-03 1.557346911447669542e-03
6.179040404040404866e+01 7.393828373576476470e-04 1.595082313723576522e-04 1.428934896844611139e-03 1.583373575110901725e-03
6.360747474747475394e+01 6.450355880502004055e-04 1.394904189665883455e-04 1.413964761654428956e-03 1.604099436634930792e-03
6.542454545454545212e+01 5.681424270373851585e-04 1.296127782191524550e-04 1.405374649697717750e-03 1.618825434472604113e-03
6.724161616161616450e+01 5.017264208481902544e-04 1.250302465760483035e-04 1.401975186754567722e-03 1.632458733216484098e-03
6.905868686868687689e+01 4.504971895149190641e-04 1.259472642013771985e-04 1.400969711262704505e-03 1.632132306600381699e-03
7.087575757575757507e+01 4.050161760219207936e-04 1.286209608989407911e-04 1.402955225994411770e-03 1.631370252376468074e-03
7.269282828282828746e+01 3.678856706380421483e-04 1.325871976691614309e-04 1.405853521124933447e-03 1.622251130439052039e-03
7.450989898989899984e+01 3.363920730027463455e-04 1.369294315448611418e-04 1.409378032857649520e-03 1.607825747902023308e-03
7.632696969696969802e+01 3.084274298402573072e-04 1.415370910769266641e-04 1.413922357719502422e-03 1.592307056914234664e-03
7.814404040404041041e+01 2.858997008548105423e-04 1.450618370359052815e-04 1.417063569524335334e-03 1.568397539014907164e-03
7.996111111111112280e+01 2.655121973328117952e-04 1.483824086342817026e-04 1.420347227456627073e-03 1.544012151860444347e-03
8.177818181818182097e+01 2.476824374397425146e-04 1.510742355271892611e-04 1.423049972836064976e-03 1.517588308415132679e-03
8.359525252525253336e+01 2.323341534235233994e-04 1.527087366171672896e-04 1.424418920330708556e-03 1.488151310015636266e-03
8.541232323232324575e+01 2.182424720285135004e-04 1.539993316668136563e-04 1.425200301215073448e-03 1.458755470651795045e-03
8.722939393939394392e+01 2.058172106298019417e-04 1.544863294908372677e-04 1.424844630002303778e-03 1.428331739867292564e-03
8.904646464646465631e+01 1.946129522861523176e-04 1.542938496907227109e-04 1.423378994418443740e-03 1.397539757429368951e-03
9.086353535353536870e+01 1.841256141283460128e-04 1.538161566801226037e-04 1.421103315942554403e-03 1.367504303599396780e-03
9.268060606060606688e+01 1.746860898520544679e-04 1.527167973081847857e-04 1.417873607773653720e-03 1.337861788683133860e-03
9.449767676767677926e+01 1.658877469566707031e-04 1.512582896229167214e-04 1.413868637349401753e-03 1.309295477340390338e-03
9.631474747474749165e+01 1.574895161675888644e-04 1.496529421021326712e-04 1.409296092300184843e-03 1.282337183555490616e-03
9.813181818181818983e+01 1.497574780169651861e-04 1.476763086168556905e-04 1.404413117322144593e-03 1.257061439889319487e-03
9.994888888888890222e+01 1.423423318586215021e-04 1.456565392002234002e-04 1.399235446262480503e-03 1.233980071744382109e-03
1.017659595959596146e+02 1.351735958786047206e-04 1.436017561518054049e-04 1.394145993612242894e-03 1.213425108024034126e-03
1.035830303030303128e+02 1.284420516244357522e-04 1.413717389624073500e-04 1.389625331741647625e-03 1.195681622897997592e-03
1.054001010101010252e+02 1.217808928321789468e-04 1.394719425157620583e-04 1.385385533472481730e-03 1.181085959016300738e-03
1.072171717171717376e+02 1.153558207854060003e-04 1.375179140018899931e-04 1.382236432353972080e-03 1.169944852604858912e-03
1.090342424242424357e+02 1.090818283187947475e-04 1.356933552496328147e-04 1.380298182550708996e-03 1.162512429661327878e-03
1.108513131313131481e+02 1.029113324896187954e-04 1.341824739538945740e-04 1.379705374660129911e-03 1.158920070161402211e-03
1.126683838383838605e+02 9.697670816098562295e-05 1.326172203231709159e-04 1.381200339645460807e-03 1.159652817085117830e-03
1.144854545454545587e+02 9.086758029759194359e-05 1.314458748601987973e-04 1.384136886390417882e-03 1.164284647685418774e-03
1.163025252525252711e+02 8.503537032907048428e-05 1.302775076681724062e-04 1.389693863141687469e-03 1.173455390103945355e-03
1.181195959595959835e+02 7.929365862204774333e-05 1.291682474095756086e-04 1.397687481039892269e-03 1.186948946666099847e-03
1.199366666666666816e+02 7.350508349167308357e-05 1.281405137728248783e-04 1.407893162007283578e-03 1.204418158617412676e-03
1.217537373737373940e+02 6.803320783867455174e-05 1.269518982827103526e-04 1.421385341954609430e-03 1.226795803526552946e-03
1.235708080808081064e+02 6.247256994277147941e-05 1.256651084506961880e-04 1.436695172186825331e-03 1.251860682574066535e-03
1.253878787878788046e+02 5.741984717975474753e-05 1.241429157840524507e-04 1.455678214859254700e-03 1.281776120719007369e-03
1.272049494949495170e+02 5.244588018754434047e-05 1.222390880413549747e-04 1.476378913603098751e-03 1.313949640198042602e-03
1.290220202020202294e+02 4.805805377844933119e-05 1.200671109004573567e-04 1.500208170896742341e-03 1.349854284535647589e-03
1.308390909090909133e+02 4.433975661609721185e-05 1.174791840534338753e-04 1.526071674345654125e-03 1.387694648328066877e-03
1.326561616161616257e+02 4.162899967749052215e-05 1.146823822171331173e-04 1.554273257550355504e-03 1.427690027536450239e-03
1.344732323232323381e+02 4.024440058494033705e-05 1.117887384858370106e-04 1.584287292607945230e-03 1.469139752170563196e-03
1.362903030303030505e+02 4.077063289432113631e-05 1.091751625598115022e-04 1.615594050771355797e-03 1.511089306654686635e-03
1.381073737373737345e+02 4.389727097203349081e-05 1.073531667838545768e-04 1.648515574044981174e-03 1.553823845182768356e-03
1.399244444444444753e+02 5.104316279941598268e-05 1.072587121771179059e-04 1.682279886466896265e-03 1.595807670740143850e-03
1.417415151515151592e+02 6.332173051523384757e-05 1.100075116835721870e-04 1.717503623558111611e-03 1.637872477683492657e-03
1.435585858585858716e+02 8.321644470085988747e-05 1.176710797960180246e-04 1.753878360942672616e-03 1.679199980211518216e-03
1.453756565656565840e+02 1.138552938761055794e-04 1.330133637532744857e-04 1.792431726393204413e-03 1.720605637369524397e-03
1.471927272727272964e+02 1.584780815849991557e-04 1.592739514274884747e-04 1.835215660078539203e-03 1.764037871637922630e-03
1.490097979797979804e+02 2.273863536255749161e-04 2.051623711655476497e-04 1.884636010078865123e-03 1.810816129348690210e-03
1.508268686868687212e+02 3.201953862911308167e-04 2.719211550239332528e-04 1.946099691758517835e-03 1.867381879024015891e-03
1.526439393939394051e+02 4.709927685838820235e-04 3.887881056965797355e-04 2.030848221955245444e-03 1.941881093080211410e-03
1.544610101010101175e+02 6.769689762287756747e-04 5.564707584045776268e-04 2.148914878438254027e-03 2.046698899231582432e-03
1.562780808080808299e+02 9.881855243748579199e-04 8.206504111313007955e-04 2.329239530351222016e-03 2.208045429662914682e-03
1.580951515151515423e+02 1.463066971638651761e-03 1.237448205375176217e-03 2.617589903604174584e-03 2.470373244196109180e-03
1.599122222222222263e+02 2.138564676348147543e-03 1.845754748016842058e-03 3.055233064111466650e-03 2.876378216209083370e-03
1.617292929292929671e+02 3.206109971294674853e-03 2.827623017389369487e-03 3.789588428129362675e-03 3.567847220167373774e-03
1.635463636363636510e+02 4.898359779240363775e-03 4.411150846555729130e-03 5.027887449239489340e-03 4.749548143698983406e-03
1.653634343434343634e+02 7.502610566876235891e-03 6.881868981803913529e-03 7.043301153070337731e-03 6.694021616196063444e-03
1.671805050505050758e+02 1.158537915590875274e-02 1.079783446388341700e-02 1.035781133848319435e-02 9.918597932993813635e-03
1.689975757575757882e+02 1.813984209564335759e-02 1.713969052964802592e-02 1.590018976188979638e-02 1.534504537747720908e-02
1.708146464646464722e+02 2.894590788498394018e-02 2.766878932132225619e-02 2.535795047957884255e-02 2.465028786902857469e-02
1.726317171717172130e+02 4.603269335204795976e-02 4.441055801621582311e-02 4.073566901915163380e-02 3.983728913597054527e-02
1.744487878787878969e+02 7.172171750288157399e-02 6.968676519248186152e-02 6.436015244753222342e-02 6.323267087017341026e-02
1.762658585858586093e+02 1.047739898315326462e-01 1.023072177690260431e-01 9.523555678090231402e-02 9.386828763968711742e-02
1.780829292929293217e+02 1.372022105521004398e-01 1.343756401655960830e-01 1.258391076492522132e-01 1.242721303292114721e-01
1.799000000000000057e+02 1.529417645148436478e-01 1.499564166801770349e-01 1.407708656341764841e-01 1.391157666782737723e-01
