# theta' [deg], IA + Unevolved [fm], IA + Evolved [fm], FSI + Unevolved [fm], FSI + Evolved [fm]
# 
1.000000000000000021e-02 9.698327044923853890e+00 9.823359232328696677e+00 9.465341920694575251e+00 9.601792690595424062e+00
1.827070707070707289e+00 8.790478188645421298e+00 8.908977566186743857e+00 8.569009752646357114e+00 8.698297009123416856e+00
3.644141414141414792e+00 6.792992368482362764e+00 6.895817572259915984e+00 6.599185603390492538e+00 6.711286854169791205e+00
5.461212121212121851e+00 4.703470440697198107e+00 4.787214495616716192e+00 4.543412842024310727e+00 4.634597490218371973e+00
7.278282828282828909e+00 3.060220448984346753e+00 3.125762851219497485e+00 2.932479049909575419e+00 3.003719736809706831e+00
9.095353535353536856e+00 1.946714981356487684e+00 1.996938837288354751e+00 1.846221734417597959e+00 1.900696226796062760e+00
1.091242424242424391e+01 1.245659935032859877e+00 1.283835742701266991e+00 1.166613527644352333e+00 1.207926508492952022e+00
1.272949494949495097e+01 8.110791341795816622e-01 8.399964570502300720e-01 7.485509869987168052e-01 7.797764219802757468e-01
1.454656565656565803e+01 5.373302387520771939e-01 5.591287404214579926e-01 4.876006661106079831e-01 5.110940738384326387e-01
1.636363636363636331e+01 3.606257072235925509e-01 3.769155441366863202e-01 3.209609284494478465e-01 3.384919806069298653e-01
1.818070707070707215e+01 2.441790306455246806e-01 2.561910388985964571e-01 2.125326932831855808e-01 2.254519028415792881e-01
1.999777777777778098e+01 1.703060407524921993e-01 1.790752594794781938e-01 1.447628346138150335e-01 1.542167367259641708e-01
2.181484848484848627e+01 1.216336785649208829e-01 1.279078756106672154e-01 1.008413730575707934e-01 1.076563077560756115e-01
2.363191919191919510e+01 8.662054172752223224e-02 9.092404112121224569e-02 6.981623238379690288e-02 7.456033732608731424e-02
2.544898989898990393e+01 6.323984972975423002e-02 6.603545272944003064e-02 4.953955098264050533e-02 5.272522577695992752e-02
2.726606060606060922e+01 4.689720900530407882e-02 4.853118928260585080e-02 3.569165293254614180e-02 3.769756027540111659e-02
2.908313131313131805e+01 3.441496495864360128e-02 3.514584729453888029e-02 2.537919722801977931e-02 2.648032254438882974e-02
3.090020202020202333e+01 2.637642191686353013e-02 2.643693159889745972e-02 1.893833775856072418e-02 1.939384110120513302e-02
3.271727272727272862e+01 1.990183374894995832e-02 1.945729164354307109e-02 1.389983900821867464e-02 1.388044210305371638e-02
3.453434343434343390e+01 1.538055062128167866e-02 1.457046644607219027e-02 1.050523854220007137e-02 1.016067691263343974e-02
3.635141414141414629e+01 1.187447602992777393e-02 1.081146269138603087e-02 7.967584308057010234e-03 7.412721638066193351e-03
3.816848484848485157e+01 9.277505769847269393e-03 8.047757521549164100e-03 6.164891882766296294e-03 5.487995143638868881e-03
3.998555555555555685e+01 7.297912263693426618e-03 5.974472042224080771e-03 4.851127928778594181e-03 4.123096156370607140e-03
4.180262626262626924e+01 5.777445524313630683e-03 4.412762517965394295e-03 3.890639700746355897e-03 3.161917324760282668e-03
4.361969696969697452e+01 4.615370577012542497e-03 3.254198736699050534e-03 3.195364705851405120e-03 2.504941607113535338e-03
4.543676767676767980e+01 3.709542733956802153e-03 2.381597450876537115e-03 2.684664191290278123e-03 2.057755479682598417e-03
4.725383838383839219e+01 3.003021064722747376e-03 1.733107305774976526e-03 2.311875491795366711e-03 1.765863411167873515e-03
4.907090909090909747e+01 2.454577899588151254e-03 1.256966122776064908e-03 2.042894539891011198e-03 1.585180769911833992e-03
5.088797979797980275e+01 2.011672289122148904e-03 8.973176248992777377e-04 1.843288806120820054e-03 1.478310157404364757e-03
5.270505050505051514e+01 1.674462353558774531e-03 6.473889137549193205e-04 1.704597839443363315e-03 1.426669202988263118e-03
5.452212121212122042e+01 1.389415744662293815e-03 4.518508002744837850e-04 1.600400742981002112e-03 1.408413132227089156e-03
5.633919191919192571e+01 1.178825404521739988e-03 3.280764721987700560e-04 1.531856929778370674e-03 1.410252362325846920e-03
5.815626262626263809e+01 9.938350146601207611e-04 2.275321744364363404e-04 1.481617135166774651e-03 1.427919705448018510e-03
5.997333333333334338e+01 8.574927996739977647e-04 1.689782574650966810e-04 1.450151679644756490e-03 1.444752422955071242e-03
6.179040404040404866e+01 7.393828373579840749e-04 1.237974273095676745e-04 1.429724095312022002e-03 1.466790832073167029e-03
6.360747474747475394e+01 6.450355880504658182e-04 9.547019706945512072e-05 1.418312999522163085e-03 1.484727994716350226e-03
6.542454545454545212e+01 5.681424270375722918e-04 7.792162803515772140e-05 1.413052875791158056e-03 1.497775804980840033e-03
6.724161616161616450e+01 5.017264208483284901e-04 6.560971025763710253e-05 1.412990381920845679e-03 1.510323975216129686e-03
6.905868686868687689e+01 4.504971895150783876e-04 6.056019076798831640e-05 1.414794305926998829e-03 1.510812774277103853e-03
7.087575757575757507e+01 4.050161760220885197e-04 5.717300968482514267e-05 1.419589920008026539e-03 1.511270685953400306e-03
7.269282828282828746e+01 3.678856706381784325e-04 5.618384153230703519e-05 1.424935122586240208e-03 1.504659356553245033e-03
7.450989898989899984e+01 3.363920730028377979e-04 5.631260438734743949e-05 1.430632015941380635e-03 1.493636149322611142e-03
7.632696969696969802e+01 3.084274298403120052e-04 5.683610843180206664e-05 1.437234067293002675e-03 1.481848564697890464e-03
7.814404040404041041e+01 2.858997008548517420e-04 5.766408270347417786e-05 1.441900037147816806e-03 1.462941140548209510e-03
7.996111111111112280e+01 2.655121973328397134e-04 5.843424482379748236e-05 1.446549049732869831e-03 1.443721795745831014e-03
8.177818181818182097e+01 2.476824374397588861e-04 5.902300721305939429e-05 1.450338285789359643e-03 1.422808253602030233e-03
8.359525252525253336e+01 2.323341534235325880e-04 5.925570649000515044e-05 1.452396699765868627e-03 1.399355331480638858e-03
8.541232323232324575e+01 2.182424720285173223e-04 5.930638597452684641e-05 1.453670561659107250e-03 1.375904993580581584e-03
8.722939393939394392e+01 2.058172106298015080e-04 5.898551246806123070e-05 1.453478443723596513e-03 1.351558787294335293e-03
8.904646464646465631e+01 1.946129522861471677e-04 5.834459030350222156e-05 1.451875471169960076e-03 1.326859717114508294e-03
9.086353535353536870e+01 1.841256141283358755e-04 5.756422075189571256e-05 1.449274286294154578e-03 1.302715670676477108e-03
9.268060606060606688e+01 1.746860898520453064e-04 5.648220505603631140e-05 1.445427984547941868e-03 1.278877212808173305e-03
9.449767676767677926e+01 1.658877469566652008e-04 5.525393550237437914e-05 1.440590359642558629e-03 1.255911821850108764e-03
9.631474747474749165e+01 1.574895161675864792e-04 5.400778314391399619e-05 1.435051698718550154e-03 1.234269549752744707e-03
9.813181818181818983e+01 1.497574780169600903e-04 5.262503866247750803e-05 1.429013723902387281e-03 1.214108988179408944e-03
9.994888888888890222e+01 1.423423318586109583e-04 5.133381603920676663e-05 1.422552262266047526e-03 1.195858620775914994e-03
1.017659595959596146e+02 1.351735958785889454e-04 5.014448299031270872e-05 1.416140782886118757e-03 1.179867557809642035e-03
1.035830303030303128e+02 1.284420516244200042e-04 4.898094385728242017e-05 1.410253036453888503e-03 1.166495246863419278e-03
1.054001010101010252e+02 1.217808928321663972e-04 4.820997184609161063e-05 1.404607643727151869e-03 1.155979621271189780e-03
1.072171717171717376e+02 1.153558207853963780e-04 4.756957061788764208e-05 1.400141158861651410e-03 1.148772492265547280e-03
1.090342424242424357e+02 1.090818283187889199e-04 4.720474442116300197e-05 1.396986817757496502e-03 1.145126669631819395e-03
1.108513131313131481e+02 1.029113324896168438e-04 4.725353437056389433e-05 1.395255252625802198e-03 1.145170975731071719e-03
1.126683838383838605e+02 9.697670816098753386e-05 4.745691379130630931e-05 1.395829510714799567e-03 1.149542425110677705e-03
1.144854545454545587e+02 9.086758029759309555e-05 4.814431898819784047e-05 1.398048716385300949e-03 1.157726870904891587e-03
1.163025252525252711e+02 8.503537032907094507e-05 4.902276216779077959e-05 1.403137999237836836e-03 1.170525222328956411e-03
1.181195959595959835e+02 7.929365862204861069e-05 5.013479826420141541e-05 1.410945426669290431e-03 1.187735767489512140e-03
1.199366666666666816e+02 7.350508349167523842e-05 5.147810716153958813e-05 1.421281736840870587e-03 1.209022031858962868e-03
1.217537373737373940e+02 6.803320783867800763e-05 5.286123382565160452e-05 1.435300029850347702e-03 1.235450417175480708e-03
1.235708080808081064e+02 6.247256994277477268e-05 5.431720090412461008e-05 1.451420596574321984e-03 1.264699731696730754e-03
1.253878787878788046e+02 5.741984717975753935e-05 5.571108964998639120e-05 1.471660625551209425e-03 1.299099895650836440e-03
1.272049494949495170e+02 5.244588018754591256e-05 5.693037933772544172e-05 1.493973238401470442e-03 1.335978269692198730e-03
1.290220202020202294e+02 4.805805377845009691e-05 5.802061422431507647e-05 1.519862485264186335e-03 1.376881856932520107e-03
1.308390909090909133e+02 4.433975661609930571e-05 5.887921723569590645e-05 1.548151603453945232e-03 1.419977243945726034e-03
1.326561616161616257e+02 4.162899967749485218e-05 5.964430355825604661e-05 1.579185400727912318e-03 1.465479237893510013e-03
1.344732323232323381e+02 4.024440058494718108e-05 6.042635069440714223e-05 1.612417321226231265e-03 1.512663239595856204e-03
1.362903030303030505e+02 4.077063289432927460e-05 6.156300166323962111e-05 1.647296068998436872e-03 1.560507964436559734e-03
1.381073737373737345e+02 4.389727097204067365e-05 6.350318572590246300e-05 1.684145524204886486e-03 1.609269664790018584e-03
1.399244444444444753e+02 5.104316279941840858e-05 6.715992451110285792e-05 1.722105008863694100e-03 1.657290320664032502e-03
1.417415151515151592e+02 6.332173051523471493e-05 7.355046561638900384e-05 1.761809465540801903e-03 1.705348282282571426e-03
1.435585858585858716e+02 8.321644470087234224e-05 8.469521094275434068e-05 1.802869848236795169e-03 1.752466383235920478e-03
1.453756565656565840e+02 1.138552938761321965e-04 1.032652061263265733e-04 1.846267550047995826e-03 1.799326348674029066e-03
1.471927272727272964e+02 1.584780815850400843e-04 1.323718605912040092e-04 1.894046863215649058e-03 1.847757255027505409e-03
1.490097979797979804e+02 2.273863536256089872e-04 1.806547275354292896e-04 1.948417245143859887e-03 1.898703843926416446e-03
1.508268686868687212e+02 3.201953862911338525e-04 2.491476096743104585e-04 2.014976107277769921e-03 1.958747242974396945e-03
1.526439393939394051e+02 4.709927685841587661e-04 3.669599534893091901e-04 2.104471587560965279e-03 2.035025999510320198e-03
1.544610101010101175e+02 6.769689762293826111e-04 5.345764381508811766e-04 2.227298335337519856e-03 2.140347101624846468e-03
1.562780808080808299e+02 9.881855243756203309e-04 7.973860447547886053e-04 2.412037097949885304e-03 2.299932659131349519e-03
1.580951515151515423e+02 1.463066971639395740e-03 1.211109198379451465e-03 2.704353006404475526e-03 2.557561108178388418e-03
1.599122222222222263e+02 2.138564676348640638e-03 1.814434714492290822e-03 3.145681295479102989e-03 2.956007329649527372e-03
1.617292929292929671e+02 3.206109971294459314e-03 2.788503059642151796e-03 3.882948831528103533e-03 3.634952289819195874e-03
1.635463636363636510e+02 4.898359779239835551e-03 4.360567650576908406e-03 5.123280379651997361e-03 4.797836162442880095e-03
1.653634343434343634e+02 7.502610566873403955e-03 6.815507306887356835e-03 7.139886006048838316e-03 6.716395574086817151e-03
1.671805050505050758e+02 1.158537915589968534e-02 1.071010275754618116e-02 1.045448393564488154e-02 9.905728657349338953e-03
1.689975757575757882e+02 1.813984209562985103e-02 1.702316861542666621e-02 1.599547545590730702e-02 1.528439368077194951e-02
1.708146464646464722e+02 2.894590788491833988e-02 2.751344956003050346e-02 2.544985300773221215e-02 2.452472670069796509e-02
1.726317171717172130e+02 4.603269335203190316e-02 4.420548605058746000e-02 4.082215883698595699e-02 3.962840264876700547e-02
1.744487878787878969e+02 7.172171750316108652e-02 6.942126982244276046e-02 6.443916462859476668e-02 6.292231924970671797e-02
1.762658585858586093e+02 1.047739898318875984e-01 1.019777091580240796e-01 9.530615646913126460e-02 9.345042117260836390e-02
1.780829292929293217e+02 1.372022105504286105e-01 1.339923898193228768e-01 1.259023516857784020e-01 1.237638983629865547e-01
1.799000000000000057e+02 1.529417645138611281e-01 1.495493981399662886e-01 1.408307546242474617e-01 1.385674836057999570e-01
