# E' [MeV], IA + Unevolved [fm], IA + Evolved [fm], FSI + Unevolved [fm], FSI + Evolved [fm]
# 
1.000000000000000000e+01 6.811454602798646007e+00 6.810464519032255026e+00 4.864516662981836603e+00 4.864700599035965745e+00
1.106060606060606055e+01 6.721725362214844957e+00 6.720783485979053395e+00 4.938112862503221123e+00 4.938269926538554344e+00
1.212121212121212110e+01 6.600772267755397493e+00 6.599835986193578030e+00 4.969511454501541969e+00 4.969493441320856242e+00
1.318181818181818166e+01 6.456011737099440317e+00 6.455254497435770844e+00 4.961526203843726002e+00 4.962473156641459937e+00
1.424242424242424221e+01 6.312606425102245566e+00 6.311864365460744253e+00 4.939978920769219961e+00 4.940809474840372140e+00
1.530303030303030276e+01 6.155573212513887782e+00 6.155040204497771228e+00 4.891769050170929667e+00 4.892467470827670972e+00
1.636363636363636331e+01 5.988387127570149460e+00 5.988107169108852545e+00 4.822246838100016753e+00 4.822794993312685463e+00
1.742424242424242209e+01 5.814267464329173407e+00 5.814172727237474803e+00 4.740831104519283912e+00 4.742969854581644107e+00
1.848484848484848442e+01 5.635130710013393163e+00 5.635407711948594134e+00 4.645464591229099049e+00 4.647699377273873722e+00
1.954545454545454675e+01 5.453001544586784988e+00 5.453732127691488074e+00 4.538424986969150865e+00 4.540640801881097310e+00
2.060606060606060552e+01 5.269325304252244102e+00 5.270506842260346048e+00 4.421036059419267694e+00 4.423149349904071492e+00
2.166666666666666430e+01 5.085308701910162377e+00 5.087075923511416242e+00 4.298600407760903686e+00 4.303045003958927417e+00
2.272727272727272663e+01 4.902150301537668398e+00 4.904608348561985132e+00 4.171093878554579248e+00 4.176054329341266858e+00
2.378787878787878896e+01 4.739222947592626412e+00 4.742251906422217722e+00 4.057870113667923384e+00 4.062990525242314632e+00
2.484848484848484773e+01 4.587635768260437175e+00 4.591190400940877048e+00 3.951890208114273495e+00 3.956974911257192584e+00
2.590909090909090651e+01 4.437297591347048709e+00 4.441547117623052543e+00 3.844534350604007056e+00 3.851525226564661786e+00
2.696969696969696884e+01 4.288519978388246834e+00 4.293590022932228578e+00 3.735731009514031253e+00 3.743781358659141301e+00
2.803030303030303116e+01 4.141934602381586394e+00 4.147745769392045645e+00 3.624119972407061852e+00 3.632814841152409713e+00
2.909090909090908994e+01 3.997575918337781253e+00 4.004161305713472174e+00 3.511001582514867714e+00 3.520120463611290607e+00
3.015151515151514872e+01 3.855853405191973948e+00 3.863326082947613926e+00 3.398058801016911712e+00 3.407523534373043450e+00
3.121212121212121104e+01 3.716938394181590333e+00 3.725297117889887488e+00 3.285676403549382396e+00 3.295360499157681033e+00
3.227272727272727337e+01 3.580915474319815939e+00 3.590137867988728360e+00 3.174837980174636254e+00 3.187009674452799590e+00
3.333333333333332860e+01 3.448006384020831927e+00 3.458041232887556493e+00 3.067141337652449451e+00 3.080297715683736559e+00
3.439393939393939092e+01 3.318155327421369538e+00 3.329085027915063666e+00 2.959806959960182837e+00 2.973754310528390565e+00
3.545454545454545325e+01 3.191594247264784023e+00 3.203377251045701257e+00 2.853777568988011382e+00 2.868261039016518854e+00
3.651515151515151558e+01 3.070704937775240229e+00 3.083383430720814555e+00 2.751188807126977665e+00 2.766077578619564825e+00
3.757575757575757791e+01 2.972404315943863562e+00 2.985942531708948522e+00 2.668634980415401703e+00 2.683771539820636320e+00
3.863636363636363313e+01 2.876275334891967184e+00 2.890661618948619171e+00 2.586945111740579950e+00 2.604041309430172202e+00
3.969696969696969546e+01 2.782281925919405374e+00 2.797514979313527217e+00 2.508218672622629430e+00 2.526492300996789453e+00
4.075757575757575779e+01 2.690503880184040408e+00 2.706524511277787148e+00 2.430178072782167575e+00 2.449330349742930846e+00
4.181818181818181301e+01 2.600892413779713586e+00 2.617691369014127911e+00 2.353135951281734251e+00 2.372949328970993310e+00
4.287878787878787534e+01 2.513454524768512943e+00 2.531021340661899099e+00 2.277321906187687706e+00 2.297609168236387056e+00
4.393939393939393767e+01 2.428244733654278509e+00 2.446544613812957181e+00 2.202808383879584664e+00 2.223384198148793622e+00
4.500000000000000000e+01 2.345171116083714757e+00 2.364193820005862534e+00 2.129626494004376536e+00 2.150351760637927878e+00
4.606060606060606233e+01 2.264289108690935581e+00 2.283995944134994627e+00 2.057652986188521549e+00 2.079819447309362968e+00
4.712121212121211755e+01 2.185524754391467095e+00 2.205869687403890111e+00 1.988777742390911873e+00 2.011952124606061432e+00
4.818181818181817988e+01 2.108890976394389050e+00 2.129857057395384334e+00 1.920851023122383205e+00 1.944814786237146542e+00
4.924242424242424221e+01 2.034364394499315942e+00 2.055901739964729469e+00 1.854370623854138644e+00 1.878899973400641965e+00
5.030303030303029743e+01 1.961871343749692853e+00 1.983935022903380307e+00 1.789387997205880820e+00 1.814283015398482357e+00
5.136363636363635976e+01 1.891431126436966315e+00 1.913986013297960476e+00 1.726055836709614377e+00 1.751144544309454432e+00
5.242424242424242209e+01 1.822971460162796431e+00 1.845971443952389990e+00 1.664451742612781171e+00 1.689569745515464572e+00
5.348484848484848442e+01 1.756476361126071195e+00 1.779871957817886763e+00 1.604359329492983877e+00 1.629352208383701095e+00
5.454545454545454675e+01 1.699240997929092112e+00 1.723056911357448540e+00 1.552205270956039218e+00 1.578222101976209713e+00
5.560606060606060197e+01 1.648351646974351326e+00 1.672571071496292694e+00 1.506922983678316452e+00 1.533691547557983315e+00
5.666666666666666430e+01 1.598752447240458840e+00 1.623336303282630677e+00 1.462406783199693194e+00 1.489735884226635942e+00
5.772727272727272663e+01 1.550379329761695013e+00 1.575291681792525988e+00 1.418875359569107264e+00 1.446591297171305079e+00
5.878787878787878185e+01 1.503216854841254779e+00 1.528413668790830959e+00 1.376311295019478464e+00 1.404244833467083620e+00
5.984848484848484418e+01 1.457240501161777058e+00 1.482666260629317723e+00 1.334700806803744477e+00 1.362682461104052667e+00
6.090909090909090651e+01 1.412433146405952300e+00 1.438076800769328312e+00 1.293900922974979606e+00 1.321811195301662911e+00
6.196969696969696884e+01 1.368796830214979332e+00 1.394650601489098030e+00 1.254015874330929314e+00 1.281747827140315765e+00
6.303030303030303116e+01 1.326286112679621265e+00 1.352311567230455980e+00 1.214295768281373755e+00 1.241944046151772341e+00
6.409090909090909349e+01 1.284892001980151743e+00 1.311062596001147940e+00 1.176660625526398718e+00 1.204858489561924095e+00
6.515151515151515582e+01 1.244580597641282704e+00 1.270847804091694844e+00 1.139960535054889368e+00 1.168537844571619910e+00
6.621212121212121815e+01 1.205333080938177703e+00 1.231667433832904779e+00 1.104143490726810173e+00 1.132957879794255662e+00
6.727272727272726627e+01 1.167135795041128077e+00 1.193517518624095608e+00 1.069184195448118935e+00 1.098110430079489941e+00
6.833333333333332860e+01 1.129955569345423738e+00 1.156363452183630347e+00 1.035151418589576489e+00 1.064069769823837497e+00
6.939393939393939092e+01 1.093777323622964204e+00 1.120173234171665255e+00 1.001957683658350362e+00 1.030738641512997988e+00
7.045454545454545325e+01 1.058571421756479447e+00 1.084921457647503251e+00 9.695418449617725365e-01 9.980665715265530924e-01
7.151515151515151558e+01 1.024321058231046022e+00 1.050612183749192186e+00 9.379096835777304131e-01 9.660848686210374847e-01
7.257575757575756370e+01 9.910063196169984767e-01 1.017218833086950491e+00 9.070877994594338523e-01 9.348203870798570403e-01
7.363636363636362603e+01 9.586045442318467114e-01 9.847253177824282222e-01 8.767290251225826614e-01 9.043844657903331585e-01
7.469696969696968836e+01 9.271071556017593807e-01 9.531115880182020605e-01 8.477196379612198518e-01 8.755514312565592094e-01
7.575757575757575069e+01 8.964781038805481606e-01 9.223565142246216153e-01 8.194728770742615298e-01 8.473828398109628512e-01
7.681818181818181301e+01 8.689995416735770695e-01 8.947554208782747542e-01 7.941718700030080402e-01 8.220852877697909511e-01
7.787878787878787534e+01 8.455191569853190980e-01 8.711779077435769514e-01 7.726267478714647918e-01 8.004983186785877836e-01
7.893939393939393767e+01 8.226031103438677938e-01 8.481382840086554298e-01 7.515477591086628939e-01 7.792784728448415299e-01
8.000000000000000000e+01 8.002454185504062067e-01 8.256508326463166680e-01 7.309533798692297024e-01 7.584669488372414170e-01
8.106060606060606233e+01 7.784238754197015941e-01 8.036850033386824244e-01 7.108113451614946898e-01 7.380266742391908830e-01
8.212121212121212466e+01 7.571334238439735298e-01 7.822249808127190729e-01 6.910833396329933986e-01 7.179126363555349277e-01
8.318181818181817277e+01 7.363583459375436790e-01 7.612760909548929034e-01 6.717878773856817975e-01 6.981667547975668464e-01
8.424242424242423510e+01 7.160878472623686264e-01 7.408154005199084624e-01 6.525275722227105168e-01 6.784329702022738884e-01
8.530303030303029743e+01 6.963102758030194073e-01 7.208248492842042054e-01 6.343250623751489625e-01 6.602938705177779921e-01
8.636363636363635976e+01 6.770152471663719584e-01 7.013124917407631553e-01 6.165575236871153608e-01 6.425188082988597671e-01
8.742424242424242209e+01 6.581979832343367587e-01 6.822764090341285614e-01 5.992411337221729140e-01 6.251298732464080077e-01
8.848484848484848442e+01 6.398423413116289815e-01 6.637007353895418849e-01 5.823483067820041104e-01 6.081022661594912559e-01
8.954545454545454675e+01 6.219392835058360491e-01 6.455747599963529426e-01 5.658443422936844103e-01 5.914025646006904058e-01
9.060606060606059486e+01 6.044780802268510111e-01 6.278887803961497038e-01 5.497453921847250680e-01 5.750509366063799588e-01
9.166666666666665719e+01 5.874502369970719950e-01 6.106287528471161519e-01 5.340460045640392783e-01 5.590397828329759511e-01
9.272727272727271952e+01 5.708487601984636450e-01 5.937892188168117924e-01 5.187583609503757520e-01 5.433860219957558080e-01
9.378787878787878185e+01 5.546602230574253500e-01 5.773475432653273343e-01 5.038612126466757157e-01 5.280622321540503483e-01
9.484848484848484418e+01 5.388760909948809852e-01 5.612803865908743139e-01 4.892285756922644668e-01 5.129278854317957936e-01
9.590909090909090651e+01 5.234867448023745595e-01 5.456072825793695236e-01 4.746660959017510728e-01 4.977175785771560945e-01
9.696969696969696884e+01 5.084854413333507184e-01 5.303221130059834199e-01 4.608288059015589466e-01 4.838242596133837670e-01
9.803030303030303116e+01 4.938636521028272885e-01 5.154177533608560458e-01 4.473380013949314060e-01 4.702294739070999596e-01
9.909090909090909349e+01 4.796099659406636295e-01 5.008810688386585719e-01 4.341859239579018426e-01 4.569254619953240781e-01
1.001515151515151416e+02 4.657129402229527315e-01 4.866981696948068925e-01 4.213177178912824172e-01 4.438566606577372120e-01
1.012121212121212039e+02 4.521680351964699751e-01 4.728687516169380323e-01 4.087618364525280601e-01 4.310577279287094443e-01
1.022727272727272663e+02 4.389699838120563746e-01 4.593860936342685219e-01 3.965247968462107808e-01 4.185359666933458067e-01
1.033333333333333286e+02 4.261091377271540304e-01 4.462385327059318341e-01 3.845989112280273070e-01 4.062838501531794710e-01
1.043939393939393909e+02 4.135764951814887014e-01 4.334211763110313864e-01 3.729754696673324155e-01 3.942982517151759070e-01
1.054545454545454533e+02 4.033781400782213700e-01 4.229805267536849156e-01 3.635505074023647198e-01 3.845237362244908752e-01
1.065151515151515156e+02 3.936425042998389356e-01 4.130082516396895165e-01 3.545615295725135785e-01 3.751567382406567619e-01
1.075757575757575637e+02 3.841234665085830335e-01 4.032521643740551442e-01 3.457770202910120938e-01 3.659603609703199756e-01
1.086363636363636260e+02 3.748163672656185108e-01 3.936958331275013379e-01 3.369531522206380969e-01 3.565817603386505774e-01
1.096969696969696884e+02 3.657168431083986926e-01 3.843449698189227992e-01 3.286250944289068054e-01 3.481856841171466210e-01
1.107575757575757507e+02 3.568205271583970162e-01 3.751909752914451834e-01 3.204869844611663576e-01 3.399379782141688788e-01
1.118181818181818130e+02 3.481230675349770154e-01 3.662327893971844550e-01 3.125230434095606635e-01 3.318264336942128301e-01
1.128787878787878753e+02 3.396202678873515568e-01 3.574706269193276276e-01 3.047268132955647801e-01 3.238498256785645735e-01
1.139393939393939377e+02 3.313080131789296057e-01 3.489013550699934796e-01 2.971037762493963785e-01 3.160160861393122578e-01
1.150000000000000000e+02 3.231799966249023215e-01 3.405176022221350629e-01 2.896484545892852314e-01 3.083199100017688377e-01
