# theta' [deg], IA + Unevolved [fm], IA + Evolved [fm], FSI + Unevolved [fm], FSI + Evolved [fm]
# 
1.000000000000000021e-02 9.418471555462862429e-04 1.069869658234602009e-03 1.262832491041653059e-03 1.407901521097773253e-03
1.827070707070707289e+00 9.390785170278154008e-04 1.065769405842373211e-03 1.259706824016427118e-03 1.403454491704178185e-03
3.644141414141414792e+00 9.308714719264001925e-04 1.053629158776851846e-03 1.250442081306383114e-03 1.390287869644861365e-03
5.461212121212121851e+00 9.173407989858528436e-04 1.033660077247383451e-03 1.235169435913406220e-03 1.368631516886218867e-03
7.278282828282828909e+00 8.986763406534008323e-04 1.006209083520963679e-03 1.214104865541437055e-03 1.338862158809658908e-03
9.095353535353536856e+00 8.751411770343563200e-04 9.717522774926238118e-04 1.187545718610604536e-03 1.301494951315106813e-03
1.091242424242424391e+01 8.470689553663679136e-04 9.308860044309133367e-04 1.155865999387757290e-03 1.257172199833850833e-03
1.272949494949495097e+01 8.148602984791273067e-04 8.843158449576651349e-04 1.119510469573983856e-03 1.206649701187782059e-03
1.454656565656565803e+01 7.789782394238883162e-04 8.328438591212593712e-04 1.078987698729642723e-03 1.150781253839850424e-03
1.636363636363636331e+01 7.399426727634144741e-04 7.773544650183664357e-04 1.034862230991618953e-03 1.090501920796913774e-03
1.818070707070707215e+01 6.983238689002552830e-04 7.187993643502843186e-04 9.877460668377617374e-04 1.026810632543328008e-03
1.999777777777778098e+01 6.547351573721490970e-04 6.581819401115444716e-04 9.382896822483346782e-04 9.607526882727050440e-04
2.181484848484848627e+01 6.144612872346720935e-04 6.023332644747596189e-04 8.918686777674312421e-04 8.993388980834919741e-04
2.363191919191919510e+01 5.782184631649385032e-04 5.522112709131887353e-04 8.492917020337414262e-04 8.436385699565183581e-04
2.544898989898990393e+01 5.412696701318013255e-04 5.020128730331300864e-04 8.058080309471981261e-04 7.877462701690985487e-04
2.726606060606060922e+01 5.040475489148180934e-04 4.524219396161505082e-04 7.618750590728441295e-04 7.323710230196454332e-04
2.908313131313131805e+01 4.669889277959201647e-04 4.041075216032716006e-04 7.179475541595652707e-04 6.781993652706172363e-04
3.090020202020202333e+01 4.316617771763796882e-04 3.591821838230323618e-04 6.756573505829842731e-04 6.274398554583691077e-04
3.271727272727272862e+01 4.028418369429915017e-04 3.237363510192864781e-04 6.400662876624922497e-04 5.866056202327642622e-04
3.453434343434343390e+01 3.745342326599285297e-04 2.899073988267466401e-04 6.049547672379734526e-04 5.474265604724262279e-04
3.635141414141414629e+01 3.469782473226195891e-04 2.580369709834001365e-04 5.705648791690833129e-04 5.102462261610358693e-04
3.816848484848485157e+01 3.204265233228825987e-04 2.284390675838126369e-04 5.371511356882598164e-04 4.753771328740624734e-04
3.998555555555555685e+01 2.981073840138113475e-04 2.053041330016468712e-04 5.082687670673338926e-04 4.474279460773303795e-04
4.180262626262626924e+01 2.778598874132545715e-04 1.855540042503280550e-04 4.816370178566908812e-04 4.231194871979708353e-04
4.361969696969697452e+01 2.584678910637433166e-04 1.675036307292776972e-04 4.559142083642157188e-04 4.005942719925815543e-04
4.543676767676767980e+01 2.400651301159931477e-04 1.512620554012743777e-04 4.312329666113797855e-04 3.799573499628906381e-04
4.725383838383839219e+01 2.243094561129124504e-04 1.388934416395260429e-04 4.095475408482509108e-04 3.635479485438428983e-04
4.907090909090909747e+01 2.102859402025551575e-04 1.289948079675060837e-04 3.898785282214507070e-04 3.498671057602147842e-04
5.088797979797980275e+01 1.970096791502081552e-04 1.201989783165266159e-04 3.710671236100267180e-04 3.373764785092992044e-04
5.270505050505051514e+01 1.845448248603779999e-04 1.125178470287752379e-04 3.531776119397119938e-04 3.260873749891672374e-04
5.452212121212122042e+01 1.738938833278638404e-04 1.071155325425237037e-04 3.375215342273627829e-04 3.173066142577535493e-04
5.633919191919192571e+01 1.642364244168259611e-04 1.028268815458792710e-04 3.231308919349556671e-04 3.097752687802605076e-04
5.815626262626263809e+01 1.551716116873749958e-04 9.907971250376293058e-05 3.094875910013644921e-04 3.028640711071583754e-04
5.997333333333334338e+01 1.467259964248516753e-04 9.585612215174124857e-05 2.966212650969114414e-04 2.965596682997850364e-04
6.179040404040404866e+01 1.395040599830858112e-04 9.380406585277334668e-05 2.854486889770733592e-04 2.914655010095670872e-04
6.360747474747475394e+01 1.327943997292331286e-04 9.204424999325522456e-05 2.750110387947370897e-04 2.867268126022176709e-04
6.542454545454545212e+01 1.265118622378940078e-04 9.044739087953586137e-05 2.651838141262133288e-04 2.822284052270899297e-04
6.724161616161616450e+01 1.206912571983202726e-04 8.902370194486748428e-05 2.560228915643320284e-04 2.779763079334303106e-04
6.905868686868687689e+01 1.156136571090527235e-04 8.806666086317115993e-05 2.480509889539646035e-04 2.740642234891619341e-04
7.087575757575757507e+01 1.108357604545248226e-04 8.709273999952546832e-05 2.405803204675924082e-04 2.702180053357587652e-04
7.269282828282828746e+01 1.063599889291050852e-04 8.609335921737672757e-05 2.336169405623416014e-04 2.664421450434811670e-04
7.450989898989899984e+01 1.022270405543599959e-04 8.511066154299798381e-05 2.272422534396735213e-04 2.627312517059208520e-04
7.632696969696969802e+01 9.849461561828475238e-05 8.425652501627195403e-05 2.216228302581095370e-04 2.590328442502063885e-04
7.814404040404041041e+01 9.497699746980691295e-05 8.333036324618283796e-05 2.164419935827125482e-04 2.553828604127077856e-04
7.996111111111112280e+01 9.167098516012584864e-05 8.231966979332903142e-05 2.116920110607495981e-04 2.517853044026859216e-04
8.177818181818182097e+01 8.860124771024062613e-05 8.127217715904546693e-05 2.074292501925725470e-04 2.482299843488679713e-04
8.359525252525253336e+01 8.577388018550883566e-05 8.025796046522578567e-05 2.037026531736967387e-04 2.446868746112691316e-04
8.541232323232324575e+01 8.309165955635523164e-05 7.919834220622303086e-05 2.003632419313411774e-04 2.412731880371232448e-04
8.722939393939394392e+01 8.055901302355753251e-05 7.806250467927589455e-05 1.974019308113008286e-04 2.379756905777559472e-04
8.904646464646465631e+01 7.818738849799724286e-05 7.688206046430173780e-05 1.948412806473593154e-04 2.347982738606122855e-04
9.086353535353536870e+01 7.598605414939263913e-05 7.573056780782901596e-05 1.927107352271695815e-04 2.317354292920529451e-04
9.268060606060606688e+01 7.388255377455582888e-05 7.457058778968411229e-05 1.909251312622164477e-04 2.288979143967055034e-04
9.449767676767677926e+01 7.188361599970838464e-05 7.337700089138303569e-05 1.894813490196322573e-04 2.262737410892703071e-04
9.631474747474749165e+01 6.999505209741402573e-05 7.213764274882781202e-05 1.883791985028096690e-04 2.238598553659953993e-04
9.813181818181818983e+01 6.824972495944428596e-05 7.094085601241910562e-05 1.876515639461846688e-04 2.216617015725926411e-04
9.994888888888890222e+01 6.656824985827343845e-05 6.977816405270140438e-05 1.872373496621746044e-04 2.197788492956912918e-04
1.017659595959596146e+02 6.496230538485373615e-05 6.861878799096845518e-05 1.871357997612500942e-04 2.181863475677632135e-04
1.035830303030303128e+02 6.344429592207954938e-05 6.743480834942585332e-05 1.873477103219159585e-04 2.168599059866556161e-04
1.054001010101010252e+02 6.203620080864034620e-05 6.625919902366475349e-05 1.878817256906278280e-04 2.158114127612265358e-04
1.072171717171717376e+02 6.068167058890918742e-05 6.517719894985595506e-05 1.887072813814138638e-04 2.151453669260247755e-04
1.090342424242424357e+02 5.939073045531595646e-05 6.411168014625819890e-05 1.898196957104685164e-04 2.147962420231134997e-04
1.108513131313131481e+02 5.817867398182633354e-05 6.303626636233470638e-05 1.912210233622978997e-04 2.147314353253511397e-04
1.126683838383838605e+02 5.704514805854783043e-05 6.195530924002482149e-05 1.929067100462119439e-04 2.149505651046163066e-04
1.144854545454545587e+02 5.595348639141114723e-05 6.098835170215890497e-05 1.948434250483922531e-04 2.155791099618735950e-04
1.163025252525252711e+02 5.494157214885911448e-05 6.003493976821427854e-05 1.970459897759136217e-04 2.164960278297473181e-04
1.181195959595959835e+02 5.400893935665787668e-05 5.908194106940241000e-05 1.995088437442534891e-04 2.176781823714161578e-04
1.199366666666666816e+02 5.314824410739276713e-05 5.813904718495939043e-05 2.022189859195717531e-04 2.191260190017854583e-04
1.217537373737373940e+02 5.227606294827374223e-05 5.727437897095464148e-05 2.051018765698724199e-04 2.209197354807165348e-04
1.235708080808081064e+02 5.151514665818830350e-05 5.642349060343221313e-05 2.082285578043452476e-04 2.229454263791391905e-04
1.253878787878788046e+02 5.086430114121498459e-05 5.559066096384175204e-05 2.115897706615474188e-04 2.251922920128370149e-04
1.272049494949495170e+02 5.027137957854415403e-05 5.478097462185695473e-05 2.151344485256017410e-04 2.276549881014798278e-04
1.290220202020202294e+02 4.968284806925383666e-05 5.401247427381676352e-05 2.187893559720663534e-04 2.303369842824151334e-04
1.308390909090909133e+02 4.919331550007737257e-05 5.327662755757159210e-05 2.226276830033654887e-04 2.331911171397986992e-04
1.326561616161616257e+02 4.880172081511244156e-05 5.257807084441426212e-05 2.266352329201034395e-04 2.362031924962920335e-04
1.344732323232323381e+02 4.848584676318506943e-05 5.190918108663325150e-05 2.307587900303559292e-04 2.393389672668259796e-04
1.362903030303030505e+02 4.822200379095434661e-05 5.127400589999007497e-05 2.349352960077325122e-04 2.425634303487828969e-04
1.381073737373737345e+02 4.807191149650841272e-05 5.070717456943707918e-05 2.392377331757442917e-04 2.459010668035940990e-04
1.399244444444444753e+02 4.803172736503057329e-05 5.021149612520591762e-05 2.436478000988142082e-04 2.493360822615722414e-04
1.417415151515151592e+02 4.806823907113600379e-05 4.976993670590540431e-05 2.480927100752734781e-04 2.528089407794215245e-04
1.435585858585858716e+02 4.813569396057360212e-05 4.936664160676981707e-05 2.524471820334947677e-04 2.562221496627991495e-04
1.453756565656565840e+02 4.832553285042630109e-05 4.907218492581487564e-05 2.568563769905821657e-04 2.596953045169261062e-04
1.471927272727272964e+02 4.862856801523541531e-05 4.888347385768371565e-05 2.612973300922876124e-04 2.632099235207515514e-04
1.490097979797979804e+02 4.906770234091423053e-05 4.879626101923409788e-05 2.657807424990720662e-04 2.667468385166168695e-04
1.508268686868687212e+02 4.955883268610909270e-05 4.876213992413699975e-05 2.700610537639020641e-04 2.700824904584432748e-04
1.526439393939394051e+02 5.014837991481439907e-05 4.884643260981120729e-05 2.742641805481181518e-04 2.733706627927744333e-04
1.544610101010101175e+02 5.083572714260574095e-05 4.905121228062088554e-05 2.784152143676878362e-04 2.766434644999972501e-04
1.562780808080808299e+02 5.160186656713456737e-05 4.936057753852803032e-05 2.824835438242206671e-04 2.798748280083655912e-04
1.580951515151515423e+02 5.242695233850590248e-05 4.975726112736178361e-05 2.864374756952892663e-04 2.830373524661542253e-04
1.599122222222222263e+02 5.329495510237543851e-05 5.022664447021053184e-05 2.901312680083932062e-04 2.859754545226137184e-04
1.617292929292929671e+02 5.420789613070545984e-05 5.077977629205658643e-05 2.935419671085814507e-04 2.886760517634132431e-04
1.635463636363636510e+02 5.514163831245776705e-05 5.139524455144155488e-05 2.967686793583138418e-04 2.912582589158598033e-04
1.653634343434343634e+02 5.606817151431951719e-05 5.204359528357264849e-05 2.997758722455188770e-04 2.936876124466627699e-04
1.671805050505050758e+02 5.696050249932400135e-05 5.269616146246720108e-05 3.025289656562181700e-04 2.959302382591382972e-04
1.689975757575757882e+02 5.779315952254616723e-05 5.332567440297982669e-05 3.049949902130166726e-04 2.979535605722714343e-04
1.708146464646464722e+02 5.854270457123894036e-05 5.390688101327059244e-05 3.071432960099191147e-04 2.997270713920981372e-04
1.726317171717172130e+02 5.918823579427427971e-05 5.441714604290526501e-05 3.089462828406661370e-04 3.012231280357362956e-04
1.744487878787878969e+02 5.971186080921404821e-05 5.483701668565781653e-05 3.103801167445210799e-04 3.024177390685228273e-04
1.762658585858586093e+02 6.009912084794551682e-05 5.515072639192329478e-05 3.114253937670039148e-04 3.032912945872862803e-04
1.780829292929293217e+02 6.033934634903077398e-05 5.534661575600560696e-05 3.120677111221618807e-04 3.038291959941153949e-04
1.799000000000000057e+02 6.042592674333245660e-05 5.541745096316198337e-05 3.122981089842132799e-04 3.040223438469729592e-04
