# theta' [deg], IA + Unevolved [fm], IA + Evolved [fm], FSI + Unevolved [fm], FSI + Evolved [fm]
# 
1.000000000000000021e-02 1.412734420154481861e-03 1.214371313004658981e-03 1.916231141992920904e-03 1.573437283141893408e-03
1.827070707070707289e+00 1.408179681715805622e-03 1.209191649529876150e-03 1.911086017456524065e-03 1.567595434088405165e-03
3.644141414141414792e+00 1.394684696515821132e-03 1.193858017186269016e-03 1.895836954172961265e-03 1.550293584439174470e-03
5.461212121212121851e+00 1.372456815168524458e-03 1.168644427344364472e-03 1.870703810223888885e-03 1.521817370885079120e-03
7.278282828282828909e+00 1.341835661114813057e-03 1.133999700291271487e-03 1.836046701389850962e-03 1.482634719836267668e-03
9.095353535353536856e+00 1.303285251401593283e-03 1.090537069236883951e-03 1.792357657995432294e-03 1.433385103431647056e-03
1.091242424242424391e+01 1.257383509820296161e-03 1.039020341870596159e-03 1.740249525245576769e-03 1.374865238210362965e-03
1.272949494949495097e+01 1.204809653504968284e-03 9.803472525697553772e-04 1.680442620101739145e-03 1.308011880882286801e-03
1.454656565656565803e+01 1.146330000902950766e-03 9.155307262979884512e-04 1.613749728277076708e-03 1.233882466327413481e-03
1.636363636363636331e+01 1.082782775604750362e-03 8.456788102238681302e-04 1.541060052266170904e-03 1.153634368842059495e-03
1.818070707070707215e+01 1.015062469009831141e-03 7.719740139752974059e-04 1.463322707900949855e-03 1.068503551708889238e-03
1.999777777777778098e+01 9.441042808784096954e-04 6.956527416816867156e-04 1.381530318949564630e-03 9.797833101598293730e-04
2.181484848484848627e+01 8.783662613635675066e-04 6.259134018638239788e-04 1.305187555331695313e-03 8.980543691656846933e-04
2.363191919191919510e+01 8.191863161757288953e-04 5.640341313439162533e-04 1.235871021041993817e-03 8.249010985658764439e-04
2.544898989898990393e+01 7.589445023319378765e-04 5.019920591308016421e-04 1.164963228791164812e-03 7.509487352870288348e-04
2.726606060606060922e+01 6.982688910226132663e-04 4.406061058312352847e-04 1.093141388159891763e-03 6.770658199953364124e-04
2.908313131313131805e+01 6.377734927037175677e-04 3.806767391594937972e-04 1.021068133164854553e-03 6.041028979327862014e-04
3.090020202020202333e+01 5.800044928491174864e-04 3.250100281210950592e-04 9.516637161844431836e-04 5.353887406293847840e-04
3.271727272727272862e+01 5.332962311541762559e-04 2.820339813586906553e-04 8.947290105816145013e-04 4.814650146574869609e-04
3.453434343434343390e+01 4.873679724746409598e-04 2.408472848932458824e-04 8.383208066094350978e-04 4.290151190383876384e-04
3.635141414141414629e+01 4.425517842683030357e-04 2.018702708586027079e-04 7.828081400752527922e-04 3.784967664173996267e-04
3.816848484848485157e+01 3.991676226865823319e-04 1.654968206876393500e-04 7.285446620868199627e-04 3.303407149063075318e-04
3.998555555555555685e+01 3.631940086420903588e-04 1.375395494331490144e-04 6.828028625428412277e-04 2.923710729354644000e-04
4.180262626262626924e+01 3.308026785297075133e-04 1.138031242459736791e-04 6.410595971128588621e-04 2.593032796086652760e-04
4.361969696969697452e+01 2.996514560221476232e-04 9.196619727095905572e-05 6.004686216456757430e-04 2.280179292790110370e-04
4.543676767676767980e+01 2.698980157286315286e-04 7.220085272865458094e-05 5.612100235816818838e-04 1.987125645106170482e-04
4.725383838383839219e+01 2.448996317514643751e-04 5.735207903588700234e-05 5.275774187378739046e-04 1.757766315829157060e-04
4.907090909090909747e+01 2.229924073288723279e-04 4.558756639974545353e-05 4.975704463038370081e-04 1.568206834860808355e-04
5.088797979797980275e+01 2.021346978450092632e-04 3.509773655059953676e-05 4.685953890181807145e-04 1.391117042916934366e-04
5.270505050505051514e+01 1.823983274911990737e-04 2.594644618842107504e-05 4.407386670847323771e-04 1.227303249497632904e-04
5.452212121212122042e+01 1.661289206693616633e-04 1.965103890407153539e-05 4.172090170129023000e-04 1.106462784019050289e-04
5.633919191919192571e+01 1.516231017181148694e-04 1.476125964077979944e-05 3.958011434698762657e-04 1.005626265629944714e-04
5.815626262626263809e+01 1.379134985972834478e-04 1.059237388339754711e-05 3.752055307841522906e-04 9.121264417985542033e-05
5.997333333333334338e+01 1.250294935996318422e-04 7.163570452885466512e-06 3.554608286002016240e-04 8.262601561210568854e-05
6.179040404040404866e+01 1.146986113584169128e-04 5.142220863059890793e-06 3.391403677650006178e-04 7.684102702397740774e-05
6.360747474747475394e+01 1.051707157028972269e-04 3.587906927255237094e-06 3.237645447169443334e-04 7.173117436049077555e-05
6.542454545454545212e+01 9.620188587088658453e-05 2.390111252743713504e-06 3.089786568557092647e-04 6.700152033110654806e-05
6.724161616161616450e+01 8.788123753868114262e-05 1.566255343888104773e-06 2.949243811444861546e-04 6.274276218367888568e-05
6.905868686868687689e+01 8.122084861355766453e-05 1.205074015041559867e-06 2.832741116752880749e-04 6.000141893543271452e-05
7.087575757575757507e+01 7.493757152939439900e-05 1.003401415000946079e-06 2.720303444676040001e-04 5.743505005888358065e-05
7.269282828282828746e+01 6.903507090167589348e-05 9.618113617428782506e-07 2.612013818502318492e-04 5.504785474110317569e-05
7.450989898989899984e+01 6.367269842521488881e-05 1.069932661720554110e-06 2.510752244915495537e-04 5.298024611897896122e-05
7.632696969696969802e+01 5.921049935442673605e-05 1.244510740020414661e-06 2.423484063652414828e-04 5.154563441553028407e-05
7.814404040404041041e+01 5.500781056742322372e-05 1.488851271087898514e-06 2.339107380747052097e-04 5.018845412291075868e-05
7.996111111111112280e+01 5.105876083978358226e-05 1.803140478520587745e-06 2.257586021459959905e-04 4.891082757410781845e-05
8.177818181818182097e+01 4.748752835791595944e-05 2.157992433574293739e-06 2.181488737287157740e-04 4.779824546423606024e-05
8.359525252525253336e+01 4.443435518100564133e-05 2.486567718683033437e-06 2.114131539487967208e-04 4.694901740895971143e-05
8.541232323232324575e+01 4.155574755530405423e-05 2.846414740814013139e-06 2.048814408370719440e-04 4.613404608851259326e-05
8.722939393939394392e+01 3.884418311390268547e-05 3.239204136737278669e-06 1.985446256998550890e-04 4.535374730213571822e-05
8.904646464646465631e+01 3.635958204384095565e-05 3.646161046398135412e-06 1.925479377574391363e-04 4.463774356250211755e-05
9.086353535353536870e+01 3.420958487339573114e-05 4.018413706461834436e-06 1.871780814459601675e-04 4.403803623820789023e-05
9.268060606060606688e+01 3.217301683194242058e-05 4.404172399768421140e-06 1.819484603918923886e-04 4.345555296857810248e-05
9.449767676767677926e+01 3.024561925296223166e-05 4.805917518429788998e-06 1.768528885050265720e-04 4.288949599098632834e-05
9.631474747474749165e+01 2.842830862494725996e-05 5.224386030852760422e-06 1.718975800763075559e-04 4.234028834902293356e-05
9.813181818181818983e+01 2.685810990440531872e-05 5.615739210587913722e-06 1.674723598447122673e-04 4.184620649909866924e-05
9.994888888888890222e+01 2.536021072824109845e-05 6.005376948992055098e-06 1.631445047110600499e-04 4.136339027602187814e-05
1.017659595959596146e+02 2.393255666923364518e-05 6.398807563163723054e-06 1.589087600642866051e-04 4.088991134056836640e-05
1.035830303030303128e+02 2.257466473112886940e-05 6.802239953953894039e-06 1.547623501811923319e-04 4.042418710243747727e-05
1.054001010101010252e+02 2.133726202606320638e-05 7.203834448059627714e-06 1.508703210240023001e-04 3.997309616987703248e-05
1.072171717171717376e+02 2.018697503116154927e-05 7.570075804032217381e-06 1.471780671850167249e-04 3.953547935558978152e-05
1.090342424242424357e+02 1.908295289318416972e-05 7.929367682623063169e-06 1.435500935706617096e-04 3.910241652738072831e-05
1.108513131313131481e+02 1.802615406056780694e-05 8.292958046923629831e-06 1.399846642328363296e-04 3.867281627762017527e-05
1.126683838383838605e+02 1.701514906740084072e-05 8.660146550915119129e-06 1.364820223709179966e-04 3.824680814587916821e-05
1.144854545454545587e+02 1.608273734096028773e-05 8.946624799774187997e-06 1.332078558305119416e-04 3.782183057366890613e-05
1.163025252525252711e+02 1.519815355317695110e-05 9.222385843208819449e-06 1.300256054846916031e-04 3.739704748779689917e-05
1.181195959595959835e+02 1.434869911974362063e-05 9.497955751834748060e-06 1.268906183110152079e-04 3.697243064610182507e-05
1.199366666666666816e+02 1.353244299205723181e-05 9.762397450089455760e-06 1.238047415385496494e-04 3.654655118723170598e-05
1.217537373737373940e+02 1.273982401881904112e-05 9.893039541740722848e-06 1.207813653837445087e-04 3.609929713052550737e-05
1.235708080808081064e+02 1.200258682108456652e-05 1.002172626165299759e-05 1.178798655837729663e-04 3.565039641721923339e-05
1.253878787878788046e+02 1.131673186470261973e-05 1.014825148863976832e-05 1.150911509659600696e-04 3.519999510689908982e-05
1.272049494949495170e+02 1.066049794593556599e-05 1.022339315808478142e-05 1.123525381099568055e-04 3.473666778141535673e-05
1.290220202020202294e+02 1.003659560288088684e-05 1.014438089967607806e-05 1.096828195548075476e-04 3.423633458226490425e-05
1.308390909090909133e+02 9.448078850844856443e-06 1.006983146872399542e-05 1.070612107775596148e-04 3.373648074422789091e-05
1.326561616161616257e+02 8.893616996232902821e-06 9.999853105393919660e-06 1.044890460734033884e-04 3.323781530094179019e-05
1.344732323232323381e+02 8.392801529998609778e-06 9.847813474833595125e-06 1.020312896979637781e-04 3.271721765108176038e-05
1.362903030303030505e+02 7.964472017399693002e-06 9.537793453175501252e-06 9.972364841670449211e-05 3.215706347864039826e-05
1.381073737373737345e+02 7.578890284933341677e-06 9.249042474845252910e-06 9.747369459732855440e-05 3.160875978543915333e-05
1.399244444444444753e+02 7.233606132245334925e-06 8.981416767700136725e-06 9.528274687823083851e-05 3.107305303620898861e-05
1.417415151515151592e+02 6.943545971160817349e-06 8.664016659313696057e-06 9.318030849947658736e-05 3.053174563344070202e-05
1.435585858585858716e+02 6.755276295219309983e-06 8.170251263656002735e-06 9.123499443524546763e-05 2.995928310944293816e-05
1.453756565656565840e+02 6.618891438229455217e-06 7.726979284321236941e-06 8.936694021625395828e-05 2.942131880962753007e-05
1.471927272727272964e+02 6.529504161136898387e-06 7.332178154769293139e-06 8.757650101605220293e-05 2.891729933378184964e-05
1.490097979797979804e+02 6.500219228854555355e-06 6.983580558144153496e-06 8.591161275996037809e-05 2.844654184470449260e-05
1.508268686868687212e+02 6.638148813362271712e-06 6.483757550883006475e-06 8.449746538600057082e-05 2.798130631039314218e-05
1.526439393939394051e+02 6.862125616572549886e-06 6.013659322557908574e-06 8.321809829765667796e-05 2.756872607129649480e-05
1.544610101010101175e+02 7.132030058914529666e-06 5.622816306021506425e-06 8.203057085286112843e-05 2.721472546354371407e-05
1.562780808080808299e+02 7.437778913431993813e-06 5.303943553585545476e-06 8.093216368993739508e-05 2.691435250916034732e-05
1.580951515151515423e+02 7.769338355305624517e-06 5.049503915806264840e-06 7.992041754223046669e-05 2.666252216201478139e-05
1.599122222222222263e+02 8.232332957868365424e-06 4.780976511882722333e-06 7.912853336047911957e-05 2.647314841185053312e-05
1.617292929292929671e+02 8.839537549426171469e-06 4.516913905472853439e-06 7.857467673892436298e-05 2.636511229358471850e-05
1.635463636363636510e+02 9.449542263325238212e-06 4.334560784885140975e-06 7.810191340523869592e-05 2.631357070746830385e-05
1.653634343434343634e+02 1.004582162780895566e-05 4.218837803999748933e-06 7.770196938123276266e-05 2.630612563875856760e-05
1.671805050505050758e+02 1.061283562196264256e-05 4.155335479269480464e-06 7.736726105494258921e-05 2.633097247737837637e-05
1.689975757575757882e+02 1.113625475375234576e-05 4.130575913457657060e-06 7.709097763289795777e-05 2.637710952955202873e-05
1.708146464646464722e+02 1.160317172380428166e-05 4.132265769271095477e-06 7.686714387103194424e-05 2.643453710287281582e-05
1.726317171717172130e+02 1.200229468871729085e-05 4.149533321501262131e-06 7.669066368625085362e-05 2.649444090853545497e-05
1.744487878787878969e+02 1.232411776967049165e-05 4.173142693370663821e-06 7.655734679040743153e-05 2.654935509314796302e-05
1.762658585858586093e+02 1.256106522362895971e-05 4.195678968170778209e-06 7.646392175560491123e-05 2.659330095291305329e-05
1.780829292929293217e+02 1.270760651360160887e-05 4.211698711525608438e-06 7.640803970093161990e-05 2.662189820562692230e-05
1.799000000000000057e+02 1.276034029631303298e-05 4.217841479450746776e-06 7.638827293272504640e-05 2.663244651515187092e-05
