# theta' [deg], IA + Unevolved [fm], IA + Evolved [fm], FSI + Unevolved [fm], FSI + Evolved [fm]
# 
1.000000000000000021e-02 9.418471555462862429e-04 9.418552082424623507e-04 1.262832491041653059e-03 1.262850486860587259e-03
1.827070707070707289e+00 9.390785170278154008e-04 9.390864986589096295e-04 1.259706824016427118e-03 1.259724717886991216e-03
3.644141414141414792e+00 9.308714719264001925e-04 9.308792430503825708e-04 1.250442081306383114e-03 1.250459673204587551e-03
5.461212121212121851e+00 9.173407989858528436e-04 9.173482235487202385e-04 1.235169435913406220e-03 1.235186530716893922e-03
7.278282828282828909e+00 8.986763406534008323e-04 8.986832881877433645e-04 1.214104865541437055e-03 1.214121276186203328e-03
9.095353535353536856e+00 8.751411770343563200e-04 8.751475247799593441e-04 1.187545718610604536e-03 1.187561269102002139e-03
1.091242424242424391e+01 8.470689553663679136e-04 8.470745902814200579e-04 1.155865999387757290e-03 1.155880527612814304e-03
1.272949494949495097e+01 8.148602984791273067e-04 8.148651191113036232e-04 1.119510469573983856e-03 1.119523829867545214e-03
1.454656565656565803e+01 7.789782394238883162e-04 7.789821576124748327e-04 1.078987698729642723e-03 1.078999764153978783e-03
1.636363636363636331e+01 7.399426727634144741e-04 7.399456151472494272e-04 1.034862230991618953e-03 1.034872895298054058e-03
1.818070707070707215e+01 6.983238689002552830e-04 6.983257782114829591e-04 9.877460668377617374e-04 9.877552460890199216e-04
1.999777777777778098e+01 6.547351573721490970e-04 6.547359935026417395e-04 9.382896822483346782e-04 9.382973160913640667e-04
2.181484848484848627e+01 6.144612872346720935e-04 6.144610564920250989e-04 8.918686777674312421e-04 8.918748138587292897e-04
2.363191919191919510e+01 5.782184631649385032e-04 5.782171777628088236e-04 8.492917020337414262e-04 8.492964075679009048e-04
2.544898989898990393e+01 5.412696701318013255e-04 5.412673207434981742e-04 8.058080309471981261e-04 8.058112972311554057e-04
2.726606060606060922e+01 5.040475489148180934e-04 5.040441405535810767e-04 7.618750590728441295e-04 7.618768964475095213e-04
2.908313131313131805e+01 4.669889277959201647e-04 4.669844799154309494e-04 7.179475541595652707e-04 7.179479918326683256e-04
3.090020202020202333e+01 4.316617771763796882e-04 4.316563209264640487e-04 6.756573505829842731e-04 6.756564493398463205e-04
3.271727272727272862e+01 4.028418369429915017e-04 4.028353911909719103e-04 6.400662876624922497e-04 6.400641665991202173e-04
3.453434343434343390e+01 3.745342326599285297e-04 3.745268350600819266e-04 6.049547672379734526e-04 6.049514839714947726e-04
3.635141414141414629e+01 3.469782473226195891e-04 3.469699399141779874e-04 5.705648791690833129e-04 5.705604970584971306e-04
3.816848484848485157e+01 3.204265233228825987e-04 3.204173587681807237e-04 5.371511356882598164e-04 5.371457304468488887e-04
3.998555555555555685e+01 2.981073840138113475e-04 2.980973914537643032e-04 5.082687670673338926e-04 5.082624464250813569e-04
4.180262626262626924e+01 2.778598874132545715e-04 2.778491024280031882e-04 4.816370178566908812e-04 4.816298630512294609e-04
4.361969696969697452e+01 2.584678910637433166e-04 2.584563675877272993e-04 4.559142083642157188e-04 4.559062960432014636e-04
4.543676767676767980e+01 2.400651301159931477e-04 2.400529299281750303e-04 4.312329666113797855e-04 4.312243811562473691e-04
4.725383838383839219e+01 2.243094561129124504e-04 2.242966003646394810e-04 4.095475408482509108e-04 4.095383649087043628e-04
4.907090909090909747e+01 2.102859402025551575e-04 2.102724574433824443e-04 3.898785282214507070e-04 3.898688349339071431e-04
5.088797979797980275e+01 1.970096791502081552e-04 1.969956284236769133e-04 3.710671236100267180e-04 3.710569906285893379e-04
5.270505050505051514e+01 1.845448248603779999e-04 1.845302711671714777e-04 3.531776119397119938e-04 3.531671215911361822e-04
5.452212121212122042e+01 1.738938833278638404e-04 1.738788189639324543e-04 3.375215342273627829e-04 3.375107327756277868e-04
5.633919191919192571e+01 1.642364244168259611e-04 1.642208788307017030e-04 3.231308919349556671e-04 3.231198379069849199e-04
5.815626262626263809e+01 1.551716116873749958e-04 1.551556507127703163e-04 3.094875910013644921e-04 3.094763624436846464e-04
5.997333333333334338e+01 1.467259964248516753e-04 1.467096905915444476e-04 2.966212650969114414e-04 2.966099430835995279e-04
6.179040404040404866e+01 1.395040599830858112e-04 1.394873978246958081e-04 2.854486889770733592e-04 2.854373061480738904e-04
6.360747474747475394e+01 1.327943997292331286e-04 1.327774336657986851e-04 2.750110387947370897e-04 2.749996569949629370e-04
6.542454545454545212e+01 1.265118622378940078e-04 1.264946590993979694e-04 2.651838141262133288e-04 2.651725022755903024e-04
6.724161616161616450e+01 1.206912571983202726e-04 1.206738802829905181e-04 2.560228915643320284e-04 2.560117161669079482e-04
6.905868686868687689e+01 1.156136571090527235e-04 1.155960646747826014e-04 2.480509889539646035e-04 2.480399515639994455e-04
7.087575757575757507e+01 1.108357604545248226e-04 1.108180196361538091e-04 2.405803204675924082e-04 2.405694834582554917e-04
7.269282828282828746e+01 1.063599889291050852e-04 1.063421690836726334e-04 2.336169405623416014e-04 2.336063662673649067e-04
7.450989898989899984e+01 1.022270405543599959e-04 1.022091943420723117e-04 2.272422534396735213e-04 2.272319917005978550e-04
7.632696969696969802e+01 9.849461561828475238e-05 9.847674274139316662e-05 2.216228302581095370e-04 2.216128940768437479e-04
7.814404040404041041e+01 9.497699746980691295e-05 9.495916673217553452e-05 2.164419935827125482e-04 2.164324394146401357e-04
7.996111111111112280e+01 9.167098516012584864e-05 9.165326499992598600e-05 2.116920110607495981e-04 2.116828908709003621e-04
8.177818181818182097e+01 8.860124771024062613e-05 8.858367749735195009e-05 2.074292501925725470e-04 2.074205949226866515e-04
8.359525252525253336e+01 8.577388018550883566e-05 8.575645232383777869e-05 2.037026531736967387e-04 2.036944594210112489e-04
8.541232323232324575e+01 8.309165955635523164e-05 8.307444128511201934e-05 2.003632419313411774e-04 2.003555574141984460e-04
8.722939393939394392e+01 8.055901302355753251e-05 8.054206954720858421e-05 1.974019308113008286e-04 1.973947962715059674e-04
8.904646464646465631e+01 7.818738849799724286e-05 7.817076621036602032e-05 1.948412806473593154e-04 1.948347207593608440e-04
9.086353535353536870e+01 7.598605414939263913e-05 7.596975778601968820e-05 1.927107352271695815e-04 1.927047406677870345e-04
9.268060606060606688e+01 7.388255377455582888e-05 7.386664396172832963e-05 1.909251312622164477e-04 1.909197352786626690e-04
9.449767676767677926e+01 7.188361599970838464e-05 7.186815034537168796e-05 1.894813490196322573e-04 1.894765791800714699e-04
9.631474747474749165e+01 6.999505209741402573e-05 6.998008350786836271e-05 1.883791985028096690e-04 1.883750762451678515e-04
9.813181818181818983e+01 6.824972495944428596e-05 6.823523889990185456e-05 1.876515639461846688e-04 1.876480558565575280e-04
9.994888888888890222e+01 6.656824985827343845e-05 6.655429601566042943e-05 1.872373496621746044e-04 1.872344735193279318e-04
1.017659595959596146e+02 6.496230538485373615e-05 6.494892956659615777e-05 1.871357997612500942e-04 1.871335678464472983e-04
1.035830303030303128e+02 6.344429592207954938e-05 6.343153943198048502e-05 1.873477103219159585e-04 1.873461293648726197e-04
1.054001010101010252e+02 6.203620080864034620e-05 6.202407135219001311e-05 1.878817256906278280e-04 1.878807729693811801e-04
1.072171717171717376e+02 6.068167058890918742e-05 6.067018343686037397e-05 1.887072813814138638e-04 1.887069414234360796e-04
1.090342424242424357e+02 5.939073045531595646e-05 5.937991681320021608e-05 1.898196957104685164e-04 1.898199653513450648e-04
1.108513131313131481e+02 5.817867398182633354e-05 5.816855904024334701e-05 1.912210233622978997e-04 1.912218939583490147e-04
1.126683838383838605e+02 5.704514805854783043e-05 5.703575215266287144e-05 1.929067100462119439e-04 1.929081693491145556e-04
1.144854545454545587e+02 5.595348639141114723e-05 5.594480049498388254e-05 1.948434250483922531e-04 1.948454332991370714e-04
1.163025252525252711e+02 5.494157214885911448e-05 5.493360106652934370e-05 1.970459897759136217e-04 1.970485206501817555e-04
1.181195959595959835e+02 5.400893935665787668e-05 5.400169001525976034e-05 1.995088437442534891e-04 1.995118745888177438e-04
1.199366666666666816e+02 5.314824410739276713e-05 5.314171874696583251e-05 2.022189859195717531e-04 2.022224912417612747e-04
1.217537373737373940e+02 5.227606294827374223e-05 5.227026429521147504e-05 2.051018765698724199e-04 2.051058315599333748e-04
1.235708080808081064e+02 5.151514665818830350e-05 5.151005616742489115e-05 2.082285578043452476e-04 2.082329185602122489e-04
1.253878787878788046e+02 5.086430114121498459e-05 5.085989723870453936e-05 2.115897706615474188e-04 2.115944924648685067e-04
1.272049494949495170e+02 5.027137957854415403e-05 5.026764636137173183e-05 2.151344485256017410e-04 2.151394952031671700e-04
1.290220202020202294e+02 4.968284806925383666e-05 4.967976675623318907e-05 2.187893559720663534e-04 2.187946885682477683e-04
1.308390909090909133e+02 4.919331550007737257e-05 4.919085848696393262e-05 2.226276830033654887e-04 2.226332593144149060e-04
1.326561616161616257e+02 4.880172081511244156e-05 4.879985606132080766e-05 2.266352329201034395e-04 2.266410089838401753e-04
1.344732323232323381e+02 4.848584676318506943e-05 4.848453700974769676e-05 2.307587900303559292e-04 2.307647161974868432e-04
1.362903030303030505e+02 4.822200379095434661e-05 4.822120888784672187e-05 2.349352960077325122e-04 2.349413201633603271e-04
1.381073737373737345e+02 4.807191149650841272e-05 4.807158860106043694e-05 2.392377331757442917e-04 2.392438085517625574e-04
1.399244444444444753e+02 4.803172736503057329e-05 4.803183073111122855e-05 2.436478000988142082e-04 2.436538796685145509e-04
1.417415151515151592e+02 4.806823907113600379e-05 4.806872070281283923e-05 2.480927100752734781e-04 2.480987457191410959e-04
1.435585858585858716e+02 4.813569396057360212e-05 4.813650298615407811e-05 2.524471820334947677e-04 2.524531224220387371e-04
1.453756565656565840e+02 4.832553285042630109e-05 4.832661639634831487e-05 2.568563769905821657e-04 2.568621756255831494e-04
1.471927272727272964e+02 4.862856801523541531e-05 4.862987292318550887e-05 2.612973300922876124e-04 2.613029424966576363e-04
1.490097979797979804e+02 4.906770234091423053e-05 4.906917970407125186e-05 2.657807424990720662e-04 2.657861298904990789e-04
1.508268686868687212e+02 4.955883268610909270e-05 4.956042758526531050e-05 2.700610537639020641e-04 2.700661700692599029e-04
1.526439393939394051e+02 5.014837991481439907e-05 5.015004111613129156e-05 2.742641805481181518e-04 2.742689888958904513e-04
1.544610101010101175e+02 5.083572714260574095e-05 5.083740781546319717e-05 2.784152143676878362e-04 2.784196851308339210e-04
1.562780808080808299e+02 5.160186656713456737e-05 5.160352383069016254e-05 2.824835438242206671e-04 2.824876528908643047e-04
1.580951515151515423e+02 5.242695233850590248e-05 5.242854810913570856e-05 2.864374756952892663e-04 2.864412051620037229e-04
1.599122222222222263e+02 5.329495510237543851e-05 5.329645198301464050e-05 2.901312680083932062e-04 2.901346009913667503e-04
1.617292929292929671e+02 5.420789613070545984e-05 5.420926185284229512e-05 2.935419671085814507e-04 2.935448931961748124e-04
1.635463636363636510e+02 5.514163831245776705e-05 5.514285292606335628e-05 2.967686793583138418e-04 2.967712025165934286e-04
1.653634343434343634e+02 5.606817151431951719e-05 5.606922259392969259e-05 2.997758722455188770e-04 2.997780047221421671e-04
1.671805050505050758e+02 5.696050249932400135e-05 5.696138534082212975e-05 3.025289656562181700e-04 3.025307280521785137e-04
1.689975757575757882e+02 5.779315952254616723e-05 5.779387710775200936e-05 3.049949902130166726e-04 3.049964113333340711e-04
1.708146464646464722e+02 5.854270457123894036e-05 5.854326728136529235e-05 3.071432960099191147e-04 3.071444124750604809e-04
1.726317171717172130e+02 5.918823579427427971e-05 5.918866086357136913e-05 3.089462828406661370e-04 3.089471384502489953e-04
1.744487878787878969e+02 5.971186080921404821e-05 5.971217152275398092e-05 3.103801167445210799e-04 3.103807615969149478e-04
1.762658585858586093e+02 6.009912084794551682e-05 6.009934550166836709e-05 3.114253937670039148e-04 3.114258831519970566e-04
1.780829292929293217e+02 6.033934634903077398e-05 6.033951700470656946e-05 3.120677111221618807e-04 3.120681042177850446e-04
1.799000000000000057e+02 6.042592674333245660e-05 6.042607782458594848e-05 3.122981089842132799e-04 3.122984674017385397e-04
