# E' [MeV], IA + Unevolved [fm], IA + Evolved [fm], FSI + Unevolved [fm], FSI + Evolved [fm]
# 
1.000000000000000000e+01 6.811454602798646007e+00 6.792843858833790271e+00 5.093717980007003376e+00 5.078772987144133388e+00
1.106060606060606055e+01 6.721725362214844957e+00 6.705161069549432362e+00 5.145272990745216823e+00 5.131879242476586889e+00
1.212121212121212110e+01 6.600772267755397493e+00 6.586289121967866755e+00 5.152970814717913406e+00 5.141109123608164744e+00
1.318181818181818166e+01 6.456011737099440317e+00 6.443598477247888923e+00 5.125860972873309329e+00 5.116457530670498244e+00
1.424242424242424221e+01 6.312606425102245566e+00 6.302167295695388916e+00 5.086736034485805469e+00 5.078913674028119551e+00
1.530303030303030276e+01 6.155573212513887782e+00 6.147035938962583934e+00 5.026303155778934162e+00 5.019845091035575635e+00
1.636363636363636331e+01 5.988387127570149460e+00 5.981698381701803235e+00 4.945958297596186881e+00 4.940776507038824761e+00
1.742424242424242209e+01 5.814267464329173407e+00 5.809538566083094047e+00 4.849568184311157992e+00 4.847454228415489119e+00
1.848484848484848442e+01 5.635130710013393163e+00 5.632203907226626782e+00 4.740760952421422481e+00 4.740062172279521313e+00
1.954545454545454675e+01 5.453001544586784988e+00 5.451794063773637511e+00 4.622792140515107562e+00 4.623258268998941212e+00
2.060606060606060552e+01 5.269325304252244102e+00 5.269839491981210600e+00 4.498376061826468764e+00 4.499932591560059869e+00
2.166666666666666430e+01 5.085308701910162377e+00 5.087367331413571669e+00 4.372331232218629182e+00 4.376977221856614086e+00
2.272727272727272663e+01 4.902150301537668398e+00 4.905748770461184627e+00 4.241409103006712478e+00 4.247385055782266328e+00
2.378787878787878896e+01 4.739222947592626412e+00 4.744413629845265490e+00 4.120910475505935366e+00 4.128028914867190480e+00
2.484848484848484773e+01 4.587635768260437175e+00 4.594247907600900405e+00 4.006924508185919720e+00 4.014873364813689172e+00
2.590909090909090651e+01 4.437297591347048709e+00 4.445212842267668663e+00 3.891341939758111934e+00 3.901673999273669313e+00
2.696969696969696884e+01 4.288519978388246834e+00 4.297783711390287920e+00 3.777354134210488379e+00 3.789246077345604480e+00
2.803030303030303116e+01 4.141934602381586394e+00 4.152489511777752718e+00 3.663369299473297591e+00 3.676442489463579211e+00
2.909090909090908994e+01 3.997575918337781253e+00 4.009318172727661000e+00 3.548470273460674118e+00 3.562388028281431751e+00
3.015151515151514872e+01 3.855853405191973948e+00 3.868701691004727827e+00 3.433549885523409451e+00 3.448055449638079750e+00
3.121212121212121104e+01 3.716938394181590333e+00 3.730962844512538901e+00 3.318333294988127680e+00 3.333360769384948963e+00
3.227272727272727337e+01 3.580915474319815939e+00 3.596044379285518566e+00 3.204566867176389611e+00 3.222225554113460344e+00
3.333333333333332860e+01 3.448006384020831927e+00 3.464166890466556570e+00 3.093712889572701297e+00 3.112573921862002990e+00
3.439393939393939092e+01 3.318155327421369538e+00 3.335265265972379822e+00 2.983912421127281167e+00 3.003634146171003216e+00
3.545454545454545325e+01 3.191594247264784023e+00 3.209608128276316474e+00 2.875784900428396185e+00 2.896112504777673013e+00
3.651515151515151558e+01 3.070704937775240229e+00 3.089595277916188820e+00 2.771507158809064286e+00 2.792242883526925734e+00
3.757575757575757791e+01 2.972404315943863562e+00 2.992123375554080145e+00 2.687257512907305301e+00 2.708230444726100306e+00
3.863636363636363313e+01 2.876275334891967184e+00 2.896770997677900361e+00 2.604149276028444149e+00 2.626955504035767941e+00
3.969696969696969546e+01 2.782281925919405374e+00 2.803519020028971465e+00 2.523860893398895300e+00 2.547748145798411468e+00
4.075757575757575779e+01 2.690503880184040408e+00 2.712483766830888321e+00 2.444306890226694229e+00 2.469035819094809625e+00
4.181818181818181301e+01 2.600892413779713586e+00 2.623540440633455262e+00 2.365994587765139823e+00 2.391289758123555043e+00
4.287878787878787534e+01 2.513454524768512943e+00 2.536698332741439632e+00 2.289001265847755651e+00 2.314617723821343898e+00
4.393939393939393767e+01 2.428244733654278509e+00 2.452030894540982331e+00 2.213760538027511604e+00 2.239497604497237671e+00
4.500000000000000000e+01 2.345171116083714757e+00 2.369462223842913495e+00 2.140093881614717031e+00 2.165788970117044077e+00
4.606060606060606233e+01 2.264289108690935581e+00 2.289061405162385654e+00 2.067234290098447058e+00 2.094142088181671468e+00
4.712121212121211755e+01 2.185524754391467095e+00 2.210750167343143335e+00 1.996974015551252757e+00 2.024713553772902852e+00
4.818181818181817988e+01 2.108890976394389050e+00 2.134509085001967676e+00 1.928512343067090962e+00 1.956827536097031972e+00
4.924242424242424221e+01 2.034364394499315942e+00 2.060335343664345675e+00 1.861646437716001579e+00 1.890323550931384711e+00
5.030303030303029743e+01 1.961871343749692853e+00 1.988132757797621553e+00 1.796443115365069065e+00 1.825267765645154805e+00
5.136363636363635976e+01 1.891431126436966315e+00 1.917943835933788144e+00 1.732491086738367381e+00 1.761284527245071230e+00
5.242424242424242209e+01 1.822971460162796431e+00 1.849703128357179205e+00 1.670087554395619955e+00 1.698694523871927764e+00
5.348484848484848442e+01 1.756476361126071195e+00 1.783390641244814612e+00 1.609258860806646263e+00 1.637536199642792845e+00
5.454545454545454675e+01 1.699240997929092112e+00 1.726352005307217663e+00 1.556544283234466919e+00 1.585612823249126890e+00
5.560606060606060197e+01 1.648351646974351326e+00 1.675633204669841225e+00 1.510930902189599578e+00 1.540527948342164999e+00
5.666666666666666430e+01 1.598752447240458840e+00 1.626175763592557777e+00 1.466204460560252887e+00 1.496150547150975729e+00
5.772727272727272663e+01 1.550379329761695013e+00 1.577907610990756826e+00 1.422462944721383460e+00 1.452584662924998549e+00
5.878787878787878185e+01 1.503216854841254779e+00 1.530833547386310389e+00 1.379585538079516338e+00 1.409739156085219269e+00
5.984848484848484418e+01 1.457240501161777058e+00 1.484893629830871253e+00 1.337704814497645112e+00 1.367723876875420519e+00
6.090909090909090651e+01 1.412433146405952300e+00 1.440094264108744637e+00 1.296911037150305424e+00 1.326662314349911220e+00
6.196969696969696884e+01 1.368796830214979332e+00 1.396463115494893437e+00 1.256814575500045050e+00 1.286193898209358810e+00
6.303030303030303116e+01 1.326286112679621265e+00 1.353929215342100978e+00 1.216848958376004930e+00 1.245953107543030569e+00
6.409090909090909349e+01 1.284892001980151743e+00 1.312489865659402177e+00 1.179130473684038893e+00 1.208603544683681807e+00
6.515151515151515582e+01 1.244580597641282704e+00 1.272113789171270826e+00 1.142108489505648139e+00 1.171806561694293203e+00
6.621212121212121815e+01 1.205333080938177703e+00 1.232786708262427977e+00 1.106014629607989797e+00 1.135808601659057615e+00
6.727272727272726627e+01 1.167135795041128077e+00 1.194478829108235773e+00 1.070838215893143541e+00 1.100591722943291106e+00
6.833333333333332860e+01 1.129955569345423738e+00 1.157172456662695303e+00 1.036528506328560528e+00 1.066126953777182473e+00
6.939393939393939092e+01 1.093777323622964204e+00 1.120845302847155445e+00 1.003088020820505522e+00 1.032416183005786303e+00
7.045454545454545325e+01 1.058571421756479447e+00 1.085444174192235378e+00 9.704335498004074134e-01 9.993594900850545359e-01
7.151515151515151558e+01 1.024321058231046022e+00 1.050991409909830976e+00 9.386008814740989248e-01 9.670370614389250941e-01
7.257575757575756370e+01 9.910063196169984767e-01 1.017468177474973867e+00 9.075940114697869099e-01 9.354600295971046142e-01
7.363636363636362603e+01 9.586045442318467114e-01 9.848435409275168029e-01 8.769993844390316928e-01 9.046658696268882194e-01
7.469696969696968836e+01 9.271071556017593807e-01 9.531172900907305401e-01 8.479604513991142456e-01 8.756975734106293707e-01
7.575757575757575069e+01 8.964781038805481606e-01 9.222526452558337251e-01 8.197489938331580239e-01 8.474609593333342072e-01
7.681818181818181301e+01 8.689995416735770695e-01 8.945480387063311500e-01 7.945205152312558861e-01 8.221385845986931562e-01
7.787878787878787534e+01 8.455191569853190980e-01 8.708775600783740245e-01 7.730799527926153214e-01 8.005686538433894883e-01
7.893939393939393767e+01 8.226031103438677938e-01 8.477649838457563813e-01 7.521729566832014990e-01 7.794524273274120452e-01
8.000000000000000000e+01 8.002454185504062067e-01 8.251870194782520151e-01 7.316524104764369207e-01 7.586294136183115988e-01
8.106060606060606233e+01 7.784238754197015941e-01 8.031240489972806262e-01 7.115239611444387213e-01 7.381112677962980984e-01
8.212121212121212466e+01 7.571334238439735298e-01 7.815819213358392581e-01 6.918317824010145056e-01 7.179565719072079633e-01
8.318181818181817277e+01 7.363583459375436790e-01 7.605516649820948105e-01 6.724740289976243179e-01 6.980709245596546930e-01
8.424242424242423510e+01 7.160878472623686264e-01 7.400203068206707702e-01 6.531172012494803614e-01 6.781742631022775747e-01
8.530303030303029743e+01 6.963102758030194073e-01 7.199814289636348175e-01 6.348267039037740478e-01 6.599008432792733414e-01
8.636363636363635976e+01 6.770152471663719584e-01 7.004242288078834644e-01 6.169791564672270079e-01 6.420032250587390799e-01
8.742424242424242209e+01 6.581979832343367587e-01 6.813449306235904723e-01 5.995654562250716246e-01 6.244758110517059091e-01
8.848484848484848442e+01 6.398423413116289815e-01 6.627265522564539380e-01 5.825685266815654462e-01 6.073037859516888792e-01
8.954545454545454675e+01 6.219392835058360491e-01 6.445613863403946153e-01 5.659755274854639806e-01 5.904781013910693765e-01
9.060606060606059486e+01 6.044780802268510111e-01 6.268345696847034132e-01 5.497902826309015722e-01 5.740015736244387101e-01
9.166666666666665719e+01 5.874502369970719950e-01 6.095394228548446369e-01 5.340147554669361085e-01 5.578808619979265249e-01
9.272727272727271952e+01 5.708487601984636450e-01 5.926665225066893861e-01 5.186445831715600363e-01 5.421119828626040915e-01
9.378787878787878185e+01 5.546602230574253500e-01 5.761836222136175190e-01 5.036419595914791714e-01 5.266413107378616898e-01
9.484848484848484418e+01 5.388760909948809852e-01 5.600932675282905837e-01 4.889946575905515513e-01 5.114694721087864604e-01
9.590909090909090651e+01 5.234867448023745595e-01 5.444013558845306466e-01 4.743635747906282396e-01 4.961750470910781807e-01
9.696969696969696884e+01 5.084854413333507184e-01 5.290988659131116156e-01 4.605743907364487910e-01 4.823165180695468401e-01
9.803030303030303116e+01 4.938636521028272885e-01 5.141743787898700457e-01 4.470870464663070365e-01 4.687081606111884180e-01
9.909090909090909349e+01 4.796099659406636295e-01 4.996189119946063961e-01 4.339319279128299733e-01 4.553850781555917049e-01
1.001515151515151416e+02 4.657129402229527315e-01 4.854227462563692752e-01 4.211020054403783464e-01 4.423434609722552979e-01
1.012121212121212039e+02 4.521680351964699751e-01 4.715818906352210460e-01 4.085976780251142637e-01 4.295863105636489876e-01
1.022727272727272663e+02 4.389699838120563746e-01 4.580916395398231811e-01 3.964123941119386263e-01 4.171099550093922970e-01
1.033333333333333286e+02 4.261091377271540304e-01 4.449424791525734557e-01 3.845153461524473126e-01 4.048855623503156420e-01
1.043939393939393909e+02 4.135764951814887014e-01 4.321237728737054029e-01 3.729150539962755584e-01 3.929224859770713563e-01
1.054545454545454533e+02 4.033781400782213700e-01 4.216770078627841700e-01 3.635102848561888034e-01 3.831628086860123794e-01
1.065151515151515156e+02 3.936425042998389356e-01 4.116888628636876102e-01 3.545266572646975090e-01 3.737863580710106826e-01
1.075757575757575637e+02 3.841234665085830335e-01 4.019175722887411428e-01 3.457397465464623343e-01 3.645733922807719019e-01
1.086363636363636260e+02 3.748163672656185108e-01 3.923616553407087149e-01 3.369045985030885704e-01 3.551860288224806261e-01
1.096969696969696884e+02 3.657168431083986926e-01 3.830106433443070113e-01 3.285752789225190318e-01 3.467910477036352246e-01
1.107575757575757507e+02 3.568205271583970162e-01 3.738554513337632446e-01 3.204269129028133323e-01 3.385340173818184861e-01
1.118181818181818130e+02 3.481230675349770154e-01 3.649025627034519492e-01 3.124613564273481803e-01 3.304276674101261912e-01
1.128787878787878753e+02 3.396202678873515568e-01 3.561479374736566395e-01 3.046728132836398206e-01 3.224675673844508150e-01
1.139393939393939377e+02 3.313080131789296057e-01 3.475864679847042171e-01 2.970435385972580722e-01 3.146362786631338171e-01
1.150000000000000000e+02 3.231799966249023215e-01 3.392127607170186132e-01 2.895881045585843028e-01 3.069503953049405043e-01
