# theta' [deg], IA + Unevolved [fm], IA + Evolved [fm], FSI + Unevolved [fm], FSI + Evolved [fm]
# 
1.000000000000000021e-02 9.721883100577587200e+00 9.856444311973362460e+00 9.487592300166635795e+00 9.629328691006618257e+00
1.827070707070707289e+00 8.826733848892024170e+00 8.954421895957324296e+00 8.603829295386905329e+00 8.738274446869777279e+00
3.644141414141414792e+00 6.816667573719360718e+00 6.927519744333275220e+00 6.621656971888516985e+00 6.738245757293560345e+00
5.461212121212121851e+00 4.712904743933537866e+00 4.803252301783716760e+00 4.551960189241314403e+00 4.646807683435248748e+00
7.278282828282828909e+00 3.081343293312884146e+00 3.152281484442800430e+00 2.952555352372184583e+00 3.026844416413945194e+00
9.095353535353536856e+00 1.971137912813837323e+00 2.025743366452766647e+00 1.869508732212594060e+00 1.926517034022135810e+00
1.091242424242424391e+01 1.260021638396718879e+00 1.301628839563871098e+00 1.180102827161790602e+00 1.223381884969150901e+00
1.272949494949495097e+01 8.157976835062211718e-01 8.473503553702911306e-01 7.527483849963874096e-01 7.854350550010623655e-01
1.454656565656565803e+01 5.381544876693808988e-01 5.620019674496204987e-01 4.881075198834353146e-01 5.127063433450458341e-01
1.636363636363636331e+01 3.620197498093252753e-01 3.799550966986677270e-01 3.220360094033381526e-01 3.404588429378367365e-01
1.818070707070707215e+01 2.479351882324758172e-01 2.613102289560627622e-01 2.158169288086234650e-01 2.295048998182259159e-01
1.999777777777778098e+01 1.724436576925100495e-01 1.822825321902878104e-01 1.465425192228490547e-01 1.565867624261074731e-01
2.181484848484848627e+01 1.215088764191112614e-01 1.285963064312865001e-01 1.005731340421460174e-01 1.078088645711722804e-01
2.363191919191919510e+01 8.806088011287531436e-02 9.303852672260697065e-02 7.095188572323186948e-02 7.606593214735793418e-02
2.544898989898990393e+01 6.471768757146945106e-02 6.804817176595691353e-02 5.069696795555027335e-02 5.417990908613570800e-02
2.726606060606060922e+01 4.783532562739328114e-02 4.987684129937806216e-02 3.637537540896353810e-02 3.860390358675973993e-02
2.908313131313131805e+01 3.552763930429938405e-02 3.656937264024319456e-02 2.619815503952340613e-02 2.747537725528598901e-02
3.090020202020202333e+01 2.713107017569461876e-02 2.741749849465862851e-02 1.945404855523937687e-02 2.003786156881758387e-02
3.271727272727272862e+01 2.078239547857968494e-02 2.049725252363794950e-02 1.450391449974248667e-02 1.458223971524199095e-02
3.453434343434343390e+01 1.592442633565081811e-02 1.521639870228203364e-02 1.084003497731407181e-02 1.056385030312933029e-02
3.635141414141414629e+01 1.246698862443731091e-02 1.146023235957304050e-02 8.329545709390881805e-03 7.823387934027078994e-03
3.816848484848485157e+01 9.795419082514014372e-03 8.588695590199165938e-03 6.463688938116021049e-03 5.823220711212542464e-03
3.998555555555555685e+01 7.681960307691600327e-03 6.352428605854315742e-03 5.050156511803161573e-03 4.349611332654387298e-03
4.180262626262626924e+01 6.170109712167332061e-03 4.782044338130480264e-03 4.087622523929150022e-03 3.383022689235991483e-03
4.361969696969697452e+01 4.939816077564174353e-03 3.542231154550705852e-03 3.342518857633391006e-03 2.677025707290327846e-03
4.543676767676767980e+01 3.981691434186792299e-03 2.611358916289058339e-03 2.794701089829059685e-03 2.197636039549656292e-03
4.725383838383839219e+01 3.249480105726954005e-03 1.935605644242971001e-03 2.401610707393098728e-03 1.891201746095516438e-03
4.907090909090909747e+01 2.642487507989315330e-03 1.404421632804835757e-03 2.097763675305356658e-03 1.687717698152856527e-03
5.088797979797980275e+01 2.188020409307350755e-03 1.039132470793583708e-03 1.887476554942462336e-03 1.577595626880631385e-03
5.270505050505051514e+01 1.809454623654289506e-03 7.576717155798592734e-04 1.727164601768188231e-03 1.518711428032183328e-03
5.452212121212122042e+01 1.509083126873602375e-03 5.573566861806928405e-04 1.612389198725597056e-03 1.498649507033014217e-03
5.633919191919192571e+01 1.267941691597594808e-03 4.160733122365507818e-04 1.530596327842336348e-03 1.501902129834121373e-03
5.815626262626263809e+01 1.066710967519355008e-03 3.122230096203511013e-04 1.471639341976485171e-03 1.519914567776898444e-03
5.997333333333334338e+01 9.097419464940884439e-04 2.468213427054528702e-04 1.432853126129316184e-03 1.541466657759518093e-03
6.179040404040404866e+01 7.742356280305741226e-04 1.980517715046786157e-04 1.406296473038428762e-03 1.567726875941386020e-03
6.360747474747475394e+01 6.685346592345299543e-04 1.705859739391722924e-04 1.390691879511105978e-03 1.587243578522159115e-03
6.542454545454545212e+01 5.770324362589203740e-04 1.513200016609993084e-04 1.382085612671466205e-03 1.605929071252853524e-03
6.724161616161616450e+01 5.030823959530952546e-04 1.413952488556637478e-04 1.378830034831232893e-03 1.616561128691328076e-03
6.905868686868687689e+01 4.399751703370005282e-04 1.357926449224835575e-04 1.379314097791578412e-03 1.622867028548255833e-03
7.087575757575757507e+01 3.873889422792653687e-04 1.337630089817772765e-04 1.382173617965790297e-03 1.622485983809512488e-03
7.269282828282828746e+01 3.429028557248150815e-04 1.335627027430703526e-04 1.386485594632539189e-03 1.616670412505715306e-03
7.450989898989899984e+01 3.048469587592554739e-04 1.343590999546511290e-04 1.391506413139513305e-03 1.606169627415942073e-03
7.632696969696969802e+01 2.727719069768232293e-04 1.355592728932156416e-04 1.396454013332320805e-03 1.590593325984661962e-03
7.814404040404041041e+01 2.447083982960921822e-04 1.367198589218582424e-04 1.401122019223868245e-03 1.572090056329582004e-03
7.996111111111112280e+01 2.210410007795047161e-04 1.375730144018442113e-04 1.404769354639761507e-03 1.549569891353669900e-03
8.177818181818182097e+01 1.999278942110524525e-04 1.380377902660195411e-04 1.407538419386986572e-03 1.525408588428970279e-03
8.359525252525253336e+01 1.820496622901696647e-04 1.379119388835492227e-04 1.408779970819934186e-03 1.498477450594986465e-03
8.541232323232324575e+01 1.658280742490701070e-04 1.373328673154407590e-04 1.408809942273535256e-03 1.470794858079738652e-03
8.722939393939394392e+01 1.520012541670186733e-04 1.361114611091139028e-04 1.407149498610191880e-03 1.441517513084850446e-03
8.904646464646465631e+01 1.393021930535953560e-04 1.344783623721564471e-04 1.404142092706114854e-03 1.412119255075386902e-03
9.086353535353536870e+01 1.283181982886583746e-04 1.322771200779153920e-04 1.399589614803146021e-03 1.382215284967374573e-03
9.268060606060606688e+01 1.181661863406688405e-04 1.297532419860107948e-04 1.393736403460140100e-03 1.352737815592930338e-03
9.449767676767677926e+01 1.092292950920487993e-04 1.267752285942636134e-04 1.386692770982603630e-03 1.323664450173812294e-03
9.631474747474749165e+01 1.009253396895063278e-04 1.236085756314585552e-04 1.378587688767094485e-03 1.295625926691558677e-03
9.813181818181818983e+01 9.349808891845050210e-05 1.201124134429667703e-04 1.369779586535766359e-03 1.268786547634796931e-03
9.994888888888890222e+01 8.656083866393465668e-05 1.165702047672035225e-04 1.360352269134226843e-03 1.243640821578295263e-03
1.017659595959596146e+02 8.026302602158663288e-05 1.128388489334980493e-04 1.350799047085922801e-03 1.220452317613648398e-03
1.035830303030303128e+02 7.435631661035257728e-05 1.091935994428154500e-04 1.341219618002351599e-03 1.199630313208387101e-03
1.054001010101010252e+02 6.892008207670022432e-05 1.055096072421269932e-04 1.332147050763468187e-03 1.181488995257819804e-03
1.072171717171717376e+02 6.381288579257538896e-05 1.020121306558509101e-04 1.323740780085616011e-03 1.166358529967270958e-03
1.090342424242424357e+02 5.905523976749591994e-05 9.862856190126505121e-05 1.316479522301655875e-03 1.154550917945533668e-03
1.108513131313131481e+02 5.459949753241965186e-05 9.547517942083156163e-05 1.310630336318419206e-03 1.146329208340955133e-03
1.126683838383838605e+02 5.041020716835481821e-05 9.257902209157467261e-05 1.306505638247488403e-03 1.141910556087036982e-03
1.144854545454545587e+02 4.653166985786213702e-05 8.988456539870106547e-05 1.304547922597361007e-03 1.141557987705501881e-03
1.163025252525252711e+02 4.287525071403781309e-05 8.756676761022228763e-05 1.304762174217262687e-03 1.145227453641369441e-03
1.181195959595959835e+02 3.957761539905371457e-05 8.535238774481599679e-05 1.307870507546985816e-03 1.153346127467755073e-03
1.199366666666666816e+02 3.651941546735785788e-05 8.360261172296255784e-05 1.313395565156167928e-03 1.165343101856564307e-03
1.217537373737373940e+02 3.389185821983777068e-05 8.186357841260340261e-05 1.322363442788275674e-03 1.181972557508690139e-03
1.235708080808081064e+02 3.164754306285376385e-05 8.055931645384293324e-05 1.333943016736044819e-03 1.202137135503554164e-03
1.253878787878788046e+02 2.994711237863294936e-05 7.930511087000328280e-05 1.349029244861754857e-03 1.226584565717072110e-03
1.272049494949495170e+02 2.891071161817758853e-05 7.833704064460636572e-05 1.367132749566445224e-03 1.254467929226016657e-03
1.290220202020202294e+02 2.872211352717136439e-05 7.762952997509210316e-05 1.388285958248266930e-03 1.285625509195229043e-03
1.308390909090909133e+02 2.957873619243000583e-05 7.717478115006038385e-05 1.412859714484348238e-03 1.320217874244509733e-03
1.326561616161616257e+02 3.203798511050989447e-05 7.747729169217489379e-05 1.439624936822621239e-03 1.356516245664473892e-03
1.344732323232323381e+02 3.617871496757753112e-05 7.837245973046775270e-05 1.469755792998377573e-03 1.395834577856379377e-03
1.362903030303030505e+02 4.313600836057389940e-05 8.080825103383978221e-05 1.501857744281129671e-03 1.436099018772461593e-03
1.381073737373737345e+02 5.350178743794688034e-05 8.518456437462296627e-05 1.536457660186931569e-03 1.477855268547809782e-03
1.399244444444444753e+02 6.791430498503143868e-05 9.209876535429198515e-05 1.573923194269848114e-03 1.521345926615026148e-03
1.417415151515151592e+02 8.989853418315021363e-05 1.044062027274554990e-04 1.612850482544273944e-03 1.564331582111821821e-03
1.435585858585858716e+02 1.196756944574368638e-04 1.225515011662191604e-04 1.655359070346750904e-03 1.609305493964950651e-03
1.453756565656565840e+02 1.609675409810384548e-04 1.498630635368415577e-04 1.701850375240103507e-03 1.656170086592979743e-03
1.471927272727272964e+02 2.213024611131843820e-04 1.929287225217912640e-04 1.753999626580888095e-03 1.705815631994089072e-03
1.490097979797979804e+02 3.031666766781192495e-04 2.546327351227783758e-04 1.815693059976085898e-03 1.762466734061001513e-03
1.508268686868687212e+02 4.163870868182003573e-04 3.441879362035780163e-04 1.891784269885458903e-03 1.830448183700004137e-03
1.526439393939394051e+02 5.853899791062346352e-04 4.838261881972398277e-04 1.994349610670834074e-03 1.920143611971684722e-03
1.544610101010101175e+02 8.223907408810861817e-04 6.863502602648450081e-04 2.136724757368237138e-03 2.045375194006356437e-03
1.562780808080808299e+02 1.155923624953286710e-03 9.794753566911686225e-04 2.340634735663022978e-03 2.227284728219509815e-03
1.580951515151515423e+02 1.649017955440800712e-03 1.423263443032050197e-03 2.651794559018048718e-03 2.509408384037465755e-03
1.599122222222222263e+02 2.402561545592045607e-03 2.115126944344834694e-03 3.150666242885512367e-03 2.969693505912015218e-03
1.617292929292929671e+02 3.531966322098349393e-03 3.169257940902399373e-03 3.942040745008416891e-03 3.712167956267450365e-03
1.635463636363636510e+02 5.254867473274253860e-03 4.799039398680738332e-03 5.217524363351735278e-03 4.925436559679970822e-03
1.653634343434343634e+02 7.936397473506447142e-03 7.363759329766670671e-03 7.306344924068582276e-03 6.934630940362216701e-03
1.671805050505050758e+02 1.219429838968746904e-02 1.147307592480718320e-02 1.077777951207910777e-02 1.030332401654160228e-02
1.689975757575757882e+02 1.905444024300394917e-02 1.814264097296685793e-02 1.659674767830709649e-02 1.598922272538999892e-02
1.708146464646464722e+02 3.011226554571796651e-02 2.895712420525209732e-02 2.629403290287431541e-02 2.551553222192799036e-02
1.726317171717172130e+02 4.749651837898943157e-02 4.603856429774081521e-02 4.195642352284215809e-02 4.096440585964600256e-02
1.744487878787878969e+02 7.317589120949562209e-02 7.136141498500557512e-02 6.558195490322057952e-02 6.433816160931045414e-02
1.762658585858586093e+02 1.067024370156943319e-01 1.045068029480947791e-01 9.690537397640333617e-02 9.539170418557715858e-02
1.780829292929293217e+02 1.394268870132375771e-01 1.369150489479527277e-01 1.277907116226423001e-01 1.260531553344390321e-01
1.799000000000000057e+02 1.551692051935579797e-01 1.525188919131797993e-01 1.427252137841606150e-01 1.408895920289157666e-01
