# theta' [deg], IA + Unevolved [fm], IA + Evolved [fm], FSI + Unevolved [fm], FSI + Evolved [fm]
# 
1.000000000000000021e-02 1.010353083468159977e-03 1.152160022489561158e-03 1.266136364476962020e-03 1.417961135900925197e-03
1.827070707070707289e+00 1.006661637321987993e-03 1.146935275754001416e-03 1.262112407882816411e-03 1.412446811546334835e-03
3.644141414141414792e+00 9.957294361043150886e-04 1.131476985439938167e-03 1.250195591802203332e-03 1.396132218511616369e-03
5.461212121212121851e+00 9.778734017059902833e-04 1.106250615423909778e-03 1.230717854897499025e-03 1.369499677831969523e-03
7.278282828282828909e+00 9.579373572238567914e-04 1.077275698885014465e-03 1.208497307140480800e-03 1.338563990959624334e-03
9.095353535353536856e+00 9.327752275833642087e-04 1.040869661632301286e-03 1.180468975617892085e-03 1.299712547592089470e-03
1.091242424242424391e+01 9.027255033478844785e-04 9.976359507576997541e-04 1.147018629023469896e-03 1.253599050314838440e-03
1.272949494949495097e+01 8.681920317522550659e-04 9.482888650507145844e-04 1.108602585195296499e-03 1.200993491357436318e-03
1.454656565656565803e+01 8.296442456796731526e-04 8.936407704973790226e-04 1.065745842345345272e-03 1.142766700204606673e-03
1.636363636363636331e+01 7.876096721306714192e-04 8.345879550362609277e-04 1.019032128604501625e-03 1.079873611345742983e-03
1.818070707070707215e+01 7.426674639510297445e-04 7.720954983859533698e-04 9.690953081897160475e-04 1.013335789259130464e-03
1.999777777777778098e+01 6.976579795080309647e-04 7.099570132330008422e-04 9.188188948877476286e-04 9.470069677168118684e-04
2.181484848484848627e+01 6.574266582976102339e-04 6.543721768758468298e-04 8.730983221132797290e-04 8.871693526635323181e-04
2.363191919191919510e+01 6.158807887531436015e-04 5.978420170389169485e-04 8.259236648180207302e-04 8.263584296574988343e-04
2.544898989898990393e+01 5.734891124212839223e-04 5.411333200347740293e-04 7.778050904836431587e-04 7.653804218369432725e-04
2.726606060606060922e+01 5.307389907415020758e-04 4.850069807589573487e-04 7.292653062588334975e-04 7.050281268921445915e-04
2.908313131313131805e+01 4.934948660777350570e-04 4.370825345250890543e-04 6.862432388003975427e-04 6.530394835553550523e-04
3.090020202020202333e+01 4.580366336222502525e-04 3.924987358645372413e-04 6.450482259422566115e-04 6.045376550315688510e-04
3.271727272727272862e+01 4.229101610966240791e-04 3.494216554476956720e-04 6.042376908987864056e-04 5.576775940942604610e-04
3.453434343434343390e+01 3.886090394149957277e-04 3.085304237497653681e-04 5.643239751676680082e-04 5.131519960022371679e-04
3.635141414141414629e+01 3.601941469815672582e-04 2.763855672817926439e-04 5.304949607519766257e-04 4.776592815772978977e-04
3.816848484848485157e+01 3.324154594591982484e-04 2.459438608465508219e-04 4.974292048335144864e-04 4.440393900915697457e-04
3.998555555555555685e+01 3.054862074964784908e-04 2.174504689784467076e-04 4.653463410760980828e-04 4.125369333149563750e-04
4.180262626262626924e+01 2.820557566535173170e-04 1.943311013696821592e-04 4.369915338330502652e-04 3.866316679904453118e-04
4.361969696969697452e+01 2.605875891250984265e-04 1.743583080804860354e-04 4.108070814361843058e-04 3.640623929668568748e-04
4.543676767676767980e+01 2.399759912701823848e-04 1.559727862344165378e-04 3.856497847156513522e-04 3.432377867137062586e-04
4.725383838383839219e+01 2.216766284236269076e-04 1.409924258895729786e-04 3.630445839192031126e-04 3.259630494774609427e-04
4.907090909090909747e+01 2.053004790620803455e-04 1.287305548523564930e-04 3.426075490399298207e-04 3.115356508520791454e-04
5.088797979797980275e+01 1.896880359085901244e-04 1.175840573422117262e-04 3.231225066689667248e-04 2.983504494245076610e-04
5.270505050505051514e+01 1.758132525136758275e-04 1.086780749390170198e-04 3.056205334115378040e-04 2.874609717371925184e-04
5.452212121212122042e+01 1.633868508241999231e-04 1.015203817124306563e-04 2.898119502709357322e-04 2.783616120762670847e-04
5.633919191919192571e+01 1.516021701279717177e-04 9.504107191775602534e-05 2.748397408709568439e-04 2.700331455892303768e-04
5.815626262626263809e+01 1.412056890032679739e-04 9.001827582328302772e-05 2.614994369268976550e-04 2.631126511566161193e-04
5.997333333333334338e+01 1.317726264251342292e-04 8.588839219298528361e-05 2.493485199734736600e-04 2.570691460287404927e-04
6.179040404040404866e+01 1.228599493971324001e-04 8.210349481618175874e-05 2.379123549894666229e-04 2.514364113184486033e-04
6.360747474747475394e+01 1.150736850621772342e-04 7.922579340643510267e-05 2.278342318733817429e-04 2.465567621190315546e-04
6.542454545454545212e+01 1.078797212611563926e-04 7.668170963613276769e-05 2.185515274637531917e-04 2.419942202883181731e-04
6.724161616161616450e+01 1.010988663429527261e-04 7.426646234587013624e-05 2.098723966814237377e-04 2.376142978419640154e-04
6.905868686868687689e+01 9.522846088473225124e-05 7.239376390355297243e-05 2.023121743774075978e-04 2.335406369147654930e-04
7.087575757575757507e+01 8.970030863033458485e-05 7.055911269766902715e-05 1.952804551428758491e-04 2.295407471087350674e-04
7.269282828282828746e+01 8.455847477289101747e-05 6.878483681410445770e-05 1.888193334347367533e-04 2.256141998072463083e-04
7.450989898989899984e+01 8.002273149617148383e-05 6.724188037958890726e-05 1.831425117520752756e-04 2.217410511302760285e-04
7.632696969696969802e+01 7.573481158918564415e-05 6.565997915698635636e-05 1.778923354953993623e-04 2.178984050489525016e-04
7.814404040404041041e+01 7.180225018356925666e-05 6.411803711943488420e-05 1.731675267538027171e-04 2.140836031286746379e-04
7.996111111111112280e+01 6.824923666560985599e-05 6.264858514166779947e-05 1.689826153046667583e-04 2.102811071967008853e-04
8.177818181818182097e+01 6.489041581426165486e-05 6.112969672345260302e-05 1.651652448286238407e-04 2.065312633676247246e-04
8.359525252525253336e+01 6.184460650549758454e-05 5.965626790813765651e-05 1.618122059868981946e-04 2.028279728552281403e-04
8.541232323232324575e+01 5.903684422722357171e-05 5.819428913258419298e-05 1.588524328440286753e-04 1.991906886700904860e-04
8.722939393939394392e+01 5.638194513906433052e-05 5.669412114163044174e-05 1.562149787978924333e-04 1.956569416781564572e-04
8.904646464646465631e+01 5.399703704160052506e-05 5.526139121244344027e-05 1.539805640039231135e-04 1.922359164288015162e-04
9.086353535353536870e+01 5.176252630215660394e-05 5.382049162126681109e-05 1.520554349875552600e-04 1.889530803363477680e-04
9.268060606060606688e+01 4.965379259342474406e-05 5.236735346177341552e-05 1.504222575143194021e-04 1.858364525017385405e-04
9.449767676767677926e+01 4.776812536020280317e-05 5.099666377799394592e-05 1.491328812482214309e-04 1.829126248410037261e-04
9.631474747474749165e+01 4.598332040287291737e-05 4.961861556094006862e-05 1.481098950429994337e-04 1.801873932697135080e-04
9.813181818181818983e+01 4.431668319830427269e-05 4.826760572916656994e-05 1.473616300447917976e-04 1.776927317106087893e-04
9.994888888888890222e+01 4.280931813059501751e-05 4.698870951567976119e-05 1.469009578154222104e-04 1.754547014784522475e-04
1.017659595959596146e+02 4.138663095015668428e-05 4.571671024218028188e-05 1.466891421875952256e-04 1.734564921314714803e-04
1.035830303030303128e+02 4.007155501500054141e-05 4.450734144593357198e-05 1.467340961364889417e-04 1.717479236657171887e-04
1.054001010101010252e+02 3.887650194657524510e-05 4.335827775669041039e-05 1.470338274806122427e-04 1.703257690132659150e-04
1.072171717171717376e+02 3.775545682131055658e-05 4.222476812414295984e-05 1.475686456775456305e-04 1.691658965976043313e-04
1.090342424242424357e+02 3.673061955610080846e-05 4.118534657390278853e-05 1.483418234175982878e-04 1.683398697569162981e-04
1.108513131313131481e+02 3.580385744762551843e-05 4.018895644873047326e-05 1.493492434598902782e-04 1.677975871774616207e-04
1.126683838383838605e+02 3.494504742289673713e-05 3.921190163938282616e-05 1.505788287428199280e-04 1.675201694609346735e-04
1.144854545454545587e+02 3.417154226356929530e-05 3.835425703563742259e-05 1.520252401940085855e-04 1.675983031688172298e-04
1.163025252525252711e+02 3.348685790362639168e-05 3.751893618710731750e-05 1.536908984702241917e-04 1.679321065946802168e-04
1.181195959595959835e+02 3.286533917113694081e-05 3.672174666718742579e-05 1.555604217421076622e-04 1.685321027916715151e-04
1.199366666666666816e+02 3.232543429236472477e-05 3.602576000875680327e-05 1.576252381597366382e-04 1.694472157367744793e-04
1.217537373737373940e+02 3.187173475297366013e-05 3.535187797180339392e-05 1.598926498048634749e-04 1.705924331662408413e-04
1.235708080808081064e+02 3.148025143493869606e-05 3.473017566309761491e-05 1.623384663251998530e-04 1.719831984556971169e-04
1.253878787878788046e+02 3.116945599190523134e-05 3.419417090241752799e-05 1.649536592545257439e-04 1.736329222669391766e-04
1.272049494949495170e+02 3.094887771737937061e-05 3.368475603935577932e-05 1.677516731064329777e-04 1.754777234548241514e-04
1.290220202020202294e+02 3.079448789953838085e-05 3.323760668338130781e-05 1.706952863228248293e-04 1.775262749974394327e-04
1.308390909090909133e+02 3.072120806894383519e-05 3.287244753471437191e-05 1.737739585536105414e-04 1.797733881544011055e-04
1.326561616161616257e+02 3.074717404864400934e-05 3.254481849908899348e-05 1.770121564880181193e-04 1.821766745963180820e-04
1.344732323232323381e+02 3.084808076535563260e-05 3.228815901045377720e-05 1.803590453588219491e-04 1.847285385124469801e-04
1.362903030303030505e+02 3.103107294150555932e-05 3.212639672569004331e-05 1.837929480147889628e-04 1.874197821659216875e-04
1.381073737373737345e+02 3.132488567010764056e-05 3.201947910959625459e-05 1.873596683830376435e-04 1.902288913384246681e-04
1.399244444444444753e+02 3.170221774592384676e-05 3.198961739770083654e-05 1.910021179397835753e-04 1.931340445915706138e-04
1.417415151515151592e+02 3.217861028165649800e-05 3.208608132181826818e-05 1.946733577223656701e-04 1.961150263513834660e-04
1.435585858585858716e+02 3.274994402099348458e-05 3.225745770820108584e-05 1.984236534720956702e-04 1.991776615662731523e-04
1.453756565656565840e+02 3.341223743543388796e-05 3.250116172596323461e-05 2.022384710357579896e-04 2.023051731231801341e-04
1.471927272727272964e+02 3.419850082149655183e-05 3.291152507647108311e-05 2.060081350298328116e-04 2.054301808471807535e-04
1.490097979797979804e+02 3.506859758287106908e-05 3.341987006446004712e-05 2.097925146295647250e-04 2.085960509194997024e-04
1.508268686868687212e+02 3.601555966842641691e-05 3.400963400679269614e-05 2.135855297606627961e-04 2.117868647553370210e-04
1.526439393939394051e+02 3.704545492571379415e-05 3.469602512988101287e-05 2.173465663637778324e-04 2.149649981506523250e-04
1.544610101010101175e+02 3.820772998614855714e-05 3.556633692138593011e-05 2.209958724412805497e-04 2.180735423414676853e-04
1.562780808080808299e+02 3.941272687889241856e-05 3.650844496873300601e-05 2.245824606254881635e-04 2.211593951804467577e-04
1.580951515151515423e+02 4.064022129512385144e-05 3.750233982530061793e-05 2.280763695165845294e-04 2.241935033542969910e-04
1.599122222222222263e+02 4.188117474226656279e-05 3.852702938816208913e-05 2.314602063687454258e-04 2.271456888782748392e-04
1.617292929292929671e+02 4.321057285308543746e-05 3.968483431536580557e-05 2.346503138058742010e-04 2.299429964739134089e-04
1.635463636363636510e+02 4.455359545985976337e-05 4.089577467365455718e-05 2.376511179138397084e-04 2.325981279924189482e-04
1.653634343434343634e+02 4.584018455862722577e-05 4.207878383766612611e-05 2.404498502368388618e-04 2.350971952295852132e-04
1.671805050505050758e+02 4.704491259643931399e-05 4.320455040473484572e-05 2.430134393758570806e-04 2.374047462136573590e-04
1.689975757575757882e+02 4.814397607736012845e-05 4.424531142952160329e-05 2.453105209833418565e-04 2.394868560225246106e-04
1.708146464646464722e+02 4.911563117484750148e-05 4.517544993474495912e-05 2.473120812801609530e-04 2.413118970552646455e-04
1.726317171717172130e+02 4.994312526808279852e-05 4.597206848288947064e-05 2.489951798148226560e-04 2.428513209643620046e-04
1.744487878787878969e+02 5.060955653093954037e-05 4.661554643537035446e-05 2.503368492587128703e-04 2.440804429280340473e-04
1.762658585858586093e+02 5.116248648446423318e-05 4.716190381118234696e-05 2.513052394232204059e-04 2.449690945694563159e-04
1.780829292929293217e+02 5.150867418013825214e-05 4.750581841376853826e-05 2.519005598059499110e-04 2.455167953550937282e-04
1.799000000000000057e+02 5.163327373216281663e-05 4.762983644478632582e-05 2.521142704076256044e-04 2.457136860987467150e-04
