# theta' [deg], IA + Unevolved [fm], IA + Evolved [fm], FSI + Unevolved [fm], FSI + Evolved [fm]
# 
1.000000000000000021e-02 1.632465559125036436e-01 1.635782839732828065e-01 1.333970022944617473e-01 1.338160813630890622e-01
1.827070707070707289e+00 1.626312406955267853e-01 1.629611630124613297e-01 1.328826681467616677e-01 1.332996917281007998e-01
3.644141414141414792e+00 1.608094085201483003e-01 1.611340169222771346e-01 1.313610208821159309e-01 1.317719865517261169e-01
5.461212121212121851e+00 1.578127289550686763e-01 1.581287023430783811e-01 1.288620782077780635e-01 1.292631701573861147e-01
7.278282828282828909e+00 1.536929228270310366e-01 1.539972388546486382e-01 1.254348691380686720e-01 1.258225700520861357e-01
9.095353535353536856e+00 1.485203480094300088e-01 1.488103769332847770e-01 1.211461012313326813e-01 1.215172870241997133e-01
1.091242424242424391e+01 1.423821321310209664e-01 1.426557075803263352e-01 1.160783993691092975e-01 1.164304117144030898e-01
1.272949494949495097e+01 1.353799508930778051e-01 1.356354139694201377e-01 1.103282080106122720e-01 1.106589011706198139e-01
1.454656565656565803e+01 1.292285165226795540e-01 1.294596827534136296e-01 1.052977174836029484e-01 1.056031797495526336e-01
1.636363636363636331e+01 1.228274600971251823e-01 1.230322577290978436e-01 1.000920940077775628e-01 1.003706130322328804e-01
1.818070707070707215e+01 1.159780440762477605e-01 1.161558538519211481e-01 9.455984694219454756e-02 9.481068689294190610e-02
1.999777777777778098e+01 1.087649608326462791e-01 1.089157153547826579e-01 8.878056030530435960e-02 8.900353602514871065e-02
2.181484848484848627e+01 1.012745087962752394e-01 1.013986383589035589e-01 8.283536665542265420e-02 8.303079496093157541e-02
2.363191919191919510e+01 9.359324094838153418e-02 9.369160440563276127e-02 7.680567006765211258e-02 7.697430654135550832e-02
2.544898989898990393e+01 8.605119250629052197e-02 8.612437368237559066e-02 7.095794575999381237e-02 7.110076310286889134e-02
2.726606060606060922e+01 8.007732123140957892e-02 8.012120869407002299e-02 6.637071219751573825e-02 6.648720612972854049e-02
2.908313131313131805e+01 7.406678403642057151e-02 7.408278231092570165e-02 6.181541346273529414e-02 6.190709470993337876e-02
3.090020202020202333e+01 6.806934741940302847e-02 6.805907040213501902e-02 5.733838799207057607e-02 5.740698834642107146e-02
3.271727272727272862e+01 6.213237411749805011e-02 6.209757657683875193e-02 5.298372810792750104e-02 5.303113669537036501e-02
3.453434343434343390e+01 5.634305169468667440e-02 5.628542292742457626e-02 4.882261247347965266e-02 4.885079410405188810e-02
3.635141414141414629e+01 5.196330851907342979e-02 5.188011411984719962e-02 4.572156781580102164e-02 4.573171817647222331e-02
3.816848484848485157e+01 4.766255609335511012e-02 4.755536403226904435e-02 4.273964208173787471e-02 4.273357745551784048e-02
3.998555555555555685e+01 4.346454494921202921e-02 4.333493324839353400e-02 3.989861930509679827e-02 3.987817706688222275e-02
4.180262626262626924e+01 3.939109944582024764e-02 3.924062878468988214e-02 3.721846061940900507e-02 3.718547322776446368e-02
4.361969696969697452e+01 3.580906193283964895e-02 3.563855696878356905e-02 3.492728630961589031e-02 3.488389110293239198e-02
4.543676767676767980e+01 3.286720256094392834e-02 3.267677501089584491e-02 3.309330431363522590e-02 3.304146888923135267e-02
4.725383838383839219e+01 3.002068884028948059e-02 2.981151108376548994e-02 3.137841190628352928e-02 3.131950482126412416e-02
4.907090909090909747e+01 2.728118196884531804e-02 2.705485935042781578e-02 2.979227812041537402e-02 2.972784759030862659e-02
5.088797979797980275e+01 2.465518975416477326e-02 2.441264618490860544e-02 2.834128949317319887e-02 2.827251172795121337e-02
5.270505050505051514e+01 2.264339878905326578e-02 2.238636248968040726e-02 2.726911373748339834e-02 2.719863010272232512e-02
5.452212121212122042e+01 2.075737233500321577e-02 2.048633080514901048e-02 2.631200551048991712e-02 2.624052195402021628e-02
5.633919191919192571e+01 1.894860705848703045e-02 1.866394343263192909e-02 2.544655402109416084e-02 2.537458530874915630e-02
5.815626262626263809e+01 1.722078486188751908e-02 1.692290380835649935e-02 2.467562792437156052e-02 2.460369645331555652e-02
5.997333333333334338e+01 1.572284864423652978e-02 1.541362619728076089e-02 2.405321745889801854e-02 2.398263760591859417e-02
6.179040404040404866e+01 1.448553494662958678e-02 1.416698608952633373e-02 2.357335112420679349e-02 2.350522318512715883e-02
6.360747474747475394e+01 1.330449035628022969e-02 1.297721001239074065e-02 2.315665746196903657e-02 2.309103034909162910e-02
6.542454545454545212e+01 1.217823275992412080e-02 1.184222191856623349e-02 2.280282257509124583e-02 2.273958309671960179e-02
6.724161616161616450e+01 1.110764846407545116e-02 1.076295622863819926e-02 2.251216988411793712e-02 2.245127228288365528e-02
6.905868686868687689e+01 1.026765083394138266e-02 9.918594184400390118e-03 2.231193019957429871e-02 2.225403176148485485e-02
7.087575757575757507e+01 9.496956533130498923e-03 9.143961984669742374e-03 2.215906822882818608e-02 2.210370649482145192e-02
7.269282828282828746e+01 8.762219036881369397e-03 8.404993078470835224e-03 2.204662509081106378e-02 2.199327131590677470e-02
7.450989898989899984e+01 8.064268218136962790e-03 7.702741567640051211e-03 2.197423495637047461e-02 2.192249006500398070e-02
7.632696969696969802e+01 7.416698013123385405e-03 7.051817359071812369e-03 2.194078149376898004e-02 2.189030620894677828e-02
7.814404040404041041e+01 6.916029955106598598e-03 6.553045394956099473e-03 2.193457213788268037e-02 2.188422784694584941e-02
7.996111111111112280e+01 6.438493960649213817e-03 6.076911487408716631e-03 2.195318270260718241e-02 2.190223374220871821e-02
8.177818181818182097e+01 5.983996266391287608e-03 5.623430952307485048e-03 2.199600182404164855e-02 2.194388304910796506e-02
8.359525252525253336e+01 5.552370641905342297e-03 5.192552795646502260e-03 2.206234044902215252e-02 2.200867421368754920e-02
8.541232323232324575e+01 5.150038963086775272e-03 4.791415147220365496e-03 2.214932852550582920e-02 2.209370924125347163e-02
8.722939393939394392e+01 4.840501744179823325e-03 4.488960905664183577e-03 2.223058385590799199e-02 2.217016740385096066e-02
8.904646464646465631e+01 4.545484231688993321e-03 4.200483461921543198e-03 2.232553851793687982e-02 2.225989392781155957e-02
9.086353535353536870e+01 4.264779830827254876e-03 3.925868994924382356e-03 2.243354046550337377e-02 2.236244952906728256e-02
9.268060606060606688e+01 3.998150208742932456e-03 3.664972052220742769e-03 2.255390806450843083e-02 2.247737348020320547e-02
9.449767676767677926e+01 3.745328446340323667e-03 3.417617593778573149e-03 2.268593456592486041e-02 2.260418573343646320e-02
9.631474747474749165e+01 3.540089029795017318e-03 3.222004943470148895e-03 2.280483947243096277e-02 2.271505774801016106e-02
9.813181818181818983e+01 3.359029018717365686e-03 3.051926203935351623e-03 2.292032578914780447e-02 2.282135225482902902e-02
9.994888888888890222e+01 3.186682948658244117e-03 2.890005702923984822e-03 2.304154377887296379e-02 2.293380506690181897e-02
1.017659595959596146e+02 3.022848527956087557e-03 2.736100461612126118e-03 2.316794363979931756e-02 2.305208239671547102e-02
1.035830303030303128e+02 2.867313037744229423e-03 2.590053900849020093e-03 2.329897451080660889e-02 2.317584469482320692e-02
1.054001010101010252e+02 2.723545343563570781e-03 2.455612441309130978e-03 2.343006630249431024e-02 2.330049943057460604e-02
1.072171717171717376e+02 2.608030531413916674e-03 2.352981500278799806e-03 2.354145262847535253e-02 2.340252592831661843e-02
1.090342424242424357e+02 2.504405366937436511e-03 2.262814486149860530e-03 2.364716298706765266e-02 2.349877699292526184e-02
1.108513131313131481e+02 2.405896535072513456e-03 2.177088300343135979e-03 2.375369932642414084e-02 2.359720047802528475e-02
1.126683838383838605e+02 2.312902845899805424e-03 2.096247725205786783e-03 2.385995440357817701e-02 2.369681678324196683e-02
1.144854545454545587e+02 2.229167753880378477e-03 2.024196114282099217e-03 2.395986166807993062e-02 2.379151024607661924e-02
1.163025252525252711e+02 2.149877624316253334e-03 1.955971471199278305e-03 2.405916827225683743e-02 2.388733728994577726e-02
1.181195959595959835e+02 2.074944932220404610e-03 1.891514627363724945e-03 2.415749533150499118e-02 2.398399704486681508e-02
1.199366666666666816e+02 2.019455264518813832e-03 1.850004372162797036e-03 2.423137154908330121e-02 2.405282355112742590e-02
1.217537373737373940e+02 1.970168611928733386e-03 1.813907183943062624e-03 2.429820354791584550e-02 2.411643877817351914e-02
1.235708080808081064e+02 1.926523384665945011e-03 1.782660862410077526e-03 2.435816364002030623e-02 2.417505331965009649e-02
1.253878787878788046e+02 1.885559547139585785e-03 1.753266172126991982e-03 2.441585700935356221e-02 2.423336109225004975e-02
1.272049494949495170e+02 1.847204047172832774e-03 1.725656448387478297e-03 2.447118013031967035e-02 2.429124590853286303e-02
1.290220202020202294e+02 1.811701265450412499e-03 1.700083982547576523e-03 2.452345422752042967e-02 2.434799074519321260e-02
1.308390909090909133e+02 1.785593862950427945e-03 1.683099365733725173e-03 2.455989624242950475e-02 2.439064756093653127e-02
1.326561616161616257e+02 1.761680655770135519e-03 1.667487696815659693e-03 2.459362033932639344e-02 2.443234931095274176e-02
1.344732323232323381e+02 1.746667322990806334e-03 1.662322342598830747e-03 2.461266957881106873e-02 2.445794131754462294e-02
1.362903030303030505e+02 1.735431762321064299e-03 1.660731745167187646e-03 2.462573179248689695e-02 2.447824318836637481e-02
1.381073737373737345e+02 1.730828497830301732e-03 1.664801554801447663e-03 2.462659363994362111e-02 2.448782866620097948e-02
1.399244444444444753e+02 1.731686263465101157e-03 1.673374851796334247e-03 2.461751025025663356e-02 2.448880361541122194e-02
1.417415151515151592e+02 1.733905073531807157e-03 1.682405544846428706e-03 2.460666333445531151e-02 2.448922050864828573e-02
1.435585858585858716e+02 1.737409900581680282e-03 1.691843577324010812e-03 2.459424533988629688e-02 2.448910269158166564e-02
1.453756565656565840e+02 1.742117448890893698e-03 1.701635810454248587e-03 2.458046170625987487e-02 2.448847910493523114e-02
1.471927272727272964e+02 1.758125704682394390e-03 1.721740351445155779e-03 2.454553057542907188e-02 2.446731006156006513e-02
1.490097979797979804e+02 1.775879755322271481e-03 1.742777595720560813e-03 2.450853772541416314e-02 2.444453765290524952e-02
1.508268686868687212e+02 1.794326770776620214e-03 1.763756199524406766e-03 2.447156887991525087e-02 2.442206788817754409e-02
1.526439393939394051e+02 1.813301070169364695e-03 1.784563843389319832e-03 2.443492899976164659e-02 2.440002302553900132e-02
1.544610101010101175e+02 1.832621379939942561e-03 1.805078573821967697e-03 2.439892379712803316e-02 2.437853075834837263e-02
1.562780808080808299e+02 1.864979207187700706e-03 1.838817130839649630e-03 2.434068942149163195e-02 2.433341305837282906e-02
1.580951515151515423e+02 1.900800561274704247e-03 1.876108238363629428e-03 2.427840069548489396e-02 2.428314509612477384e-02
1.599122222222222263e+02 1.935635471290926644e-03 1.911874804013036742e-03 2.421967927724854447e-02 2.423600729063404152e-02
1.617292929292929671e+02 1.969131244416774413e-03 1.945841561524886505e-03 2.416485359916589748e-02 2.419218982619544128e-02
1.635463636363636510e+02 2.000926109643041701e-03 1.977727110340582895e-03 2.411423294561831215e-02 2.415187744184619026e-02
1.653634343434343634e+02 2.030655219354494338e-03 2.007248446534491346e-03 2.406810441759734201e-02 2.411524697705296968e-02
1.671805050505050758e+02 2.059097744601891614e-03 2.035238604324347920e-03 2.402485816985016828e-02 2.408057884155780787e-02
1.689975757575757882e+02 2.093949741435294568e-03 2.069274453728921475e-03 2.397181576604674735e-02 2.403501027120010305e-02
1.708146464646464722e+02 2.124409910037414629e-03 2.098884114625224756e-03 2.392646912813291629e-02 2.399609268500981982e-02
1.726317171717172130e+02 2.150044302192659611e-03 2.123707717527432721e-03 2.388901426502190728e-02 2.396397202682768943e-02
1.744487878787878969e+02 2.170475832933422156e-03 2.143432953962447467e-03 2.385961224271540213e-02 2.393877069984340356e-02
1.762658585858586093e+02 2.185395993826999127e-03 2.157804581921722326e-03 2.383838880867973978e-02 2.392058595695408310e-02
1.780829292929293217e+02 2.194574954178187334e-03 2.166632607424690774e-03 2.382543427809382872e-02 2.390948862934900304e-02
1.799000000000000057e+02 2.197869390401302296e-03 2.169798615268989095e-03 2.382080356643282923e-02 2.390552220872451880e-02
