#  Tlab      phaseshift
#          pwa93   

  0.000     0.00000  
  1.000     0.00010  
  2.000     0.00044  
  3.000     0.00096  
  4.000     0.00159  
  5.000     0.00227  
  6.000     0.00298  
  7.000     0.00372  
  8.000     0.00447  
  9.000     0.00528  
 10.000     0.00615  
 11.000     0.00713  
 12.000     0.00824  
 13.000     0.00952  
 14.000     0.01100  
 15.000     0.01270  
 16.000     0.01467  
 17.000     0.01692  
 18.000     0.01948  
 19.000     0.02237  
 20.000     0.02562  
 21.000     0.02924  
 22.000     0.03324  
 23.000     0.03765  
 24.000     0.04247  
 25.000     0.04772  
 26.000     0.05340  
 27.000     0.05952  
 28.000     0.06609  
 29.000     0.07311  
 30.000     0.08059  
 31.000     0.08852  
 32.000     0.09691  
 33.000     0.10576  
 34.000     0.11507  
 35.000     0.12484  
 36.000     0.13506  
 37.000     0.14573  
 38.000     0.15686  
 39.000     0.16843  
 40.000     0.18044  
 41.000     0.19289  
 42.000     0.20577  
 43.000     0.21908  
 44.000     0.23281  
 45.000     0.24695  
 46.000     0.26150  
 47.000     0.27646  
 48.000     0.29181  
 49.000     0.30756  
 50.000     0.32368  
 51.000     0.34018  
 52.000     0.35705  
 53.000     0.37428  
 54.000     0.39186  
 55.000     0.40979  
 56.000     0.42805  
 57.000     0.44665  
 58.000     0.46558  
 59.000     0.48481  
 60.000     0.50436  
 61.000     0.52421  
 62.000     0.54435  
 63.000     0.56478  
 64.000     0.58548  
 65.000     0.60646  
 66.000     0.62770  
 67.000     0.64919  
 68.000     0.67094  
 69.000     0.69292  
 70.000     0.71514  
 71.000     0.73759  
 72.000     0.76025  
 73.000     0.78313  
 74.000     0.80621  
 75.000     0.82949  
 76.000     0.85296  
 77.000     0.87662  
 78.000     0.90045  
 79.000     0.92446  
 80.000     0.94863  
 81.000     0.97295  
 82.000     0.99743  
 83.000     1.02205  
 84.000     1.04681  
 85.000     1.07170  
 86.000     1.09672  
 87.000     1.12186  
 88.000     1.14711  
 89.000     1.17247  
 90.000     1.19793  
 91.000     1.22349  
 92.000     1.24914  
 93.000     1.27487  
 94.000     1.30068  
 95.000     1.32657  
 96.000     1.35252  
 97.000     1.37854  
 98.000     1.40461  
 99.000     1.43074  
100.000     1.45691  