Wood-Saxon orbitals: potentials
        r                vc              vls              vem 
 0.16666667E+00  -0.48091889E+02  -0.11286900E+03   0.00000000E+00
 0.33333333E+00  -0.47096102E+02  -0.69717530E+02   0.00000000E+00
 0.50000000E+00  -0.45865976E+02  -0.56712514E+02   0.00000000E+00
 0.66666667E+00  -0.44365013E+02  -0.51123596E+02   0.00000000E+00
 0.83333333E+00  -0.42560936E+02  -0.48275811E+02   0.00000000E+00
 0.10000000E+01  -0.40431339E+02  -0.46482855E+02   0.00000000E+00
 0.11666667E+01  -0.37970425E+02  -0.44914249E+02   0.00000000E+00
 0.13333333E+01  -0.35195626E+02  -0.43089409E+02   0.00000000E+00
 0.15000000E+01  -0.32152207E+02  -0.40736390E+02   0.00000000E+00
 0.16666667E+01  -0.28913724E+02  -0.37752224E+02   0.00000000E+00
 0.18333333E+01  -0.25576830E+02  -0.34182700E+02   0.00000000E+00
 0.20000000E+01  -0.22250651E+02  -0.30190533E+02   0.00000000E+00
 0.21666667E+01  -0.19042924E+02  -0.26006363E+02   0.00000000E+00
 0.23333333E+01  -0.16046522E+02  -0.21872802E+02   0.00000000E+00
 0.25000000E+01  -0.13329749E+02  -0.17997101E+02   0.00000000E+00
 0.26666667E+01  -0.10932304E+02  -0.14523459E+02   0.00000000E+00
 0.28333333E+01  -0.88666755E+01  -0.11526773E+02   0.00000000E+00
 0.30000000E+01  -0.71233144E+01  -0.90222465E+01   0.00000000E+00
 0.31666667E+01  -0.56774050E+01  -0.69825464E+01   0.00000000E+00
 0.33333333E+01  -0.44954588E+01  -0.53556025E+01   0.00000000E+00
 0.35000000E+01  -0.35406862E+01  -0.40790824E+01   0.00000000E+00
 0.36666667E+01  -0.27767909E+01  -0.30902963E+01   0.00000000E+00
 0.38333333E+01  -0.21702929E+01  -0.23319215E+01   0.00000000E+00
 0.40000000E+01  -0.16916931E+01  -0.17546088E+01   0.00000000E+00
 0.41666667E+01  -0.13158374E+01  -0.13175779E+01   0.00000000E+00
 0.43333333E+01  -0.10217856E+01  -0.98808959E+00   0.00000000E+00
 0.45000000E+01  -0.79241442E+00  -0.74040193E+00   0.00000000E+00
 0.46666667E+01  -0.61391018E+00  -0.55457858E+00   0.00000000E+00
 0.48333333E+01  -0.47524228E+00  -0.41534919E+00   0.00000000E+00
 0.50000000E+01  -0.36767122E+00  -0.31111090E+00   0.00000000E+00
 0.51666667E+01  -0.28431399E+00  -0.23309849E+00   0.00000000E+00
 0.53333333E+01  -0.21977449E+00  -0.17471765E+00   0.00000000E+00
 0.55000000E+01  -0.16983720E+00  -0.13102148E+00   0.00000000E+00
 0.56666667E+01  -0.13121783E+00  -0.98306048E-01   0.00000000E+00
 0.58333333E+01  -0.10136290E+00  -0.73801419E-01   0.00000000E+00
 0.60000000E+01  -0.78290328E-01  -0.55437558E-01   0.00000000E+00
 0.61666667E+01  -0.60463471E-01  -0.41667901E-01   0.00000000E+00
 0.63333333E+01  -0.46692159E-01  -0.31336967E-01   0.00000000E+00
 0.65000000E+01  -0.36055251E-01  -0.23581268E-01   0.00000000E+00
 0.66666667E+01  -0.27840225E-01  -0.17755278E-01   0.00000000E+00
 0.68333333E+01  -0.21496179E-01  -0.13376172E-01   0.00000000E+00
 0.70000000E+01  -0.16597308E-01  -0.10082622E-01   0.00000000E+00
 0.71666667E+01  -0.12814589E-01  -0.76040515E-02   0.00000000E+00
 0.73333333E+01  -0.98938309E-02  -0.57377143E-02   0.00000000E+00
 0.75000000E+01  -0.76386868E-02  -0.43315908E-02   0.00000000E+00
 0.76666667E+01  -0.58975090E-02  -0.32716204E-02   0.00000000E+00
 0.78333333E+01  -0.45531839E-02  -0.24721674E-02   0.00000000E+00
 0.80000000E+01  -0.35152741E-02  -0.18688954E-02   0.00000000E+00
 0.81666667E+01  -0.27139461E-02  -0.14134394E-02   0.00000000E+00
 0.83333333E+01  -0.20952783E-02  -0.10694184E-02   0.00000000E+00
 0.85000000E+01  -0.16176368E-02  -0.80944954E-03   0.00000000E+00
 0.86666667E+01  -0.12488763E-02  -0.61291086E-03   0.00000000E+00
 0.88333333E+01  -0.96417779E-03  -0.46426321E-03   0.00000000E+00
 0.90000000E+01  -0.74437927E-03  -0.35179115E-03   0.00000000E+00
 0.91666667E+01  -0.57468651E-03  -0.26665748E-03   0.00000000E+00
 0.93333333E+01  -0.44367750E-03  -0.20219279E-03   0.00000000E+00
 0.95000000E+01  -0.34253390E-03  -0.15336124E-03   0.00000000E+00
 0.96666667E+01  -0.26444754E-03  -0.11635872E-03   0.00000000E+00
 0.98333333E+01  -0.20416220E-03  -0.88310247E-04   0.00000000E+00
 0.10000000E+02  -0.15761990E-03  -0.67042137E-04   0.00000000E+00
 0.10166667E+02  -0.12168769E-03  -0.50910235E-04   0.00000000E+00
 0.10333333E+02  -0.93946841E-04  -0.38670426E-04   0.00000000E+00
 0.10500000E+02  -0.72529999E-04  -0.29380942E-04   0.00000000E+00
 0.10666667E+02  -0.55995498E-04  -0.22328618E-04   0.00000000E+00
 0.10833333E+02  -0.43230328E-04  -0.16973209E-04   0.00000000E+00
 0.11000000E+02  -0.33375203E-04  -0.12905321E-04   0.00000000E+00
 0.11166667E+02  -0.25766729E-04  -0.98146175E-05   0.00000000E+00
 0.11333333E+02  -0.19892742E-04  -0.74657709E-05   0.00000000E+00
 0.11500000E+02  -0.15357835E-04  -0.56802815E-05   0.00000000E+00
 0.11666667E+02  -0.11856741E-04  -0.43227116E-05   0.00000000E+00
 0.11833333E+02  -0.91537840E-05  -0.32902682E-05   0.00000000E+00
 0.12000000E+02  -0.70670145E-05  -0.25049121E-05   0.00000000E+00
 0.12166667E+02  -0.54559616E-05  -0.19073810E-05   0.00000000E+00
 0.12333333E+02  -0.42121771E-05  -0.14526598E-05   0.00000000E+00
 0.12500000E+02  -0.32519356E-05  -0.11065466E-05   0.00000000E+00
 0.12666667E+02  -0.25105984E-05  -0.84304876E-06   0.00000000E+00
 0.12833333E+02  -0.19382624E-05  -0.64240790E-06   0.00000000E+00
 0.13000000E+02  -0.14964006E-05  -0.48960102E-06   0.00000000E+00
 0.13166667E+02  -0.11552692E-05  -0.37320301E-06   0.00000000E+00
 0.13333333E+02  -0.89190478E-06  -0.28452311E-06   0.00000000E+00
 0.13500000E+02  -0.68857904E-06  -0.21694909E-06   0.00000000E+00
 0.13666667E+02  -0.53160506E-06  -0.16544906E-06   0.00000000E+00
 0.13833333E+02  -0.41041613E-06  -0.12619303E-06   0.00000000E+00
 0.14000000E+02  -0.31685439E-06  -0.96265238E-07   0.00000000E+00
 0.14166667E+02  -0.24462173E-06  -0.73445494E-07   0.00000000E+00
 0.14333333E+02  -0.18885581E-06  -0.56042944E-07   0.00000000E+00
 0.14500000E+02  -0.14580273E-06  -0.42769625E-07   0.00000000E+00
 0.14666667E+02  -0.11256437E-06  -0.32644298E-07   0.00000000E+00
 0.14833333E+02  -0.86903299E-07  -0.24919270E-07   0.00000000E+00
 0.15000000E+02  -0.67092128E-07  -0.19024713E-07   0.00000000E+00
 0.15166667E+02  -0.51797271E-07  -0.14526284E-07   0.00000000E+00
 0.15333333E+02  -0.39989151E-07  -0.11092857E-07   0.00000000E+00
 0.15500000E+02  -0.30872905E-07  -0.84719541E-08   0.00000000E+00
 0.15666667E+02  -0.23834871E-07  -0.64710387E-08   0.00000000E+00
 0.15833333E+02  -0.18401283E-07  -0.49432611E-08   0.00000000E+00
 0.16000000E+02  -0.14206380E-07  -0.37766021E-08   0.00000000E+00
 0.16166667E+02  -0.10967780E-07  -0.28855994E-08   0.00000000E+00
 0.16333333E+02  -0.84674770E-08  -0.22050427E-08   0.00000000E+00
 0.16500000E+02  -0.65371633E-08  -0.16851680E-08   0.00000000E+00
 0.16666667E+02  -0.50468993E-08  -0.12879936E-08   0.00000000E+00
 0.16833333E+02  -0.38963678E-08  -0.98452699E-09   0.00000000E+00
 0.17000000E+02  -0.30081207E-08  -0.75263453E-09   0.00000000E+00
 0.17166667E+02  -0.23223655E-08  -0.57541661E-09   0.00000000E+00
 0.17333333E+02  -0.17929405E-08  -0.43996850E-09   0.00000000E+00
 0.17500000E+02  -0.13842074E-08  -0.33643481E-09   0.00000000E+00
 0.17666667E+02  -0.10686524E-08  -0.25728808E-09   0.00000000E+00
 0.17833333E+02  -0.82503390E-09  -0.19677824E-09   0.00000000E+00
 0.18000000E+02  -0.63695258E-09  -0.15051244E-09   0.00000000E+00
 0.18166667E+02  -0.49174778E-09  -0.11513436E-09   0.00000000E+00
 0.18333333E+02  -0.37964503E-09  -0.88079346E-10   0.00000000E+00
 0.18500000E+02  -0.29309811E-09  -0.67387461E-10   0.00000000E+00
 0.18666667E+02  -0.22628112E-09  -0.51560766E-10   0.00000000E+00
 0.18833333E+02  -0.17469627E-09  -0.39454291E-10   0.00000000E+00
 0.19000000E+02  -0.13487111E-09  -0.30192783E-10   0.00000000E+00
 0.19166667E+02  -0.10412482E-09  -0.23107101E-10   0.00000000E+00
 0.19333333E+02  -0.80387691E-10  -0.17685633E-10   0.00000000E+00
 0.19500000E+02  -0.62061871E-10  -0.13537175E-10   0.00000000E+00
 0.19666667E+02  -0.47913751E-10  -0.10362564E-10   0.00000000E+00
 0.19833333E+02  -0.36990949E-10  -0.79330021E-11   0.00000000E+00
 0.20000000E+02  -0.28558197E-10  -0.60734938E-11   0.00000000E+00
 0.20166667E+02  -0.22047842E-10  -0.46501801E-11   0.00000000E+00
 0.20333333E+02  -0.17021640E-10  -0.35606609E-11   0.00000000E+00
 0.20500000E+02  -0.13141251E-10  -0.27265951E-11   0.00000000E+00
 0.20666667E+02  -0.10145466E-10  -0.20880427E-11   0.00000000E+00
 0.20833333E+02  -0.78326248E-11  -0.15991395E-11   0.00000000E+00
 0.21000000E+02  -0.60470370E-11  -0.12247886E-11   0.00000000E+00
 0.21166667E+02  -0.46685061E-11  -0.93813052E-12   0.00000000E+00
 0.21333333E+02  -0.36042362E-11  -0.71860846E-12   0.00000000E+00
 0.21500000E+02  -0.27825857E-11  -0.55048804E-12   0.00000000E+00
 0.21666667E+02  -0.21482452E-11  -0.42172520E-12   0.00000000E+00
 0.21833333E+02  -0.16585141E-11  -0.32309997E-12   0.00000000E+00
 0.22000000E+02  -0.12804260E-11  -0.24755380E-12   0.00000000E+00
 0.22166667E+02  -0.98852983E-12  -0.18968247E-12   0.00000000E+00
 0.22333333E+02  -0.76317667E-12  -0.14534809E-12   0.00000000E+00
 0.22500000E+02  -0.58919682E-12  -0.11138217E-12   0.00000000E+00
 0.22666667E+02  -0.45487880E-12  -0.85358317E-13   0.00000000E+00
 0.22833333E+02  -0.35118100E-12  -0.65418336E-13   0.00000000E+00
 0.23000000E+02  -0.27112297E-12  -0.50139071E-13   0.00000000E+00
 0.23166667E+02  -0.20931561E-12  -0.38430486E-13   0.00000000E+00
 0.23333333E+02  -0.16159835E-12  -0.29457640E-13   0.00000000E+00
 0.23500000E+02  -0.12475910E-12  -0.22580948E-13   0.00000000E+00
 0.23666667E+02  -0.96318019E-13  -0.17310446E-13   0.00000000E+00
 0.23833333E+02  -0.74360594E-13  -0.13270762E-13   0.00000000E+00
 0.24000000E+02  -0.57408759E-13  -0.10174304E-13   0.00000000E+00
 0.24166667E+02  -0.44321399E-13  -0.78007168E-14   0.00000000E+00
 0.24333333E+02  -0.34217539E-13  -0.59811538E-14   0.00000000E+00
 0.24500000E+02  -0.26417035E-13  -0.45862296E-14   0.00000000E+00
 0.24666667E+02  -0.20394797E-13  -0.35167923E-14   0.00000000E+00
 0.24833333E+02  -0.15745436E-13  -0.26968543E-14   0.00000000E+00
 0.25000000E+02  -0.12155981E-13  -0.20681774E-14   0.00000000E+00
 0.25166667E+02  -0.93848062E-14  -0.15861250E-14   0.00000000E+00
 0.25333333E+02  -0.72453708E-14  -0.12164831E-14   0.00000000E+00
 0.25500000E+02  -0.55936581E-14  -0.93302556E-15   0.00000000E+00
 0.25666667E+02  -0.43184831E-14  -0.71564816E-15   0.00000000E+00
 0.25833333E+02  -0.33340072E-14  -0.54893875E-15   0.00000000E+00
 0.26000000E+02  -0.25739603E-14  -0.42108163E-15   0.00000000E+00
 0.26166667E+02  -0.19871797E-14  -0.32301787E-15   0.00000000E+00
 0.26333333E+02  -0.15341664E-14  -0.24780178E-15   0.00000000E+00
 0.26500000E+02  -0.11844255E-14  -0.19010769E-15   0.00000000E+00
 0.26666667E+02  -0.91441443E-15  -0.14585192E-15   0.00000000E+00
 0.26833333E+02  -0.70595721E-15  -0.11190295E-15   0.00000000E+00
 0.27000000E+02  -0.54502156E-15  -0.85859375E-16   0.00000000E+00
 0.27166667E+02  -0.42077409E-15  -0.65879522E-16   0.00000000E+00
 0.27333333E+02  -0.32485107E-15  -0.50550971E-16   0.00000000E+00
 0.27500000E+02  -0.25079542E-15  -0.38790441E-16   0.00000000E+00
 0.27666667E+02  -0.19362209E-15  -0.29767056E-16   0.00000000E+00
 0.27833333E+02  -0.14948245E-15  -0.22843508E-16   0.00000000E+00
 0.28000000E+02  -0.11540524E-15  -0.17530944E-16   0.00000000E+00
 0.28166667E+02  -0.89096539E-16  -0.13454364E-16   0.00000000E+00
 0.28333333E+02  -0.68785380E-16  -0.10326099E-16   0.00000000E+00
 0.28500000E+02  -0.53104515E-16  -0.79254584E-17   0.00000000E+00
 0.28666667E+02  -0.40998386E-16  -0.60831337E-17   0.00000000E+00
 0.28833333E+02  -0.31652066E-16  -0.46692273E-17   0.00000000E+00
 0.29000000E+02  -0.24436408E-16  -0.35840757E-17   0.00000000E+00
 0.29166667E+02  -0.18865689E-16  -0.27512096E-17   0.00000000E+00
 0.29333333E+02  -0.14564916E-16  -0.21119536E-17   0.00000000E+00
 0.29500000E+02  -0.11244581E-16  -0.16212839E-17   0.00000000E+00
 0.29666667E+02  -0.86811768E-17  -0.12446512E-17   0.00000000E+00
 0.29833333E+02  -0.67021464E-17  -0.95554232E-18   0.00000000E+00
 0.30000000E+02  -0.51742715E-17  -0.73361088E-18   0.00000000E+00
 0.30166667E+02  -0.39947032E-17  -0.56324196E-18   0.00000000E+00
 0.30333333E+02  -0.30840388E-17  -0.43245158E-18   0.00000000E+00
 0.30500000E+02  -0.23809766E-17  -0.33204206E-18   0.00000000E+00
 0.30666667E+02  -0.18381902E-17  -0.25495391E-18   0.00000000E+00
 0.30833333E+02  -0.14191417E-17  -0.19576862E-18   0.00000000E+00
 0.31000000E+02  -0.10956228E-17  -0.15032706E-18   0.00000000E+00
 0.31166667E+02  -0.84585586E-18  -0.11543668E-18   0.00000000E+00
 0.31333333E+02  -0.65302780E-18  -0.88646761E-19   0.00000000E+00
 0.31500000E+02  -0.50415837E-18  -0.68076031E-19   0.00000000E+00
 0.31666667E+02  -0.38922640E-18  -0.52280260E-19   0.00000000E+00
 0.31833333E+02  -0.30049524E-18  -0.40150714E-19   0.00000000E+00
 0.32000000E+02  -0.23199194E-18  -0.30836191E-19   0.00000000E+00
 0.32166667E+02  -0.17910521E-18  -0.23683176E-19   0.00000000E+00
 0.32333333E+02  -0.13827495E-18  -0.18189922E-19   0.00000000E+00
 0.32500000E+02  -0.10675269E-18  -0.13971186E-19   0.00000000E+00
 0.32666667E+02  -0.82416493E-19  -0.10731171E-19   0.00000000E+00
 0.32833333E+02  -0.63628170E-19  -0.82427525E-20   0.00000000E+00
 0.33000000E+02  -0.49122984E-19  -0.63315291E-20   0.00000000E+00
 0.33166667E+02  -0.37924516E-19  -0.48635796E-20   0.00000000E+00
 0.33333333E+02  -0.29278941E-19  -0.37360649E-20   0.00000000E+00
 0.33500000E+02  -0.22604279E-19  -0.28700116E-20   0.00000000E+00
 0.33666667E+02  -0.17451227E-19  -0.22047718E-20   0.00000000E+00
 0.33833333E+02  -0.13472906E-19  -0.16937694E-20   0.00000000E+00
 0.34000000E+02  -0.10401515E-19  -0.13012342E-20   0.00000000E+00
 0.34166667E+02  -0.80303023E-20  -0.99969400E-21   0.00000000E+00
 0.34333333E+02  -0.61996504E-20  -0.76804918E-21   0.00000000E+00
 0.34500000E+02  -0.47863286E-20  -0.59009402E-21   0.00000000E+00
 0.34666667E+02  -0.36951989E-20  -0.45338123E-21   0.00000000E+00
 0.34833333E+02  -0.28528118E-20  -0.34835006E-21   0.00000000E+00
 0.35000000E+02  -0.22024620E-20  -0.26765674E-21   0.00000000E+00
 0.35166667E+02  -0.17003712E-20  -0.20566024E-21   0.00000000E+00
 0.35333333E+02  -0.13127410E-20  -0.15802734E-21   0.00000000E+00
 0.35500000E+02  -0.10134781E-20  -0.12142939E-21   0.00000000E+00
 0.35666667E+02  -0.78243750E-21  -0.93309301E-22   0.00000000E+00
 0.35833333E+02  -0.60406680E-21  -0.71702708E-22   0.00000000E+00
 0.36000000E+02  -0.46635890E-21  -0.55100504E-22   0.00000000E+00
 0.36166667E+02  -0.36004400E-21  -0.42343319E-22   0.00000000E+00
 0.36333333E+02  -0.27796549E-21  -0.32540442E-22   0.00000000E+00
 0.36500000E+02  -0.21459826E-21  -0.25007549E-22   0.00000000E+00
 0.36666667E+02  -0.16567672E-21  -0.19218871E-22   0.00000000E+00
 0.36833333E+02  -0.12790773E-21  -0.14770445E-22   0.00000000E+00
 0.37000000E+02  -0.98748865E-22  -0.11351890E-22   0.00000000E+00
 0.37166667E+02  -0.76237285E-22  -0.87247223E-23   0.00000000E+00
 0.37333333E+02  -0.58857624E-22  -0.67056945E-23   0.00000000E+00
 0.37500000E+02  -0.45439970E-22  -0.51540018E-23   0.00000000E+00
 0.37666667E+02  -0.35081111E-22  -0.39614480E-23   0.00000000E+00
 0.37833333E+02  -0.27083741E-22  -0.30448917E-23   0.00000000E+00
 0.38000000E+02  -0.20909515E-22  -0.23404435E-23   0.00000000E+00
 0.38166667E+02  -0.16142815E-22  -0.17990069E-23   0.00000000E+00
 0.38333333E+02  -0.12462770E-22  -0.13828523E-23   0.00000000E+00
 0.38500000E+02  -0.96216572E-23  -0.10629845E-23   0.00000000E+00
 0.38666667E+02  -0.74282273E-23  -0.81712078E-24   0.00000000E+00
 0.38833333E+02  -0.57348293E-23  -0.62813591E-24   0.00000000E+00
 0.39000000E+02  -0.44274718E-23  -0.48286863E-24   0.00000000E+00
 0.39166667E+02  -0.34181499E-23  -0.37120370E-24   0.00000000E+00
 0.39333333E+02  -0.26389212E-23  -0.28536681E-24   0.00000000E+00
 0.39500000E+02  -0.20373316E-23  -0.21938273E-24   0.00000000E+00
 0.39666667E+02  -0.15728852E-23  -0.16865885E-24   0.00000000E+00
 0.39833333E+02  -0.12143177E-23  -0.12966522E-24   0.00000000E+00
 0.40000000E+02  -0.93749216E-24  -0.99688590E-25   0.00000000E+00

