Wood-Saxon orbitals: potentials
        r                vc              vls              vem 
 0.16666667E+00  -0.20562996E+02  -0.54441499E+02   0.00000000E+00
 0.33333333E+00  -0.20684656E+02  -0.33149027E+02   0.00000000E+00
 0.50000000E+00  -0.21311586E+02  -0.26648379E+02   0.00000000E+00
 0.66666667E+00  -0.22258918E+02  -0.23815826E+02   0.00000000E+00
 0.83333333E+00  -0.23313677E+02  -0.22384465E+02   0.00000000E+00
 0.10000000E+01  -0.24261528E+02  -0.21554819E+02   0.00000000E+00
 0.11666667E+01  -0.24913183E+02  -0.20943439E+02   0.00000000E+00
 0.13333333E+01  -0.25126457E+02  -0.20326916E+02   0.00000000E+00
 0.15000000E+01  -0.24820635E+02  -0.19564791E+02   0.00000000E+00
 0.16666667E+01  -0.23981118E+02  -0.18576083E+02   0.00000000E+00
 0.18333333E+01  -0.22654016E+02  -0.17332459E+02   0.00000000E+00
 0.20000000E+01  -0.20932314E+02  -0.15853319E+02   0.00000000E+00
 0.21666667E+01  -0.18936908E+02  -0.14196560E+02   0.00000000E+00
 0.23333333E+01  -0.16796651E+02  -0.12444077E+02   0.00000000E+00
 0.25000000E+01  -0.14631228E+02  -0.10684720E+02   0.00000000E+00
 0.26666667E+01  -0.12539388E+02  -0.89988860E+01   0.00000000E+00
 0.28333333E+01  -0.10593256E+02  -0.74481264E+01   0.00000000E+00
 0.30000000E+01  -0.88379604E+01  -0.60709400E+01   0.00000000E+00
 0.31666667E+01  -0.72949247E+01  -0.48838792E+01   0.00000000E+00
 0.33333333E+01  -0.59670292E+01  -0.38859285E+01   0.00000000E+00
 0.35000000E+01  -0.48441765E+01  -0.30640603E+01   0.00000000E+00
 0.36666667E+01  -0.39083088E+01  -0.23984577E+01   0.00000000E+00
 0.38333333E+01  -0.31374160E+01  -0.18666263E+01   0.00000000E+00
 0.40000000E+01  -0.25084344E+01  -0.14462082E+01   0.00000000E+00
 0.41666667E+01  -0.19991416E+01  -0.11166469E+01   0.00000000E+00
 0.43333333E+01  -0.15892529E+01  -0.85998690E+00   0.00000000E+00
 0.45000000E+01  -0.12609341E+01  -0.66109685E+00   0.00000000E+00
 0.46666667E+01  -0.99892701E+00  -0.50755167E+00   0.00000000E+00
 0.48333333E+01  -0.79043811E+00  -0.38934143E+00   0.00000000E+00
 0.50000000E+01  -0.62490175E+00  -0.29851586E+00   0.00000000E+00
 0.51666667E+01  -0.49369123E+00  -0.22882723E+00   0.00000000E+00
 0.53333333E+01  -0.38982334E+00  -0.17540472E+00   0.00000000E+00
 0.55000000E+01  -0.30768169E+00  -0.13447329E+00   0.00000000E+00
 0.56666667E+01  -0.24277115E+00  -0.10311995E+00   0.00000000E+00
 0.58333333E+01  -0.19150711E+00  -0.79103982E-01   0.00000000E+00
 0.60000000E+01  -0.15103890E+00  -0.60705710E-01   0.00000000E+00
 0.61666667E+01  -0.11910419E+00  -0.46607367E-01   0.00000000E+00
 0.63333333E+01  -0.93910431E-01  -0.35800193E-01   0.00000000E+00
 0.65000000E+01  -0.74038940E-01  -0.27512434E-01   0.00000000E+00
 0.66666667E+01  -0.58367993E-01  -0.21153822E-01   0.00000000E+00
 0.68333333E+01  -0.46011278E-01  -0.16272919E-01   0.00000000E+00
 0.70000000E+01  -0.36268879E-01  -0.12524411E-01   0.00000000E+00
 0.71666667E+01  -0.28588308E-01  -0.96440936E-02   0.00000000E+00
 0.73333333E+01  -0.22533597E-01  -0.74297402E-02   0.00000000E+00
 0.75000000E+01  -0.17760818E-01  -0.57264974E-02   0.00000000E+00
 0.76666667E+01  -0.13998703E-01  -0.44157284E-02   0.00000000E+00
 0.78333333E+01  -0.11033330E-01  -0.34064952E-02   0.00000000E+00
 0.80000000E+01  -0.86960243E-02  -0.26290540E-02   0.00000000E+00
 0.81666667E+01  -0.68537955E-02  -0.20298857E-02   0.00000000E+00
 0.83333333E+01  -0.54018013E-02  -0.15678993E-02   0.00000000E+00
 0.85000000E+01  -0.42573932E-02  -0.12115279E-02   0.00000000E+00
 0.86666667E+01  -0.33554215E-02  -0.93650839E-03   0.00000000E+00
 0.88333333E+01  -0.26445330E-02  -0.72418149E-03   0.00000000E+00
 0.90000000E+01  -0.20842497E-02  -0.56018996E-03   0.00000000E+00
 0.91666667E+01  -0.16426673E-02  -0.43348116E-03   0.00000000E+00
 0.93333333E+01  -0.12946393E-02  -0.33554222E-03   0.00000000E+00
 0.95000000E+01  -0.10203458E-02  -0.25981333E-03   0.00000000E+00
 0.96666667E+01  -0.80416575E-03  -0.20123726E-03   0.00000000E+00
 0.98333333E+01  -0.63378711E-03  -0.15591351E-03   0.00000000E+00
 0.10000000E+02  -0.49950629E-03  -0.12083236E-03   0.00000000E+00
 0.10166667E+02  -0.39367543E-03  -0.93670532E-04   0.00000000E+00
 0.10333333E+02  -0.31026693E-03  -0.72633849E-04   0.00000000E+00
 0.10500000E+02  -0.24453022E-03  -0.56336237E-04   0.00000000E+00
 0.10666667E+02  -0.19272119E-03  -0.43706479E-04   0.00000000E+00
 0.10833333E+02  -0.15188901E-03  -0.33916393E-04   0.00000000E+00
 0.11000000E+02  -0.11970799E-03  -0.26325472E-04   0.00000000E+00
 0.11166667E+02  -0.94345214E-04  -0.20438182E-04   0.00000000E+00
 0.11333333E+02  -0.74356095E-04  -0.15871027E-04   0.00000000E+00
 0.11500000E+02  -0.58602109E-04  -0.12327121E-04   0.00000000E+00
 0.11666667E+02  -0.46185951E-04  -0.95765588E-05   0.00000000E+00
 0.11833333E+02  -0.36400430E-04  -0.74412498E-05   0.00000000E+00
 0.12000000E+02  -0.28688189E-04  -0.57832027E-05   0.00000000E+00
 0.12166667E+02  -0.22609956E-04  -0.44954658E-05   0.00000000E+00
 0.12333333E+02  -0.17819533E-04  -0.34951231E-05   0.00000000E+00
 0.12500000E+02  -0.14044067E-04  -0.27178754E-05   0.00000000E+00
 0.12666667E+02  -0.11068518E-04  -0.21138483E-05   0.00000000E+00
 0.12833333E+02  -0.87234050E-05  -0.16443463E-05   0.00000000E+00
 0.13000000E+02  -0.68751567E-05  -0.12793400E-05   0.00000000E+00
 0.13166667E+02  -0.54185011E-05  -0.99552018E-06   0.00000000E+00
 0.13333333E+02  -0.42704705E-05  -0.77478953E-06   0.00000000E+00
 0.13500000E+02  -0.33656758E-05  -0.60309437E-06   0.00000000E+00
 0.13666667E+02  -0.26525821E-05  -0.46951882E-06   0.00000000E+00
 0.13833333E+02  -0.20905733E-05  -0.36558244E-06   0.00000000E+00
 0.14000000E+02  -0.16476386E-05  -0.28469556E-06   0.00000000E+00
 0.14166667E+02  -0.12985495E-05  -0.22173672E-06   0.00000000E+00
 0.14333333E+02  -0.10234227E-05  -0.17272478E-06   0.00000000E+00
 0.14500000E+02  -0.80658774E-06  -0.13456447E-06   0.00000000E+00
 0.14666667E+02  -0.63569408E-06  -0.10484882E-06   0.00000000E+00
 0.14833333E+02  -0.50100807E-06  -0.81705775E-07   0.00000000E+00
 0.15000000E+02  -0.39485830E-06  -0.63679083E-07   0.00000000E+00
 0.15166667E+02  -0.31119874E-06  -0.49635737E-07   0.00000000E+00
 0.15333333E+02  -0.24526432E-06  -0.38694086E-07   0.00000000E+00
 0.15500000E+02  -0.19329959E-06  -0.30167965E-07   0.00000000E+00
 0.15666667E+02  -0.15234475E-06  -0.23523269E-07   0.00000000E+00
 0.15833333E+02  -0.12006710E-06  -0.18344187E-07   0.00000000E+00
 0.16000000E+02  -0.94628202E-07  -0.14306961E-07   0.00000000E+00
 0.16166667E+02  -0.74579100E-07  -0.11159467E-07   0.00000000E+00
 0.16333333E+02  -0.58777849E-07  -0.87053384E-08   0.00000000E+00
 0.16500000E+02  -0.46324447E-07  -0.67916155E-08   0.00000000E+00
 0.16666667E+02  -0.36509577E-07  -0.52991332E-08   0.00000000E+00
 0.16833333E+02  -0.28774206E-07  -0.41350429E-08   0.00000000E+00
 0.17000000E+02  -0.22677747E-07  -0.32269911E-08   0.00000000E+00
 0.17166667E+02  -0.17872959E-07  -0.25185888E-08   0.00000000E+00
 0.17333333E+02  -0.14086173E-07  -0.19658832E-08   0.00000000E+00
 0.17500000E+02  -0.11101702E-07  -0.15346110E-08   0.00000000E+00
 0.17666667E+02  -0.87495579E-08  -0.11980592E-08   0.00000000E+00
 0.17833333E+02  -0.68957683E-08  -0.93539905E-09   0.00000000E+00
 0.18000000E+02  -0.54347455E-08  -0.73038778E-09   0.00000000E+00
 0.18166667E+02  -0.42832731E-08  -0.57035770E-09   0.00000000E+00
 0.18333333E+02  -0.33757659E-08  -0.44542816E-09   0.00000000E+00
 0.18500000E+02  -0.26605343E-08  -0.34789159E-09   0.00000000E+00
 0.18666667E+02  -0.20968406E-08  -0.27173491E-09   0.00000000E+00
 0.18833333E+02  -0.16525780E-08  -0.21226655E-09   0.00000000E+00
 0.19000000E+02  -0.13024424E-08  -0.16582565E-09   0.00000000E+00
 0.19166667E+02  -0.10264908E-08  -0.12955533E-09   0.00000000E+00
 0.19333333E+02  -0.80900579E-09  -0.10122591E-09   0.00000000E+00
 0.19500000E+02  -0.63759981E-09  -0.79097063E-10   0.00000000E+00
 0.19666667E+02  -0.50251003E-09  -0.61810288E-10   0.00000000E+00
 0.19833333E+02  -0.39604203E-09  -0.48305031E-10   0.00000000E+00
 0.20000000E+02  -0.31213167E-09  -0.37753275E-10   0.00000000E+00
 0.20166667E+02  -0.24599959E-09  -0.29508495E-10   0.00000000E+00
 0.20333333E+02  -0.19387907E-09  -0.23065833E-10   0.00000000E+00
 0.20500000E+02  -0.15280146E-09  -0.18031025E-10   0.00000000E+00
 0.20666667E+02  -0.12042705E-09  -0.14096146E-10   0.00000000E+00
 0.20833333E+02  -0.94911884E-10  -0.11020686E-10   0.00000000E+00
 0.21000000E+02  -0.74802678E-10  -0.86167728E-11   0.00000000E+00
 0.21166667E+02  -0.58954057E-10  -0.67376434E-11   0.00000000E+00
 0.21333333E+02  -0.46463321E-10  -0.52686375E-11   0.00000000E+00
 0.21500000E+02  -0.36619027E-10  -0.41201700E-11   0.00000000E+00
 0.21666667E+02  -0.28860467E-10  -0.32222412E-11   0.00000000E+00
 0.21833333E+02  -0.22745731E-10  -0.25201515E-11   0.00000000E+00
 0.22000000E+02  -0.17926539E-10  -0.19711541E-11   0.00000000E+00
 0.22166667E+02  -0.14128401E-10  -0.15418404E-11   0.00000000E+00
 0.22333333E+02  -0.11134983E-10  -0.12060986E-11   0.00000000E+00
 0.22500000E+02  -0.87757878E-11  -0.94351843E-12   0.00000000E+00
 0.22666667E+02  -0.69164408E-11  -0.73814520E-12   0.00000000E+00
 0.22833333E+02  -0.54510381E-11  -0.57750625E-12   0.00000000E+00
 0.23000000E+02  -0.42961137E-11  -0.45185046E-12   0.00000000E+00
 0.23166667E+02  -0.33858859E-11  -0.35355384E-12   0.00000000E+00
 0.23333333E+02  -0.26685102E-11  -0.27665523E-12   0.00000000E+00
 0.23500000E+02  -0.21031266E-11  -0.21649325E-12   0.00000000E+00
 0.23666667E+02  -0.16575322E-11  -0.16942273E-12   0.00000000E+00
 0.23833333E+02  -0.13063469E-11  -0.13259298E-12   0.00000000E+00
 0.24000000E+02  -0.10295681E-11  -0.10377450E-12   0.00000000E+00
 0.24166667E+02  -0.81143107E-12  -0.81223495E-13   0.00000000E+00
 0.24333333E+02  -0.63951124E-12  -0.63576025E-13   0.00000000E+00
 0.24500000E+02  -0.50401648E-12  -0.49765164E-13   0.00000000E+00
 0.24666667E+02  -0.39722931E-12  -0.38956292E-13   0.00000000E+00
 0.24833333E+02  -0.31306740E-12  -0.30496473E-13   0.00000000E+00
 0.25000000E+02  -0.24673706E-12  -0.23874879E-13   0.00000000E+00
 0.25166667E+02  -0.19446030E-12  -0.18691839E-13   0.00000000E+00
 0.25333333E+02  -0.15325953E-12  -0.14634637E-13   0.00000000E+00
 0.25500000E+02  -0.12078807E-12  -0.11458576E-13   0.00000000E+00
 0.25666667E+02  -0.95196417E-13  -0.89721788E-14   0.00000000E+00
 0.25833333E+02  -0.75026926E-13  -0.70256012E-14   0.00000000E+00
 0.26000000E+02  -0.59130793E-13  -0.55015764E-14   0.00000000E+00
 0.26166667E+02  -0.46602612E-13  -0.43083269E-14   0.00000000E+00
 0.26333333E+02  -0.36728806E-13  -0.33740209E-14   0.00000000E+00
 0.26500000E+02  -0.28946987E-13  -0.26424348E-14   0.00000000E+00
 0.26666667E+02  -0.22813920E-13  -0.20695598E-14   0.00000000E+00
 0.26833333E+02  -0.17980281E-13  -0.16209463E-14   0.00000000E+00
 0.27000000E+02  -0.14170756E-13  -0.12696267E-14   0.00000000E+00
 0.27166667E+02  -0.11168364E-13  -0.99448905E-15   0.00000000E+00
 0.27333333E+02  -0.88020964E-14  -0.77900512E-15   0.00000000E+00
 0.27500000E+02  -0.69371753E-14  -0.61023452E-15   0.00000000E+00
 0.27666667E+02  -0.54673795E-14  -0.47804544E-15   0.00000000E+00
 0.27833333E+02  -0.43089929E-14  -0.37450476E-15   0.00000000E+00
 0.28000000E+02  -0.33960363E-14  -0.29340066E-15   0.00000000E+00
 0.28166667E+02  -0.26765101E-14  -0.22986890E-15   0.00000000E+00
 0.28333333E+02  -0.21094315E-14  -0.18010035E-15   0.00000000E+00
 0.28500000E+02  -0.16625013E-14  -0.14111199E-15   0.00000000E+00
 0.28666667E+02  -0.13102632E-14  -0.11056766E-15   0.00000000E+00
 0.28833333E+02  -0.10326546E-14  -0.86637722E-16   0.00000000E+00
 0.29000000E+02  -0.81386363E-15  -0.67889160E-16   0.00000000E+00
 0.29166667E+02  -0.64142841E-15  -0.53199578E-16   0.00000000E+00
 0.29333333E+02  -0.50552745E-15  -0.41689829E-16   0.00000000E+00
 0.29500000E+02  -0.39842015E-15  -0.32671274E-16   0.00000000E+00
 0.29666667E+02  -0.31400593E-15  -0.25604476E-16   0.00000000E+00
 0.29833333E+02  -0.24747675E-15  -0.20066859E-16   0.00000000E+00
 0.30000000E+02  -0.19504326E-15  -0.15727384E-16   0.00000000E+00
 0.30166667E+02  -0.15371898E-15  -0.12326704E-16   0.00000000E+00
 0.30333333E+02  -0.12115018E-15  -0.96616368E-17   0.00000000E+00
 0.30500000E+02  -0.95481802E-16  -0.75729930E-17   0.00000000E+00
 0.30666667E+02  -0.75251846E-16  -0.59360476E-17   0.00000000E+00
 0.30833333E+02  -0.59308059E-16  -0.46530747E-17   0.00000000E+00
 0.31000000E+02  -0.46742320E-16  -0.36475005E-17   0.00000000E+00
 0.31166667E+02  -0.36838914E-16  -0.28593232E-17   0.00000000E+00
 0.31333333E+02  -0.29033766E-16  -0.22415249E-17   0.00000000E+00
 0.31500000E+02  -0.22882313E-16  -0.17572605E-17   0.00000000E+00
 0.31666667E+02  -0.18034183E-16  -0.13776564E-17   0.00000000E+00
 0.31833333E+02  -0.14213238E-16  -0.10800844E-17   0.00000000E+00
 0.32000000E+02  -0.11201845E-16  -0.84681080E-18   0.00000000E+00
 0.32166667E+02  -0.88284838E-17  -0.66393698E-18   0.00000000E+00
 0.32333333E+02  -0.69579720E-17  -0.52056982E-18   0.00000000E+00
 0.32500000E+02  -0.54837700E-17  -0.40817148E-18   0.00000000E+00
 0.32666667E+02  -0.43219106E-17  -0.32004994E-18   0.00000000E+00
 0.32833333E+02  -0.34062172E-17  -0.25095979E-18   0.00000000E+00
 0.33000000E+02  -0.26845339E-17  -0.19678942E-18   0.00000000E+00
 0.33166667E+02  -0.21157553E-17  -0.15431580E-18   0.00000000E+00
 0.33333333E+02  -0.16674852E-17  -0.12101244E-18   0.00000000E+00
 0.33500000E+02  -0.13141912E-17  -0.94898757E-19   0.00000000E+00
 0.33666667E+02  -0.10357504E-17  -0.74422073E-19   0.00000000E+00
 0.33833333E+02  -0.81630347E-18  -0.58365156E-19   0.00000000E+00
 0.34000000E+02  -0.64335132E-18  -0.45773705E-19   0.00000000E+00
 0.34166667E+02  -0.50704295E-18  -0.35899544E-19   0.00000000E+00
 0.34333333E+02  -0.39961456E-18  -0.28156076E-19   0.00000000E+00
 0.34500000E+02  -0.31494727E-18  -0.22083380E-19   0.00000000E+00
 0.34666667E+02  -0.24821865E-18  -0.17320846E-19   0.00000000E+00
 0.34833333E+02  -0.19562797E-18  -0.13585722E-19   0.00000000E+00
 0.35000000E+02  -0.15417981E-18  -0.10656296E-19   0.00000000E+00
 0.35166667E+02  -0.12151337E-18  -0.83587175E-20   0.00000000E+00
 0.35333333E+02  -0.95768043E-19  -0.65566620E-20   0.00000000E+00
 0.35500000E+02  -0.75477440E-19  -0.51432259E-20   0.00000000E+00
 0.35666667E+02  -0.59485856E-19  -0.40345768E-20   0.00000000E+00
 0.35833333E+02  -0.46882447E-19  -0.31649718E-20   0.00000000E+00
 0.36000000E+02  -0.36949351E-19  -0.24828536E-20   0.00000000E+00
 0.36166667E+02  -0.29120805E-19  -0.19477880E-20   0.00000000E+00
 0.36333333E+02  -0.22950911E-19  -0.15280637E-20   0.00000000E+00
 0.36500000E+02  -0.18088247E-19  -0.11988101E-20   0.00000000E+00
 0.36666667E+02  -0.14255847E-19  -0.94052076E-21   0.00000000E+00
 0.36833333E+02  -0.11235427E-19  -0.73789633E-21   0.00000000E+00
 0.37000000E+02  -0.88549504E-20  -0.57893686E-21   0.00000000E+00
 0.37166667E+02  -0.69788310E-20  -0.45423005E-21   0.00000000E+00
 0.37333333E+02  -0.55002095E-20  -0.35639308E-21   0.00000000E+00
 0.37500000E+02  -0.43348671E-20  -0.27963486E-21   0.00000000E+00
 0.37666667E+02  -0.34164285E-20  -0.21941279E-21   0.00000000E+00
 0.37833333E+02  -0.26925817E-20  -0.17216350E-21   0.00000000E+00
 0.38000000E+02  -0.21220980E-20  -0.13509169E-21   0.00000000E+00
 0.38166667E+02  -0.16724841E-20  -0.10600456E-21   0.00000000E+00
 0.38333333E+02  -0.13181309E-20  -0.83181884E-22   0.00000000E+00
 0.38500000E+02  -0.10388554E-20  -0.65274140E-22   0.00000000E+00
 0.38666667E+02  -0.81875064E-21  -0.51222610E-22   0.00000000E+00
 0.38833333E+02  -0.64528000E-21  -0.40196693E-22   0.00000000E+00
 0.39000000E+02  -0.50856299E-21  -0.31544739E-22   0.00000000E+00
 0.39166667E+02  -0.40081255E-21  -0.24755488E-22   0.00000000E+00
 0.39333333E+02  -0.31589144E-21  -0.19427812E-22   0.00000000E+00
 0.39500000E+02  -0.24896277E-21  -0.15246990E-22   0.00000000E+00
 0.39666667E+02  -0.19621444E-21  -0.11966084E-22   0.00000000E+00
 0.39833333E+02  -0.15464202E-21  -0.93913420E-23   0.00000000E+00
 0.40000000E+02  -0.12187765E-21  -0.73707362E-23   0.00000000E+00

