# theta' [deg], IA + Unevolved [fm], IA + Evolved [fm], FSI + Unevolved [fm], FSI + Evolved [fm]
# 
1.000000000000000021e-02 1.619415645094925693e-01 1.622426912800264132e-01 1.338329991426875365e-01 1.342762516329031874e-01
1.827070707070707289e+00 1.613834114436600020e-01 1.616826851198493731e-01 1.333627710779587416e-01 1.338038516476376949e-01
3.644141414141414792e+00 1.597302439607471147e-01 1.600240622860883977e-01 1.319709733075280222e-01 1.324056500226435951e-01
5.461212121212121851e+00 1.570090750713730721e-01 1.572940219203345924e-01 1.296831701181946073e-01 1.301074003830466341e-01
7.278282828282828909e+00 1.532640353174989922e-01 1.535369927073357565e-01 1.265411320793357330e-01 1.269511771824428648e-01
9.095353535353536856e+00 1.485551861580977351e-01 1.488134297309906817e-01 1.226017219771937811e-01 1.229942456629341679e-01
1.091242424242424391e+01 1.429569510063451732e-01 1.431982240202646084e-01 1.179354202555800979e-01 1.183075664921188069e-01
1.272949494949495097e+01 1.365562451911219721e-01 1.367788075288132732e-01 1.126245651641796380e-01 1.129740116748358947e-01
1.454656565656565803e+01 1.294503966308222509e-01 1.296530470082382092e-01 1.067613928415039604e-01 1.070863785611135544e-01
1.636363636363636331e+01 1.217449521795965633e-01 1.219270234683775683e-01 1.004459658685837586e-01 1.007452921477817731e-01
1.818070707070707215e+01 1.135514608260658753e-01 1.137127900584222057e-01 9.378407570705070417e-02 9.405708268177437326e-02
1.999777777777778098e+01 1.062943648596731683e-01 1.064307270256010518e-01 8.792618458401019188e-02 8.817097827872023841e-02
2.181484848484848627e+01 9.986649257318158668e-02 9.997440783899508299e-02 8.277311787219093775e-02 8.298839508409161514e-02
2.363191919191919510e+01 9.324015760991292978e-02 9.332025879523182799e-02 7.750917615463102928e-02 7.769550383051705700e-02
2.544898989898990393e+01 8.648296177348245573e-02 8.653626412791950995e-02 7.219779168434681260e-02 7.235614480495600187e-02
2.726606060606060922e+01 7.966109412896849040e-02 7.968892135762567497e-02 6.690110006783206442e-02 6.703279333684324104e-02
2.908313131313131805e+01 7.283862804035076688e-02 7.284253573452971475e-02 6.167926762334859092e-02 6.178588411627422561e-02
3.090020202020202333e+01 6.607694477130521271e-02 6.605864516853598989e-02 5.658993578853836748e-02 5.667325632097749283e-02
3.271727272727272862e+01 6.099814534712625497e-02 6.095352739652472318e-02 5.281308485206220177e-02 5.287371774144346281e-02
3.453434343434343390e+01 5.620428649569736423e-02 5.613465014616098037e-02 4.930303867775168158e-02 4.934296790952442946e-02
3.635141414141414629e+01 5.148645925038296961e-02 5.139366022182515620e-02 4.591251608309520477e-02 4.593374361924256605e-02
3.816848484848485157e+01 4.687240787892576338e-02 4.675801551253064292e-02 4.266744892253179766e-02 4.267182675824867516e-02
3.998555555555555685e+01 4.238872752864832755e-02 4.225430047185563254e-02 3.959243599055538992e-02 3.958183294523245910e-02
4.180262626262626924e+01 3.830848871838387487e-02 3.815495852060025311e-02 3.686806849420373733e-02 3.684456702496884117e-02
4.361969696969697452e+01 3.523437979603093184e-02 3.506080463313993728e-02 3.485518228001505125e-02 3.482109527358696888e-02
4.543676767676767980e+01 3.225010579683493250e-02 3.205744629607795021e-02 3.295695930924901623e-02 3.291358513882574471e-02
4.725383838383839219e+01 2.936711985975074685e-02 2.915630896310151404e-02 3.118372223653741518e-02 3.113233713100391903e-02
4.907090909090909747e+01 2.659567998720447843e-02 2.636762621475974289e-02 2.954464322167269993e-02 2.948650323503923185e-02
5.088797979797980275e+01 2.394488618252339079e-02 2.370048340918196050e-02 2.804777262155842832e-02 2.798412208314819336e-02
5.270505050505051514e+01 2.194605733791298377e-02 2.168712172527778939e-02 2.695703600207799075e-02 2.689092390980251518e-02
5.452212121212122042e+01 2.014044380872006060e-02 1.986747240782108306e-02 2.601436697498107908e-02 2.594671470108870018e-02
5.633919191919192571e+01 1.840834290193959014e-02 1.812167223701007662e-02 2.515881405882599425e-02 2.509009862290535742e-02
5.815626262626263809e+01 1.675609218283607288e-02 1.645680376823836430e-02 2.439427429106612311e-02 2.432524086988524861e-02
5.997333333333334338e+01 1.518320569149211353e-02 1.487155855269742082e-02 2.372142887566858552e-02 2.365248637536022588e-02
6.179040404040404866e+01 1.383296670474029599e-02 1.351102301211022129e-02 2.318808810094180953e-02 2.312053833917105880e-02
6.360747474747475394e+01 1.276590629807931691e-02 1.243632351611277838e-02 2.279508827036879140e-02 2.273013982894951657e-02
6.542454545454545212e+01 1.174559841377672935e-02 1.140809607856504287e-02 2.245667723852606476e-02 2.239396310196046722e-02
6.724161616161616450e+01 1.077302364366275120e-02 1.042741047178500843e-02 2.217327630969318994e-02 2.211250543793071011e-02
6.905868686868687689e+01 9.848916618100620260e-03 9.495109273057800170e-03 2.194504647122450317e-02 2.188602827944947926e-02
7.087575757575757507e+01 8.973781843621421103e-03 8.611823103182258965e-03 2.177190376904639818e-02 2.171457283582716238e-02
7.269282828282828746e+01 8.295767687779422722e-03 7.930740288997754905e-03 2.166312914231103767e-02 2.160765033801323801e-02
7.450989898989899984e+01 7.700998786521409331e-03 7.334698633563474859e-03 2.159261716360216452e-02 2.153834939231798543e-02
7.632696969696969802e+01 7.134419652152575349e-03 6.766411784716893849e-03 2.155366190440100721e-02 2.149988525419239266e-02
7.814404040404041041e+01 6.596034265877885432e-03 6.226007828899966443e-03 2.154576191869850624e-02 2.149191337712392028e-02
7.996111111111112280e+01 6.085746955227330779e-03 5.713524311993168486e-03 2.156830489897329853e-02 2.151399808534956021e-02
8.177818181818182097e+01 5.603369990036549675e-03 5.228914251668988038e-03 2.162057632283988923e-02 2.156561977486691137e-02
8.359525252525253336e+01 5.227977446943682556e-03 4.856792821082439419e-03 2.168004488369947719e-02 2.162235410938713118e-02
8.541232323232324575e+01 4.896023675155691986e-03 4.529426093847693964e-03 2.175093993215866314e-02 2.168928197949211711e-02
8.722939393939394392e+01 4.583353905612787098e-03 4.221344192742027338e-03 2.183710657846167982e-02 2.177087018118512365e-02
8.904646464646465631e+01 4.287470999711941524e-03 3.929856290000870341e-03 2.193831386674604741e-02 2.186715999053304507e-02
9.086353535353536870e+01 4.007035884378803633e-03 3.653584726500842209e-03 2.205422511022371579e-02 2.197808428809997633e-02
9.268060606060606688e+01 3.741764704974265450e-03 3.392352519827479193e-03 2.218410657823036841e-02 2.210313991036783055e-02
9.449767676767677926e+01 3.502936464729399825e-03 3.158976774503270950e-03 2.231928047639276241e-02 2.223277189326576531e-02
9.631474747474749165e+01 3.320347315446446276e-03 2.987095918036915959e-03 2.243321978745733969e-02 2.233711394898861211e-02
9.813181818181818983e+01 3.147548609869126567e-03 2.824598228115054403e-03 2.255330403301365402e-02 2.244778666059434741e-02
9.994888888888890222e+01 2.987020594150902476e-03 2.674261368074790958e-03 2.267629389337286194e-02 2.256156744033534570e-02
1.017659595959596146e+02 2.834677404900263348e-03 2.531735823365742141e-03 2.280462618320775597e-02 2.268135242404383661e-02
1.035830303030303128e+02 2.690305108263789033e-03 2.396863541165591450e-03 2.293774126915758965e-02 2.280679625974641259e-02
1.054001010101010252e+02 2.553681537505095907e-03 2.269473785484646226e-03 2.307507940397520579e-02 2.293754625942783648e-02
1.072171717171717376e+02 2.424577746175120632e-03 2.149384205145410485e-03 2.321608326960670696e-02 2.307324252217942545e-02
1.090342424242424357e+02 2.326005112992290350e-03 2.064190697264013923e-03 2.333006024702038647e-02 2.317772600027686453e-02
1.108513131313131481e+02 2.242503183426517322e-03 1.994922933361047406e-03 2.343134139966115276e-02 2.326911882047888111e-02
1.126683838383838605e+02 2.163258329097517835e-03 1.929316613275794444e-03 2.353282905997628599e-02 2.336222237987026912e-02
1.144854545454545587e+02 2.088148254218027012e-03 1.867264612090652025e-03 2.363418360075845992e-02 2.345683254499887974e-02
1.163025252525252711e+02 2.017050321185597048e-03 1.808656983732298161e-03 2.373507909726556633e-02 2.355274155771828332e-02
1.181195959595959835e+02 1.949842100179900641e-03 1.753381636033846070e-03 2.383520459444092576e-02 2.364973779292691564e-02
1.199366666666666816e+02 1.890001693734539960e-03 1.704992491807632389e-03 2.392771727413406380e-02 2.374092077909309775e-02
1.217537373737373940e+02 1.836326632785118245e-03 1.662259176747282524e-03 2.401354397039392671e-02 2.382728971999255319e-02
1.235708080808081064e+02 1.785886808793174995e-03 1.622194259197441485e-03 2.409737365701385831e-02 2.391366448463690467e-02
1.253878787878788046e+02 1.750636133339705022e-03 1.600400369715789537e-03 2.415667687907985597e-02 2.397208913559501636e-02
1.272049494949495170e+02 1.719762611941489999e-03 1.582829288363347530e-03 2.420971912447283242e-02 2.402532056349941311e-02
1.290220202020202294e+02 1.692075142206011856e-03 1.567622968139998360e-03 2.425811991436518239e-02 2.407589350270301562e-02
1.308390909090909133e+02 1.673216533924843296e-03 1.560422916641026432e-03 2.428942834487062691e-02 2.411119184357003731e-02
1.326561616161616257e+02 1.656174091414854043e-03 1.554201599100142822e-03 2.431810201513064443e-02 2.414571470796677416e-02
1.344732323232323381e+02 1.640899601536496095e-03 1.548909838968868125e-03 2.434416660723104017e-02 2.417938902629078804e-02
1.362903030303030505e+02 1.627343289733750942e-03 1.544500218791203553e-03 2.436766774486848544e-02 2.421214419361670048e-02
1.381073737373737345e+02 1.615453289059655536e-03 1.540926799846133090e-03 2.438867035337261360e-02 2.424391266554420249e-02
1.399244444444444753e+02 1.612557908472977974e-03 1.545434954701660436e-03 2.439055783379927983e-02 2.425786134859308357e-02
1.417415151515151592e+02 1.613766802369501338e-03 1.553176301029544253e-03 2.438422859289779768e-02 2.426474192112165404e-02
1.435585858585858716e+02 1.616288292013062615e-03 1.561404614106344079e-03 2.437600383465823861e-02 2.427072242824607901e-02
1.453756565656565840e+02 1.620043774303462540e-03 1.570063107458956678e-03 2.436609070800168156e-02 2.427582812747582086e-02
1.471927272727272964e+02 1.626750344179342519e-03 1.581634304286830489e-03 2.435117505388468412e-02 2.427562121164039341e-02
1.490097979797979804e+02 1.640151602486153914e-03 1.601028135790651293e-03 2.432380844701045181e-02 2.426101362567247358e-02
1.508268686868687212e+02 1.665877913859466902e-03 1.631663474634425072e-03 2.427078481753777370e-02 2.422106268854188130e-02
1.526439393939394051e+02 1.691971326097152549e-03 1.661869205714672790e-03 2.421886647054361658e-02 2.418243421102099153e-02
1.544610101010101175e+02 1.718221222587923164e-03 1.691484381618757471e-03 2.416839082602982927e-02 2.414528013787105298e-02
1.562780808080808299e+02 1.744398395017449609e-03 1.720336076624187074e-03 2.411969204314180076e-02 2.410975670037792534e-02
1.580951515151515423e+02 1.770256260366867606e-03 1.748240023089351041e-03 2.407309756840955370e-02 2.407602284541072654e-02
1.599122222222222263e+02 1.795532824012054844e-03 1.775001833075886713e-03 2.402892460891113344e-02 2.404423839195111295e-02
1.617292929292929671e+02 1.825562265068129096e-03 1.805885326684798266e-03 2.397656176720669441e-02 2.400358260576374025e-02
1.635463636363636510e+02 1.862114651991709753e-03 1.842674275037337397e-03 2.391300006242588760e-02 2.395087901321895849e-02
1.653634343434343634e+02 1.896383376392769783e-03 1.876853882625409767e-03 2.385517922306311031e-02 2.390304659032098725e-02
1.671805050505050758e+02 1.927927686589189001e-03 1.908067860087028344e-03 2.380339526985578505e-02 2.386028557758040555e-02
1.689975757575757882e+02 1.956321262646429360e-03 1.935972505825337342e-03 2.375791372870644791e-02 2.382278041128258264e-02
1.708146464646464722e+02 1.981162908254346586e-03 1.960245106434892366e-03 2.371896760934818008e-02 2.379069707186310528e-02
1.726317171717172130e+02 2.002087631188446178e-03 1.980592635932668707e-03 2.368675588793015332e-02 2.376418064703832156e-02
1.744487878787878969e+02 2.018777585133999658e-03 1.996760331190002274e-03 2.366144247147135629e-02 2.374335318140657555e-02
1.762658585858586093e+02 2.030972269288780323e-03 2.008539668115594690e-03 2.364315557843942039e-02 2.372831186714494112e-02
1.780829292929293217e+02 2.038477355448580202e-03 2.015775249092601612e-03 2.363198743591507153e-02 2.371912761189464217e-02
1.799000000000000057e+02 2.041171548127392044e-03 2.018370145191648868e-03 2.362799417806936073e-02 2.371584400338233242e-02
