# theta' [deg], IA + Unevolved [fm], IA + Evolved [fm], FSI + Unevolved [fm], FSI + Evolved [fm]
# 
1.000000000000000021e-02 9.698327044923853890e+00 9.698335579286423425e+00 9.466359767671393755e+00 9.466375710099796947e+00
1.827070707070707289e+00 8.790478188645421298e+00 8.790487567588574080e+00 8.569981212306197804e+00 8.569997611262225590e+00
3.644141414141414792e+00 6.792992368482362764e+00 6.792999875100049323e+00 6.600046281767301792e+00 6.600059925023492369e+00
5.461212121212121851e+00 4.703470440697198107e+00 4.703476855964773939e+00 4.544138364442594558e+00 4.544149822494385482e+00
7.278282828282828909e+00 3.060220448984346753e+00 3.060225217020475785e+00 2.933074706161565626e+00 2.933083481139470816e+00
9.095353535353536856e+00 1.946714981356487684e+00 1.946718550854654284e+00 1.846707457517789752e+00 1.846714159438537228e+00
1.091242424242424391e+01 1.245659935032859877e+00 1.245662893613225908e+00 1.167012586075904412e+00 1.167017980353475259e+00
1.272949494949495097e+01 8.110791341795816622e-01 8.110813623680284135e-01 7.488831572693674943e-01 7.488872935993614588e-01
1.454656565656565803e+01 5.373302387520771939e-01 5.373319272310419503e-01 4.878805502970213759e-01 4.878837395016976664e-01
1.636363636363636331e+01 3.606257072235925509e-01 3.606269781165755139e-01 3.211988266441944129e-01 3.212012801678942320e-01
1.818070707070707215e+01 2.441790306455246806e-01 2.441799822980897372e-01 2.127359620445374300e-01 2.127378450156205136e-01
1.999777777777778098e+01 1.703060407524921993e-01 1.703067812408446957e-01 1.449397285329183382e-01 1.449412087564856122e-01
2.181484848484848627e+01 1.216336785649208829e-01 1.216342480799091769e-01 1.009975741760838902e-01 1.009987366549292692e-01
2.363191919191919510e+01 8.662054172752223224e-02 8.662097209608914106e-02 6.995358530734821501e-02 6.995448770566564667e-02
2.544898989898990393e+01 6.323984972975423002e-02 6.324016759368847329e-02 4.966212793735288317e-02 4.966282634182238309e-02
2.726606060606060922e+01 4.689720900530407882e-02 4.689744312064055703e-02 3.580193031019156952e-02 3.580247283476582082e-02
2.908313131313131805e+01 3.441496495864360128e-02 3.441513518201001764e-02 2.547722669965656744e-02 2.547764399687309222e-02
3.090020202020202333e+01 2.637642191686353013e-02 2.637654220129462268e-02 1.902799584249981538e-02 1.902832001835989134e-02
3.271727272727272862e+01 1.990183374894995832e-02 1.990191535472606368e-02 1.398041201707382088e-02 1.398066002882632219e-02
3.453434343434343390e+01 1.538055062128167866e-02 1.538060208194735358e-02 1.057858936617796231e-02 1.057877947801123646e-02
3.635141414141414629e+01 1.187447602992777393e-02 1.187450411059786520e-02 8.033813490026787268e-03 8.033957725233039845e-03
3.816848484848485157e+01 9.277505769847269393e-03 9.277515328426192559e-03 6.224792262603623567e-03 6.224901005599678405e-03
3.998555555555555685e+01 7.297912263693426618e-03 7.297907123352487258e-03 4.905082181238838018e-03 4.905163344359991622e-03
4.180262626262626924e+01 5.777445524313630683e-03 5.777428497320029159e-03 3.938962159956084681e-03 3.939021924220611516e-03
4.361969696969697452e+01 4.615370577012542497e-03 4.615343874266002525e-03 3.238415722836816141e-03 3.238459080212548365e-03
4.543676767676767980e+01 3.709542733956802153e-03 3.709507916434179320e-03 2.722632984341610395e-03 2.722663675888698908e-03
4.725383838383839219e+01 3.003021064722747376e-03 3.002979398578856790e-03 2.344941712510411041e-03 2.344962705986953274e-03
4.907090909090909747e+01 2.454577899588151254e-03 2.454530103273450028e-03 2.071318670360949420e-03 2.071332126700075292e-03
5.088797979797980275e+01 2.011672289122148904e-03 2.011618925932810199e-03 1.867018466574630513e-03 1.867025979363033618e-03
5.270505050505051514e+01 1.674462353558774531e-03 1.674403383462764669e-03 1.724061798263453425e-03 1.724064329808887427e-03
5.452212121212122042e+01 1.389415744662293815e-03 1.389351629753208389e-03 1.615318279847553469e-03 1.615316815846673960e-03
5.633919191919192571e+01 1.178825404521739988e-03 1.178755856761094876e-03 1.542852403500907538e-03 1.542847124600323734e-03
5.815626262626263809e+01 9.938350146601207611e-04 9.937604305900477747e-04 1.488311346301874087e-03 1.488302904438032221e-03
5.997333333333334338e+01 8.574927996739977647e-04 8.574127978430353412e-04 1.453182922929679424e-03 1.453170943825800006e-03
6.179040404040404866e+01 7.393828373579840749e-04 7.392976353261874719e-04 1.428934896844745580e-03 1.428919629828892014e-03
6.360747474747475394e+01 6.450355880504658182e-04 6.449450722247087025e-04 1.413964761654555808e-03 1.413945906364104865e-03
6.542454545454545212e+01 5.681424270375722918e-04 5.680465529089844413e-04 1.405374649697845035e-03 1.405351898748757704e-03
6.724161616161616450e+01 5.017264208483284901e-04 5.016254877310676735e-04 1.401975186754701513e-03 1.401948548324358657e-03
6.905868686868687689e+01 4.504971895150783876e-04 4.503910405618646493e-04 1.400969711262818997e-03 1.400938354979397015e-03
7.087575757575757507e+01 4.050161760220885197e-04 4.049052264069866376e-04 1.402955225994501542e-03 1.402919183751009718e-03
7.269282828282828746e+01 3.678856706381784325e-04 3.677699603005651907e-04 1.405853521125013028e-03 1.405812153494586172e-03
7.450989898989899984e+01 3.363920730028377979e-04 3.362718252114826629e-04 1.409378032857731052e-03 1.409330916253681955e-03
7.632696969696969802e+01 3.084274298403120052e-04 3.083031928317403274e-04 1.413922357719588291e-03 1.413869457768902752e-03
7.814404040404041041e+01 2.858997008548517420e-04 2.857715157404010545e-04 1.417063569524415999e-03 1.417003921843706634e-03
7.996111111111112280e+01 2.655121973328397134e-04 2.653806934740915837e-04 1.420347227456703184e-03 1.420280815015472972e-03
8.177818181818182097e+01 2.476824374397588861e-04 2.475480555110870420e-04 1.423049972836140870e-03 1.422976470663907212e-03
8.359525252525253336e+01 2.323341534235325880e-04 2.321971416619496265e-04 1.424418920330790955e-03 1.424337705569063157e-03
8.541232323232324575e+01 2.182424720285173223e-04 2.181035632793215239e-04 1.425200301215162136e-03 1.425111415854755752e-03
8.722939393939394392e+01 2.058172106298015080e-04 2.056768265963660218e-04 1.424844630002389213e-03 1.424747673106252673e-03
8.904646464646465631e+01 1.946129522861471677e-04 1.944715838802516450e-04 1.423378994418520501e-03 1.423273697289403807e-03
9.086353535353536870e+01 1.841256141283358755e-04 1.839840352202956933e-04 1.421103315942622925e-03 1.420989835136659152e-03
9.268060606060606688e+01 1.746860898520453064e-04 1.745446693541432128e-04 1.417873607773725711e-03 1.417751620632551508e-03
9.449767676767677926e+01 1.658877469566652008e-04 1.657470456632534220e-04 1.413868637349481551e-03 1.413738135657925752e-03
9.631474747474749165e+01 1.574895161675864792e-04 1.573502894278638940e-04 1.409296092300270278e-03 1.409157385721098365e-03
9.813181818181818983e+01 1.497574780169600903e-04 1.496200918248679344e-04 1.404413117322225041e-03 1.404266119219173530e-03
9.994888888888890222e+01 1.423423318586109583e-04 1.422073316585495168e-04 1.399235446262551410e-03 1.399080371395755975e-03
1.017659595959596146e+02 1.351735958785889454e-04 1.350416577242978197e-04 1.394145993612304910e-03 1.393983335312632592e-03
1.035830303030303128e+02 1.284420516244200042e-04 1.283135579516686347e-04 1.389625331741708774e-03 1.389455346219258284e-03
1.054001010101010252e+02 1.217808928321663972e-04 1.216562887287457617e-04 1.385385533472546348e-03 1.385208613481719820e-03
1.072171717171717376e+02 1.153558207853963780e-04 1.152356369508170315e-04 1.382236432354039301e-03 1.382053243420569349e-03
1.090342424242424357e+02 1.090818283187889199e-04 1.089665187075891423e-04 1.380298182550781204e-03 1.380109401306700567e-03
1.108513131313131481e+02 1.029113324896168438e-04 1.028011192402903241e-04 1.379705374660207757e-03 1.379511512900029454e-03
1.126683838383838605e+02 9.697670816098753386e-05 9.687196098687777591e-05 1.381200339645544724e-03 1.381002229847024974e-03
1.144854545454545587e+02 9.086758029759309555e-05 9.076874341389291369e-05 1.384136886390498764e-03 1.383935499282523728e-03
1.163025252525252711e+02 8.503537032907094507e-05 8.494254031962435701e-05 1.389693863141764013e-03 1.389489941336785259e-03
1.181195959595959835e+02 7.929365862204861069e-05 7.920700400862844682e-05 1.397687481039967946e-03 1.397481930493776111e-03
1.199366666666666816e+02 7.350508349167523842e-05 7.342484675869218264e-05 1.407893162007360557e-03 1.407687045854509773e-03
1.217537373737373940e+02 6.803320783867800763e-05 6.795945760557442288e-05 1.421385341954689010e-03 1.421179650142906153e-03
1.235708080808081064e+02 6.247256994277477268e-05 6.240531913733919156e-05 1.436695172186904694e-03 1.436490866593469846e-03
1.253878787878788046e+02 5.741984717975753935e-05 5.735900133256513212e-05 1.455678214859332112e-03 1.455476249482176056e-03
1.272049494949495170e+02 5.244588018754591256e-05 5.239146338860799636e-05 1.476378913603170959e-03 1.476180371021851593e-03
1.290220202020202294e+02 4.805805377845009691e-05 4.800990740501999307e-05 1.500208170896806525e-03 1.500014012293310935e-03
1.308390909090909133e+02 4.433975661609930571e-05 4.429763615522782646e-05 1.526071674345716141e-03 1.525882806229275721e-03
1.326561616161616257e+02 4.162899967749485218e-05 4.159261662861594994e-05 1.554273257550418171e-03 1.554090548209986463e-03
1.344732323232323381e+02 4.024440058494718108e-05 4.021343347942907834e-05 1.584287292608011150e-03 1.584111563281264323e-03
1.362903030303030505e+02 4.077063289432927460e-05 4.074470236044123197e-05 1.615594050771428872e-03 1.615426053631014445e-03
1.381073737373737345e+02 4.389727097204067365e-05 4.387589207116922199e-05 1.648515574045062056e-03 1.648355942319315679e-03
1.399244444444444753e+02 5.104316279941840858e-05 5.102574699793665174e-05 1.682279886466984085e-03 1.682129151201154334e-03
1.417415151515151592e+02 6.332173051523471493e-05 6.330764306315620068e-05 1.717503623558192926e-03 1.717362204291677163e-03
1.435585858585858716e+02 8.321644470087234224e-05 8.320497425113560180e-05 1.753878360942736150e-03 1.753746569590253039e-03
1.453756565656565840e+02 1.138552938761321965e-04 1.138456118911474157e-04 1.792431726393255370e-03 1.792309722068513881e-03
1.471927272727272964e+02 1.584780815850400843e-04 1.584692904627196895e-04 1.835215660078582355e-03 1.835103475105993431e-03
1.490097979797979804e+02 2.273863536256089872e-04 2.273773171999597274e-04 1.884636010078906323e-03 1.884533481527528222e-03
1.508268686868687212e+02 3.201953862911338525e-04 3.201850754782174379e-04 1.946099691758549927e-03 1.946006600378893643e-03
1.526439393939394051e+02 4.709927685841587661e-04 4.709794882985500366e-04 2.030848221955334782e-03 2.030763987785300269e-03
1.544610101010101175e+02 6.769689762293826111e-04 6.769513924332495967e-04 2.148914878438479108e-03 2.148838947563994420e-03
1.562780808080808299e+02 9.881855243756203309e-04 9.881616842559880123e-04 2.329239530351561154e-03 2.329171036648729730e-03
1.580951515151515423e+02 1.463066971639395740e-03 1.463034325357430009e-03 2.617589903604544081e-03 2.617527659647129589e-03
1.599122222222222263e+02 2.138564676348640638e-03 2.138520821278561742e-03 3.055233064111704741e-03 3.055175856927844040e-03
1.617292929292929671e+02 3.206109971294459314e-03 3.206050817770785769e-03 3.789588428129102900e-03 3.789534296029570433e-03
1.635463636363636510e+02 4.898359779239835551e-03 4.898280956325882715e-03 5.027887449238937698e-03 5.027834501767849615e-03
1.653634343434343634e+02 7.502610566873403955e-03 7.502506942940231037e-03 7.043301153067876158e-03 7.043247180057925043e-03
1.671805050505050758e+02 1.158537915589968534e-02 1.158524381018913828e-02 1.035781133847537769e-02 1.035775341558531869e-02
1.689975757575757882e+02 1.813984209562985103e-02 1.813966647576787175e-02 1.590018976187775393e-02 1.590012476860584376e-02
1.708146464646464722e+02 2.894590788491833988e-02 2.894567387133912054e-02 2.535795047951994868e-02 2.535786873238995293e-02
1.726317171717172130e+02 4.603269335203190316e-02 4.603239225633159321e-02 4.073566901913629190e-02 4.073556958498095876e-02
1.744487878787878969e+02 7.172171750316108652e-02 7.172134034417237958e-02 6.436015244779089151e-02 6.436003424219416402e-02
1.762658585858586093e+02 1.047739898318875984e-01 1.047735229638361854e-01 9.523555678123507562e-02 9.523540869804517084e-02
1.780829292929293217e+02 1.372022105504286105e-01 1.372016842655078006e-01 1.258391076476659820e-01 1.258389487471452961e-01
1.799000000000000057e+02 1.529417645138611281e-01 1.529411846358005034e-01 1.407708656332401775e-01 1.407706758797992175e-01
